demandID,SourceID,DestinationID,MinDelay,MaxDelay,Bandwidth,Ishotstandby,DelayDifference,DisjointType,WorkOptCostRangeType,MinCostDelay,MinDelayDelay
16,301,2026,82.2,83.6,10,0,0,-1,29832,3,85,71
19,292,2026,82.2,83.6,10,0,0,-1,29832,3,85,71
5,1047,2016,74.4,75.2,10,0,0,-1,35498,3,77,68
18,1348,2002,82.6,83.3,10,0,0,-1,23166,3,84,77
22,1413,1997,150.8,151.9,10,0,0,-1,58996,3,153,142
12,156,2003,84.6,85.3,10,0,0,-1,24166,3,86,79
6,1551,1995,119.2,120.6,10,0,0,-1,29832,3,122,108
7,1728,1996,123.2,124.6,10,0,0,-1,43164,3,126,112
10,1128,2037,79.6,80.3,10,0,0,-1,28832,5,74,74
63,1891,2022,129.4,135.8,10,0,0,-1,15500,5,43,32
14,1243,2037,120.6,121.8,10,0,0,-1,42164,5,115,111
128,1687,2063,166.1,174.7,10,0,0,-1,28332,5,50,43
4,1577,1999,75.8,76.9,10,0,0,-1,23166,5,74,67
9,20,2032,82.8,83.9,10,0,0,-1,23000,3,85,74
23,91,2007,130,131,10,0,0,-1,53830,3,132,122
17,1421,2049,99.8,104.4,10,0,0,-1,26166,3,109,63
8,5,2051,103,104,10,0,0,-1,43164,3,109,95
125,1000,2056,124.4,130.8,10,0,0,-1,27832,5,51,32
132,237,2060,142.9,150.3,10,0,0,-1,20666,5,43,37
15,1056,2015,42.6,43.8,10,0,0,-1,22166,3,45,33
107,27,2015,143.5,150.5,10,0,0,-1,15000,5,49,35
79,1056,2015,134.1,140.7,10,0,0,-1,22666,5,45,33
21,80,2039,73.2,74.6,10,0,0,-1,27166,3,76,62
20,1565,1992,77.2,78.1,10,0,0,-1,31832,3,79,70
35,1194,2018,148.9,156.3,10,0,0,-1,21666,5,49,37
25,1186,2031,124.4,126.2,10,0,0,-1,53496,5,120,110
74,666,2007,215.8,226.6,10,0,0,-1,35332,5,70,54
1,450,868,149.6,151.3,10,0,0,-1,65828,3,153,136
98,45,2023,191,201,10,0,0,-1,24166,5,56,50
104,1235,2023,185.5,194.5,10,0,0,-1,38498,5,55,45
0,1418,1324,106.6,108.3,10,0,0,-1,72494,3,110,93
119,1009,2019,171.1,179.7,10,0,0,-1,25166,5,55,43
137,521,2058,201.7,211.9,10,0,0,-1,26666,5,64,51
2,1482,1993,95.2,96.1,10,0,0,-1,36832,3,97,88
30,310,966,173.1,181.7,10,0,0,-1,32832,5,57,43
3,1295,2017,109.6,110.8,10,0,0,-1,47164,5,108,100
103,280,1994,178.7,186.9,10,0,0,-1,18000,5,68,41
90,915,1996,202.7,212.9,10,0,0,-1,26666,5,65,51
44,184,2013,187.2,196.4,10,0,0,-1,28666,5,63,46
108,498,2042,206.7,216.9,10,0,0,-1,28666,5,69,51
26,1261,2030,161.6,162.8,10,0,0,-1,94826,5,152,152
94,1225,2006,192.4,200.8,10,0,0,-1,23500,5,61,42
82,1316,2021,219.9,231.3,10,0,0,-1,24500,5,66,57
33,1777,2023,207.1,217.7,10,0,0,-1,28166,5,64,53
13,1251,2041,100.6,101.8,10,0,0,-1,28166,3,107,91
46,1202,2014,193.3,203.1,10,0,0,-1,26666,5,61,49
24,1884,2037,129.6,131.8,10,0,0,-1,60662,3,134,112
87,26,2041,191.6,201.2,10,0,0,-1,20500,5,80,48
88,836,1996,226.2,237.4,10,0,0,-1,35332,5,75,56
112,890,2002,206.4,216.8,10,0,0,-1,36832,5,66,52
50,683,2013,218.1,228.7,10,0,0,-1,33666,5,75,53
29,1813,883,207.4,217.8,10,0,0,-1,31166,5,67,52
47,1167,1989,164.4,172.8,10,0,0,-1,22000,5,51,42
106,808,2023,183.2,192.4,10,0,0,-1,26666,5,48,46
38,1578,2027,254.9,268.3,10,0,0,-1,39832,5,74,67
136,1760,2066,207.8,218.6,10,0,0,-1,30166,5,62,54
126,300,2057,190.2,199.4,10,0,0,-1,27666,5,66,46
73,1212,2027,219.2,230.4,10,0,0,-1,36832,5,68,56
92,1226,2013,183.5,192.5,10,0,0,-1,23000,5,62,45
32,1418,1324,361.1,379.7,10,0,0,-1,77162,5,110,93
114,296,2020,209.5,220.5,10,0,0,-1,36832,5,61,55
36,91,1987,284.5,299.5,10,0,0,-1,62830,5,75,75
124,1002,1994,185.5,194.5,10,0,0,-1,47164,5,58,45
80,1000,2032,202,212,10,0,0,-1,39332,5,67,50
105,1842,2017,214.8,225.6,10,0,0,-1,37832,5,69,54
97,300,2034,210.1,220.7,10,0,0,-1,31166,5,67,53
127,658,2059,238.3,250.1,10,0,0,-1,32166,5,59,59
48,365,1998,236,248,10,0,0,-1,24000,5,74,60
11,1273,2014,99.2,101.1,10,0,0,-1,50496,3,112,84
52,947,2017,269.7,283.9,10,0,0,-1,46498,5,71,71
110,1000,2001,198.9,208.3,10,0,0,-1,37332,5,72,47
134,831,2064,240.7,252.9,10,0,0,-1,36332,5,61,61
34,371,1993,285.6,299.2,10,0,0,-1,66996,5,102,68
43,55,2005,249.7,261.9,10,0,0,-1,47998,5,85,61
58,326,2018,236.7,248.9,10,0,0,-1,38332,5,80,61
133,1520,2057,234.7,246.9,10,0,0,-1,32166,5,70,61
60,1161,1994,202,212,10,0,0,-1,30166,5,61,50
120,941,1996,259.5,272.5,10,0,0,-1,39332,5,84,65
84,180,1994,237.9,249.3,10,0,0,-1,37332,5,84,57
56,1300,2043,220.9,232.3,10,0,0,-1,25500,5,67,57
91,1085,2005,218.8,229.6,10,0,0,-1,41332,5,73,54
130,1027,2055,237.7,249.9,10,0,0,-1,39332,5,73,61
96,915,2021,240.4,252.8,10,0,0,-1,32166,5,73,62
31,1877,862,216.1,226.7,10,0,0,-1,36166,5,73,53
53,350,2002,227.2,238.4,10,0,0,-1,29000,5,76,56
109,801,2002,289.1,303.7,10,0,0,-1,53664,5,92,73
27,216,2067,121,122,10,0,0,-1,67328,3,123,113
77,188,1990,287.5,302.5,10,0,0,-1,59330,5,85,75
135,1652,2055,263.9,277.3,10,0,0,-1,41332,5,83,67
59,988,2028,244.7,256.9,10,0,0,-1,34666,5,80,61
72,1597,2025,251.5,264.5,10,0,0,-1,35666,5,76,65
40,1047,2016,259.6,273.2,10,0,0,-1,46998,5,77,68
116,2,2029,239.1,251.7,10,0,0,-1,33666,5,69,63
113,838,1994,303.9,319.3,10,0,0,-1,53664,5,96,77
122,1687,2044,262.3,276.1,10,0,0,-1,41832,5,76,69
118,1385,2019,282.7,296.9,10,0,0,-1,36666,5,91,71
101,425,2044,278.4,292.8,10,0,0,-1,43332,5,84,72
85,1421,2049,279.1,291.7,10,0,0,-1,37666,5,109,63
39,1577,1999,258.9,272.3,10,0,0,-1,35666,5,74,67
102,13,2005,251.8,264.6,10,0,0,-1,37166,5,79,64
70,825,1995,302.6,318.2,10,0,0,-1,49498,5,92,78
54,1089,2048,256.8,269.6,10,0,0,-1,36166,5,78,64
76,1040,2001,243.1,255.7,10,0,0,-1,35666,5,81,63
131,1809,2060,258.6,272.2,10,0,0,-1,46998,5,75,68
71,439,2039,267,281,10,0,0,-1,37166,5,78,70
99,1565,1992,268,282,10,0,0,-1,42332,5,79,70
121,960,2020,264.9,278.3,10,0,0,-1,35166,5,82,67
111,1384,2011,262.5,275.5,10,0,0,-1,29000,5,85,65
49,1484,2028,317.8,334.6,10,0,0,-1,51998,5,91,84
81,963,2002,307.6,323.2,10,0,0,-1,49998,5,97,78
68,1128,2037,280.8,295.6,10,0,0,-1,42832,5,74,74
67,1533,2018,289.8,304.6,10,0,0,-1,56164,5,90,74
115,436,2020,275,289,10,0,0,-1,37166,5,86,70
100,80,2039,243.4,255.8,10,0,0,-1,38666,5,76,62
83,301,2026,276.7,290.9,10,0,0,-1,44332,5,85,71
95,292,2026,276.7,290.9,10,0,0,-1,44332,5,85,71
66,1396,1989,280.8,295.6,10,0,0,-1,38666,5,81,74
129,1430,2061,305,319,10,0,0,-1,50998,5,116,70
123,9,2042,302.6,318.2,10,0,0,-1,55664,5,98,78
45,395,2051,295.6,311.2,10,0,0,-1,44832,5,96,78
69,902,2039,259.6,273.2,10,0,0,-1,38166,5,76,68
78,33,2037,284.1,298.7,10,0,0,-1,48998,5,87,73
37,1755,2038,382.3,402.1,10,0,0,-1,77996,5,99,99
61,1614,2051,275.4,289.8,10,0,0,-1,38166,5,81,72
89,1580,2015,310.4,326.8,10,0,0,-1,56664,5,89,82
51,1623,1998,273.4,287.8,10,0,0,-1,32500,5,79,72
65,1816,2006,288.3,302.1,10,0,0,-1,51998,5,86,69
93,367,2050,300.6,316.2,10,0,0,-1,44832,5,88,78
117,903,2028,277.1,291.7,10,0,0,-1,44832,5,80,73
75,156,2003,299.3,315.1,10,0,0,-1,38166,5,86,79
57,1817,1989,288.2,303.4,10,0,0,-1,57664,5,83,76
62,426,2025,291.8,306.6,10,0,0,-1,39666,5,93,74
86,1348,2002,291.9,307.3,10,0,0,-1,40166,5,84,77
64,227,2010,313.1,329.7,10,0,0,-1,59664,5,89,83
41,1074,2037,299.3,315.1,10,0,0,-1,45332,5,86,79
138,1749,2066,273.7,287.9,10,0,0,-1,47332,5,82,71
42,1114,2049,294.9,310.3,10,0,0,-1,39166,5,81,77
28,756,10,286.5,301.5,10,0,0,-1,52498,5,84,75
55,606,1991,293.8,308.6,10,0,0,-1,34000,5,74,74
