demandID,SourceID,DestinationID,MinDelay,MaxDelay,Bandwidth,Ishotstandby,DelayDifference,DisjointType,WorkOptCostRangeType,MinCostDelay,MinDelayDelay
20,46,18,7,8,0,1,1,2,10,4,7.19,6.995
9,18,53,6,12,0,1,6,2,10,2,7.6,6.435
7,18,31,9,12,0,1,3,2,12,4,11.425,8.195
21,46,22,5,18,0,1,13,2,12,4,5.445,4.965
11,22,46,5,18,0,1,13,2,12,4,5.445,4.965
8,18,33,4,12,0,1,8,2,5,2,5.08,4.27
4,18,9,6,14,0,1,8,2,9,2,7.55,6.74
16,33,18,4,12,0,1,8,2,5,2,5.08,4.27
15,31,18,9,12,0,1,3,2,12,3,12.34,8.195
3,18,6,7,13,0,1,6,2,9,2,8.74,7.685
1,9,18,6,14,0,1,8,2,9,2,7.55,6.74
22,53,18,6,13,0,1,7,2,10,2,6.435,6.435
0,6,18,7,13,0,1,6,2,9,2,8.74,7.685
19,44,27,7,9,0,1,2,2,14,5,6.625,6.34
13,27,44,7,9,0,1,2,2,14,5,6.625,6.34
10,22,18,12,19,0,1,7,2,18,5,6.215,6.215
2,10,18,6,15,0,1,9,2,10,2,7.66,6.7
5,18,10,6,15,0,1,9,2,10,2,6.895,6.7
6,18,22,12,19,0,1,7,2,18,5,6.215,6.215
14,29,43,8,12,0,1,4,2,16,5,5.945,5.945
18,43,29,8,12,0,1,4,2,16,5,5.945,5.945
12,27,43,12,21,0,1,9,2,23,4,14.615,11.555
17,43,27,12,21,0,1,9,2,23,4,14.615,11.555
