demandID,SourceID,DestinationID,MinDelay,MaxDelay,Bandwidth,Ishotstandby,DelayDifference,DisjointType,WorkOptCostRangeType,MinCostDelay,MinDelayDelay
37,290,464,155.6,163.2,10,0,0,-1,17000,5,53,38
77,432,464,200,210,10,0,0,-1,23166,5,65,50
94,303,464,174.1,182.7,10,0,0,-1,21500,5,58,43
83,202,479,185.6,195.2,10,0,0,-1,27166,5,62,48
8,389,478,110.8,112.4,10,0,0,-1,63328,5,98,98
85,126,467,162.4,170.8,10,0,0,-1,18000,5,42,42
81,237,466,155.6,163.2,10,0,0,-1,22166,5,53,38
2,296,476,126,132.5,10,0,0,-1,51996,3,139,74
78,61,478,215.8,226.6,10,0,0,-1,30832,5,54,54
7,211,463,120.2,123.1,10,0,0,-1,60162,3,133,97
86,135,467,192,202,10,0,0,-1,25666,5,50,50
88,325,464,236.3,248.1,10,0,0,-1,36332,5,77,59
56,372,478,223.2,234.4,10,0,0,-1,21000,5,72,56
71,266,478,241.7,253.9,10,0,0,-1,22000,5,77,61
111,429,475,218.9,230.3,10,0,0,-1,24166,5,65,57
116,406,474,159.9,167.3,10,0,0,-1,23666,5,37,37
112,254,462,204.1,214.7,10,0,0,-1,22500,5,53,53
102,178,462,200.4,210.8,10,0,0,-1,29166,5,52,52
79,422,465,235.4,247.8,10,0,0,-1,27166,5,68,62
76,232,474,152.9,160.3,10,0,0,-1,18000,5,53,37
19,258,474,196,206,10,0,0,-1,23500,5,61,50
13,238,457,173.4,181.8,10,0,0,-1,33332,5,60,42
61,179,462,230,242,10,0,0,-1,37832,5,60,60
0,238,457,56.4,58.2,10,0,0,-1,31498,3,60,42
119,180,480,274.4,288.8,10,0,0,-1,47498,5,72,72
110,322,474,204.3,214.1,10,0,0,-1,26000,5,60,49
60,309,471,260.5,273.5,10,0,0,-1,47498,5,85,65
31,179,475,237.4,249.8,10,0,0,-1,38832,5,65,62
70,428,464,244.7,256.9,10,0,0,-1,33832,5,80,61
5,309,471,81,83,10,0,0,-1,48496,3,85,65
12,314,447,205.8,216.6,10,0,0,-1,30166,5,60,54
75,195,479,285.5,300.5,10,0,0,-1,58164,5,89,75
113,53,466,249.5,262.5,10,0,0,-1,54664,5,74,65
62,309,479,275.3,289.1,10,0,0,-1,44498,5,89,69
47,245,467,262.3,276.1,10,0,0,-1,53164,5,69,69
21,128,474,236.7,248.9,10,0,0,-1,33666,5,61,61
40,78,466,256.9,270.3,10,0,0,-1,42332,5,76,67
23,365,474,196.9,206.3,10,0,0,-1,32332,5,47,47
50,335,464,240,252,10,0,0,-1,33666,5,78,60
74,147,466,286.5,301.5,10,0,0,-1,51498,5,84,75
99,31,467,247.5,260.5,10,0,0,-1,46998,5,65,65
39,129,476,278.1,292.7,10,0,0,-1,44332,5,81,73
84,93,479,310.7,326.9,10,0,0,-1,53498,5,92,81
87,324,474,241.3,253.1,10,0,0,-1,36666,5,70,59
28,187,462,278.1,292.7,10,0,0,-1,54498,5,73,73
14,168,455,252.5,265.5,10,0,0,-1,43332,5,65,65
3,309,467,91,93,10,0,0,-1,49496,3,95,75
43,174,463,300.3,316.1,10,0,0,-1,48832,5,79,79
104,248,478,334.2,351.4,10,0,0,-1,78162,5,86,86
64,195,463,304,320,10,0,0,-1,62164,5,80,80
54,425,474,252.4,264.8,10,0,0,-1,34166,5,85,62
91,411,464,251.1,263.7,10,0,0,-1,49998,5,81,63
41,87,467,263.3,277.1,10,0,0,-1,46832,5,70,69
80,45,467,288.2,303.4,10,0,0,-1,51998,5,76,76
4,295,473,109.6,113.8,10,0,0,-1,61662,3,130,76
18,208,463,299.6,315.2,10,0,0,-1,60164,5,96,78
63,131,478,330.5,347.5,10,0,0,-1,62664,5,85,85
107,309,463,293.8,308.6,10,0,0,-1,49498,5,94,74
51,339,478,312,328,10,0,0,-1,46332,5,80,80
66,208,462,303.3,319.1,10,0,0,-1,61164,5,90,79
38,275,464,291.8,306.6,10,0,0,-1,38666,5,92,74
49,309,467,297.5,312.5,10,0,0,-1,51498,5,95,75
1,363,450,83,84.5,10,0,0,-1,35664,3,86,71
72,197,465,293.5,308.5,10,0,0,-1,74496,5,91,75
101,302,474,256.1,268.7,10,0,0,-1,36500,5,63,63
6,309,479,85,87,10,0,0,-1,50496,3,89,69
109,387,478,323.1,339.7,10,0,0,-1,68330,5,83,83
57,295,473,323.2,338.4,10,0,0,-1,64664,5,130,76
27,193,474,300.2,315.4,10,0,0,-1,60332,5,87,76
35,402,478,315.7,331.9,10,0,0,-1,66330,5,81,81
105,24,476,352.1,370.7,10,0,0,-1,68498,5,101,93
16,263,458,243.8,256.6,10,0,0,-1,39666,5,71,64
59,328,465,327.9,345.3,10,0,0,-1,73830,5,93,87
36,318,478,326.8,343.6,10,0,0,-1,60164,5,84,84
42,5,471,292.8,307.6,10,0,0,-1,67998,5,93,74
45,85,476,325.8,342.6,10,0,0,-1,63164,5,99,84
26,296,476,338.8,353.6,10,0,0,-1,67830,5,139,74
46,213,462,340.3,358.1,10,0,0,-1,74664,5,100,89
117,278,474,300.5,315.5,10,0,0,-1,49166,5,98,75
82,412,474,326.4,342.8,10,0,0,-1,72164,5,93,82
121,293,476,352.1,370.7,10,0,0,-1,60332,5,98,93
52,399,461,440.9,464.3,10,0,0,-1,115326,5,125,117
100,294,476,358,376,10,0,0,-1,66998,5,112,90
89,342,471,376.9,396.3,10,0,0,-1,103994,5,115,97
118,213,469,362.5,381.5,10,0,0,-1,73164,5,106,95
108,195,469,329.9,347.3,10,0,0,-1,76664,5,87,87
67,439,478,408.2,429.4,10,0,0,-1,103328,5,106,106
17,363,450,277.7,291.9,10,0,0,-1,42332,5,86,71
68,119,466,342,360,10,0,0,-1,82662,5,99,90
10,257,460,284.4,298.8,10,0,0,-1,55498,5,90,72
106,108,475,398.1,418.7,10,0,0,-1,85830,5,123,103
55,57,474,358.8,377.6,10,0,0,-1,99828,5,105,94
53,32,476,370.6,390.2,10,0,0,-1,78164,5,103,98
30,270,464,384.3,404.1,10,0,0,-1,70498,5,117,99
65,211,463,387.9,407.3,10,0,0,-1,90996,5,133,97
69,389,478,378.6,398.2,10,0,0,-1,93162,5,98,98
44,353,466,410.3,432.1,10,0,0,-1,93328,5,116,109
24,437,474,378.2,397.4,10,0,0,-1,108826,5,96,96
33,21,476,403.9,425.3,10,0,0,-1,91496,5,112,107
97,223,471,344,362,10,0,0,-1,95162,5,101,90
25,329,478,419.3,441.1,10,0,0,-1,97162,5,109,109
103,195,473,341,359,10,0,0,-1,93494,5,90,90
93,343,469,441.6,463.2,10,0,0,-1,107160,5,150,108
98,14,480,463.1,487.7,10,0,0,-1,129158,5,123,123
15,274,448,416.7,438.9,10,0,0,-1,70832,5,117,111
11,22,444,395.1,415.7,10,0,0,-1,96660,5,117,103
9,8,426,375.5,394.5,10,0,0,-1,83164,5,95,95
32,395,464,388.3,408.1,10,0,0,-1,86662,5,121,99
29,352,478,423.3,445.1,10,0,0,-1,90662,5,113,109
48,352,478,423.3,445.1,10,0,0,-1,90662,5,113,109
34,172,467,401.2,422.4,10,0,0,-1,99494,5,107,106
120,440,464,414.6,436.2,10,0,0,-1,130824,5,123,108
92,342,473,447.2,470.4,10,0,0,-1,119660,5,146,116
73,226,473,391.8,412.6,10,0,0,-1,117660,5,111,104
115,272,465,448.3,472.1,10,0,0,-1,108494,5,127,119
114,224,473,407.7,427.9,10,0,0,-1,127658,5,135,101
95,225,468,417.6,439.2,10,0,0,-1,115492,5,130,108
20,71,472,451,475,10,0,0,-1,136990,5,124,120
96,284,464,481.2,506.4,10,0,0,-1,130492,5,141,126
22,14,471,507.5,534.5,10,0,0,-1,186820,5,135,135
58,14,471,507.5,534.5,10,0,0,-1,186820,5,135,135
90,354,476,512.5,539.5,10,0,0,-1,146990,5,148,135
