demandID,SourceID,DestinationID,MinDelay,MaxDelay,Bandwidth,Ishotstandby,DelayDifference,DisjointType,WorkOptCostRangeType,MinCostDelay,MinDelayDelay
6,273,469,144.6,145.8,10,1,0,0,55996,3,147,135
117,216,456,236.7,248.9,10,1,0,0,32500,5,61,61
182,104,472,202.7,212.9,10,1,0,0,20000,5,65,51
113,316,470,210.5,221.5,10,1,0,0,21000,5,62,55
48,60,461,196,206,10,1,0,0,25500,5,70,50
83,262,456,281.1,295.7,10,1,0,0,56998,5,84,73
145,4,458,258.9,272.3,10,1,0,0,43498,5,78,67
62,301,463,203,213,10,1,0,0,39998,5,60,50
44,65,458,258.9,272.3,10,1,0,0,45998,5,78,67
76,104,475,221.2,232.4,10,1,0,0,25000,5,70,56
166,169,474,224.9,236.3,10,1,0,0,25000,5,71,57
169,255,456,321.8,338.6,10,1,0,0,62998,5,95,84
133,106,468,252,264,10,1,0,0,32666,5,90,60
119,242,459,244.1,256.7,10,1,0,0,38166,5,88,63
170,242,459,244.1,256.7,10,1,0,0,38166,5,88,63
66,37,468,257.2,270.4,10,1,0,0,28500,5,79,66
74,58,459,244.1,256.7,10,1,0,0,44832,5,88,63
157,438,470,262.3,276.1,10,1,0,0,34666,5,76,69
63,108,462,284.5,299.5,10,1,0,0,45998,5,82,75
185,172,466,243.3,255.1,10,1,0,0,40832,5,84,59
81,89,466,247,259,10,1,0,0,47498,5,85,60
167,88,466,250.7,262.9,10,1,0,0,54164,5,86,61
85,340,470,268.7,282.9,10,1,0,0,33166,5,77,71
165,4,471,296.4,310.8,10,1,0,0,49998,5,102,72
94,438,471,267.9,281.3,10,1,0,0,34666,5,68,67
132,406,458,280.7,294.9,10,1,0,0,45998,5,89,71
98,159,471,270.5,283.5,10,1,0,0,39166,5,65,65
84,181,464,255.2,268.4,10,1,0,0,28500,5,77,66
33,181,475,229.3,241.1,10,1,0,0,25500,5,70,59
31,173,458,286.5,301.5,10,1,0,0,52498,5,98,75
75,191,469,285.1,299.7,10,1,0,0,43332,5,88,73
96,216,475,281.1,295.7,10,1,0,0,35500,5,73,73
35,86,460,268.3,282.1,10,1,0,0,59664,5,93,69
142,123,458,299.6,315.2,10,1,0,0,57498,5,78,78
108,113,458,308.7,324.9,10,1,0,0,55998,5,104,81
71,6,457,344,362,10,1,0,0,65330,5,101,90
93,160,470,295.6,311.2,10,1,0,0,49332,5,78,78
70,31,457,344,362,10,1,0,0,67830,5,101,90
178,5,474,332.9,350.3,10,1,0,0,63164,5,98,87
134,107,466,280.3,294.1,10,1,0,0,44832,5,94,69
184,205,469,274,288,10,1,0,0,32500,5,81,70
92,136,460,278.7,292.9,10,1,0,0,47998,5,98,71
87,256,458,347.7,365.9,10,1,0,0,66664,5,102,91
109,59,463,282.7,296.9,10,1,0,0,45666,5,82,71
88,183,475,314.4,330.8,10,1,0,0,52332,5,93,82
82,339,471,333.5,350.5,10,1,0,0,48332,5,85,85
104,87,472,295.2,310.4,10,1,0,0,64330,5,90,76
136,214,471,301.5,316.5,10,1,0,0,41166,5,99,75
152,163,470,314.1,330.7,10,1,0,0,45666,5,101,83
158,122,474,307,323,10,1,0,0,52332,5,80,80
124,13,458,321.8,338.6,10,1,0,0,48166,5,95,84
41,4,463,349.3,367.1,10,1,0,0,62498,5,98,89
59,45,467,338.8,355.6,10,1,0,0,53332,5,118,84
164,67,462,328.5,345.5,10,1,0,0,62664,5,99,85
51,343,471,286.4,300.8,10,1,0,0,40166,5,73,72
89,188,466,328.9,346.3,10,1,0,0,71830,5,94,87
150,381,470,357.5,376.5,10,1,0,0,67164,5,101,95
24,109,475,287.8,302.6,10,1,0,0,56498,5,88,74
106,163,475,318.1,334.7,10,1,0,0,50666,5,94,83
54,83,463,327.1,343.7,10,1,0,0,53166,5,94,83
45,184,475,355.1,373.7,10,1,0,0,67498,5,104,93
125,106,464,317.4,333.8,10,1,0,0,50166,5,96,82
28,10,456,421.7,443.9,10,1,0,0,111994,5,122,111
12,28,454,307,323,10,1,0,0,51332,5,91,80
79,89,464,317.4,333.8,10,1,0,0,63498,5,96,82
78,70,465,317,333,10,1,0,0,48166,5,101,80
116,87,473,310,326,10,1,0,0,67830,5,94,80
39,46,471,353.3,371.1,10,1,0,0,48666,5,113,89
72,0,474,334.2,351.4,10,1,0,0,47000,5,97,86
143,186,460,367.5,386.5,10,1,0,0,80830,5,122,95
100,53,470,276.7,290.9,10,1,0,0,44332,5,89,71
67,63,461,188.6,198.2,10,1,0,0,29666,5,68,48
58,101,471,357,375,10,1,0,0,63998,5,114,90
122,0,469,346.5,363.5,10,1,0,0,45000,5,108,85
86,422,471,371.5,390.5,10,1,0,0,72164,5,96,95
110,432,469,347.7,365.9,10,1,0,0,76830,5,98,91
22,122,455,366.2,385.4,10,1,0,0,62332,5,96,96
26,127,467,392.8,413.6,10,1,0,0,80830,5,112,104
149,45,469,392.4,412.8,10,1,0,0,63832,5,113,102
153,139,471,375.5,394.5,10,1,0,0,60332,5,100,95
102,422,469,381,401,10,1,0,0,77164,5,107,100
73,348,471,355.7,373.9,10,1,0,0,64998,5,110,91
173,130,469,368.7,386.9,10,1,0,0,62832,5,114,91
14,307,444,334,350,10,1,0,0,56832,5,112,80
155,108,473,354,372,10,1,0,0,61998,5,111,90
57,0,473,334.2,351.4,10,1,0,0,47000,5,97,86
49,115,472,354.4,372.8,10,1,0,0,70664,5,106,92
181,199,473,396.8,417.6,10,1,0,0,77830,5,127,104
43,142,464,390.4,410.8,10,1,0,0,64332,5,110,102
21,157,453,336.6,354.2,10,1,0,0,46000,5,99,88
40,8,459,448.8,471.6,10,1,0,0,105662,5,141,114
64,44,471,434.7,456.9,10,1,0,0,74498,5,135,111
140,384,469,394.8,415.6,10,1,0,0,83830,5,110,104
126,67,475,366.6,384.2,10,1,0,0,76664,5,124,88
17,243,451,377.3,397.1,10,1,0,0,66832,5,110,99
13,200,450,421.7,443.9,10,1,0,0,88996,5,122,111
19,253,451,384.7,404.9,10,1,0,0,60166,5,112,101
29,174,464,365.5,384.5,10,1,0,0,77664,5,109,95
115,42,463,415.9,437.3,10,1,0,0,83330,5,118,107
154,224,456,477.2,502.4,10,1,0,0,136992,5,142,126
129,34,458,403.2,424.4,10,1,0,0,93328,5,117,106
112,259,470,399.2,420.4,10,1,0,0,88162,5,124,106
141,99,474,416.7,438.9,10,1,0,0,87830,5,117,111
15,158,452,340.8,357.6,10,1,0,0,48500,5,103,84
159,219,470,399.2,420.4,10,1,0,0,91828,5,113,106
130,337,471,400.1,420.7,10,1,0,0,75164,5,103,103
146,98,470,395.5,416.5,10,1,0,0,82330,5,105,105
121,140,469,392.4,412.8,10,1,0,0,71664,5,117,102
46,321,470,402.9,424.3,10,1,0,0,87330,5,114,107
37,259,461,410.6,432.2,10,1,0,0,98662,5,128,108
118,199,465,404.2,425.4,10,1,0,0,82330,5,118,106
30,199,465,404.2,425.4,10,1,0,0,82330,5,118,106
16,366,444,346.2,363.4,10,1,0,0,48500,5,114,86
65,175,470,376.2,395.4,10,1,0,0,81830,5,117,96
25,141,469,440.5,463.5,10,1,0,0,77498,5,130,115
144,285,471,419.6,441.2,10,1,0,0,85830,5,128,108
162,286,466,377.5,396.5,10,1,0,0,79996,5,121,95
123,10,458,443.9,467.3,10,1,0,0,111660,5,128,117
18,28,442,276.3,290.1,10,1,0,0,56832,5,90,69
101,346,471,417.9,439.3,10,1,0,0,84664,5,110,107
147,129,465,402.1,422.7,10,1,0,0,98328,5,124,103
163,18,464,423.7,445.9,10,1,0,0,95162,5,124,111
131,127,466,445.7,467.9,10,1,0,0,111660,5,146,111
32,71,467,279.6,293.2,10,1,0,0,37500,5,102,68
111,77,470,438.5,461.5,10,1,0,0,108994,5,128,115
171,33,472,474.8,499.6,10,1,0,0,113494,5,135,124
10,74,449,439.5,462.5,10,1,0,0,99162,5,115,115
20,386,447,427.8,450.6,10,1,0,0,99328,5,120,114
55,9,469,496.4,520.8,10,1,0,0,125826,5,158,122
175,224,466,482.1,506.7,10,1,0,0,131492,5,150,123
68,127,470,497.2,522.4,10,1,0,0,129326,5,157,126
161,20,470,474.5,499.5,10,1,0,0,124326,5,137,125
9,182,385,510.5,537.5,10,1,0,0,133326,5,146,135
138,228,473,356.4,374.8,10,1,0,0,60332,5,103,92
151,131,471,342.1,358.7,10,1,0,0,53666,5,113,83
56,213,468,283.1,297.7,10,1,0,0,46832,5,86,73
11,120,449,335.9,353.3,10,1,0,0,48500,5,87,87
