demandID,SourceID,DestinationID,MinDelay,MaxDelay,Bandwidth,Ishotstandby,DelayDifference,DisjointType,WorkOptCostRangeType,MinCostDelay,MinDelayDelay
80,328,465,209.2,218.4,10,0,0,-1,32332,5,65,46
79,45,463,222.2,233.4,10,0,0,-1,29000,5,71,56
39,160,463,251.8,264.6,10,0,0,-1,35666,5,79,64
35,420,465,212.4,222.8,10,0,0,-1,40498,5,52,52
15,179,464,196.3,206.1,10,0,0,-1,21500,5,64,49
14,204,464,238.7,250.9,10,0,0,-1,33332,5,74,61
42,179,473,203.7,213.9,10,0,0,-1,23000,5,66,51
73,179,473,203.7,213.9,10,0,0,-1,23000,5,66,51
110,118,464,218.1,228.7,10,0,0,-1,34332,5,90,53
21,431,468,209.5,220.5,10,0,0,-1,27166,5,55,55
127,203,478,221.9,233.3,10,0,0,-1,27666,5,68,57
50,2,464,207.4,217.8,10,0,0,-1,29166,5,67,52
118,446,465,231.7,243.9,10,0,0,-1,30166,5,67,61
102,292,467,207,217,10,0,0,-1,22000,5,72,50
36,394,468,185.6,195.2,10,0,0,-1,19500,5,56,48
122,75,466,209.5,220.5,10,0,0,-1,43998,5,71,55
84,446,465,231.7,243.9,10,0,0,-1,30166,5,67,61
95,141,477,226.9,238.3,10,0,0,-1,45498,5,73,57
66,279,464,222.2,233.4,10,0,0,-1,35832,5,71,56
99,251,468,191,201,10,0,0,-1,30666,5,56,50
132,328,469,222.5,233.5,10,0,0,-1,33332,5,74,55
44,143,474,216.2,227.4,10,0,0,-1,33166,5,61,56
19,76,477,205.8,216.6,10,0,0,-1,51164,5,60,54
1,187,468,135.6,136.8,10,0,0,-1,63828,3,138,126
62,257,465,231.7,243.9,10,0,0,-1,38332,5,67,61
31,36,467,218.5,229.5,10,0,0,-1,32166,5,70,55
2,187,466,123.6,124.8,10,0,0,-1,64828,3,136,114
60,260,477,250.2,263.4,10,0,0,-1,50664,5,72,66
34,428,477,184,192,10,0,0,-1,23166,5,76,40
98,3,465,231.7,243.9,10,0,0,-1,38332,5,82,61
82,145,466,220.6,232.2,10,0,0,-1,26500,5,64,58
25,424,477,170.4,178.8,10,0,0,-1,19500,5,57,42
40,13,466,220.6,232.2,10,0,0,-1,26000,5,64,58
116,24,478,236.7,248.9,10,0,0,-1,30666,5,72,61
112,367,468,236.7,248.9,10,0,0,-1,23500,5,66,61
24,169,466,228,240,10,0,0,-1,33166,5,66,60
134,191,465,250.2,263.4,10,0,0,-1,40832,5,72,66
90,194,465,224.3,236.1,10,0,0,-1,32332,5,65,59
13,100,466,224.3,236.1,10,0,0,-1,33166,5,65,59
88,383,477,197.7,207.9,10,0,0,-1,29666,5,60,51
103,190,476,295.4,309.8,10,0,0,-1,48998,5,101,72
0,328,476,90.8,93.9,10,0,0,-1,32998,3,97,66
37,417,478,290.9,306.3,10,0,0,-1,74828,5,83,77
96,2,470,229.6,241.2,10,0,0,-1,33166,5,73,58
45,339,465,256.8,269.6,10,0,0,-1,40832,5,84,64
29,229,468,239.1,251.7,10,0,0,-1,35166,5,69,63
107,380,468,251.5,264.5,10,0,0,-1,31666,5,70,65
105,340,465,286.4,300.8,10,0,0,-1,48998,5,92,72
128,355,463,337.3,355.1,10,0,0,-1,64498,5,89,89
58,135,471,266.6,280.2,10,0,0,-1,37166,5,83,68
63,235,465,246.5,259.5,10,0,0,-1,55664,5,86,65
133,379,465,276.1,290.7,10,0,0,-1,43832,5,79,73
120,216,463,348,366,10,0,0,-1,70664,5,105,90
135,2,468,280,294,10,0,0,-1,36166,5,85,70
51,170,465,253.9,267.3,10,0,0,-1,43332,5,73,67
46,48,463,325.8,342.6,10,0,0,-1,63998,5,99,84
3,310,478,83,84.5,10,0,0,-1,50162,3,86,71
123,300,465,267.9,281.3,10,0,0,-1,42332,5,67,67
48,284,466,283.7,297.9,10,0,0,-1,44832,5,102,71
114,199,465,265,279,10,0,0,-1,36666,5,76,70
129,59,468,246.5,259.5,10,0,0,-1,31000,5,71,65
87,401,465,257.4,269.8,10,0,0,-1,34166,5,70,62
59,58,474,264.3,278.1,10,0,0,-1,38166,5,74,69
61,139,463,351,369,10,0,0,-1,74830,5,108,90
100,284,470,277.7,291.9,10,0,0,-1,44832,5,105,71
75,370,466,309.4,325.8,10,0,0,-1,53998,5,98,82
56,440,466,339,357,10,0,0,-1,76496,5,106,90
32,204,465,259.5,272.5,10,0,0,-1,40832,5,84,65
109,365,466,300.3,316.1,10,0,0,-1,39166,5,87,79
71,135,468,317,333,10,0,0,-1,41166,5,95,80
26,204,465,259.5,272.5,10,0,0,-1,40832,5,84,65
94,310,478,277.7,291.9,10,0,0,-1,53998,5,86,71
121,224,466,313.1,329.7,10,0,0,-1,53998,5,99,83
78,157,466,279.8,294.6,10,0,0,-1,40666,5,80,74
9,14,461,288.5,303.5,10,0,0,-1,38666,5,86,75
81,309,478,292.5,307.5,10,0,0,-1,60664,5,90,75
52,286,470,322.1,338.7,10,0,0,-1,63164,5,98,83
4,89,465,110.2,113.1,10,0,0,-1,45330,3,116,87
113,309,465,290.1,304.7,10,0,0,-1,58164,5,73,73
30,314,465,285.5,300.5,10,0,0,-1,39166,5,83,75
89,123,465,279.8,294.6,10,0,0,-1,56498,5,95,74
136,196,470,274.4,288.8,10,0,0,-1,42332,5,99,72
64,385,477,297.6,313.2,10,0,0,-1,56498,5,87,78
49,158,466,287.2,302.4,10,0,0,-1,37000,5,92,76
86,335,473,266.3,280.1,10,0,0,-1,47498,5,80,69
74,428,475,247.1,259.7,10,0,0,-1,33166,5,77,63
8,143,455,292.2,307.4,10,0,0,-1,45166,5,76,76
43,57,474,316.1,332.7,10,0,0,-1,49832,5,88,83
11,230,458,292.5,307.5,10,0,0,-1,34500,5,90,75
69,314,468,299.5,314.5,10,0,0,-1,37666,5,97,75
38,227,468,331.6,349.2,10,0,0,-1,56998,5,94,88
108,148,477,330.5,347.5,10,0,0,-1,56498,5,101,85
47,160,470,307.3,323.1,10,0,0,-1,45666,5,94,79
20,177,466,342.7,360.9,10,0,0,-1,81496,5,97,91
55,57,466,324.2,341.4,10,0,0,-1,53832,5,92,86
17,328,476,275.2,288.4,10,0,0,-1,47332,5,97,66
125,10,466,324.2,341.4,10,0,0,-1,54332,5,102,86
126,270,474,317.1,333.7,10,0,0,-1,45666,5,89,83
124,89,465,350.9,368.3,10,0,0,-1,53332,5,116,87
85,428,474,262.2,275.4,10,0,0,-1,34666,5,80,66
101,188,477,368.9,388.3,10,0,0,-1,77330,5,107,97
70,188,477,368.9,388.3,10,0,0,-1,77330,5,107,97
16,384,476,285.8,300.6,10,0,0,-1,57832,5,86,74
53,124,465,346.4,364.8,10,0,0,-1,69164,5,113,92
54,238,465,357.5,376.5,10,0,0,-1,71664,5,116,95
92,196,472,305.3,321.1,10,0,0,-1,47332,5,92,79
119,295,465,389.1,409.7,10,0,0,-1,70998,5,111,103
27,295,465,389.1,409.7,10,0,0,-1,70998,5,111,103
68,187,466,433.8,456.6,10,0,0,-1,88496,5,136,114
65,416,473,363.8,382.6,10,0,0,-1,90662,5,110,94
91,167,468,353.8,372.6,10,0,0,-1,53666,5,100,94
72,182,468,387.3,407.1,10,0,0,-1,82330,5,114,99
7,403,447,315.1,331.7,10,0,0,-1,51832,5,91,83
23,211,463,418.3,440.1,10,0,0,-1,102328,5,124,109
115,387,477,367.9,387.3,10,0,0,-1,81330,5,106,97
6,350,84,361.8,380.6,10,0,0,-1,54666,5,108,94
83,360,478,452,476,10,0,0,-1,102328,5,128,120
104,28,474,414.9,436.3,10,0,0,-1,81330,5,126,107
10,326,451,324.6,340.2,10,0,0,-1,42000,5,114,78
22,310,476,341.3,359.1,10,0,0,-1,82830,5,101,89
67,427,470,321.1,337.7,10,0,0,-1,56332,5,97,83
137,406,466,444.6,468.2,10,0,0,-1,106660,5,126,118
130,362,465,449.8,472.6,10,0,0,-1,102994,5,134,114
97,357,475,429.8,452.6,10,0,0,-1,103494,5,114,114
93,30,475,424.1,446.7,10,0,0,-1,95662,5,113,113
41,298,476,375.9,395.3,10,0,0,-1,96494,5,114,97
33,298,476,375.9,395.3,10,0,0,-1,96494,5,114,97
18,187,468,478.2,503.4,10,0,0,-1,114160,5,138,126
131,264,468,475.9,501.3,10,0,0,-1,127492,5,133,127
28,363,470,437.2,460.4,10,0,0,-1,101828,5,135,116
111,216,468,453.9,477.3,10,0,0,-1,105328,5,138,117
12,360,464,537.7,565.9,10,0,0,-1,127826,5,149,141
117,213,464,488.9,514.3,10,0,0,-1,117660,5,161,127
57,31,468,472.2,497.4,10,0,0,-1,105328,5,132,126
77,29,478,437.2,460.4,10,0,0,-1,112326,5,124,116
106,152,470,463.1,487.7,10,0,0,-1,120826,5,131,123
76,360,469,534,562,10,0,0,-1,153156,5,148,140
5,176,53,593.9,625.3,10,0,0,-1,199152,5,170,157
