demandID,SourceID,DestinationID,MinDelay,MaxDelay,Bandwidth,Ishotstandby,DelayDifference,DisjointType,WorkOptCostRangeType,MinCostDelay,MinDelayDelay
39,14,28,10,20,0,1,10,2,3,5,7.628,7.628
94,28,14,10,20,0,1,10,2,3,4,10.124,7.628
47,19,7,2,9,0,1,7,2,5,2,2.6675,2.34
112,32,7,5,11,0,1,6,2,6,2,5.5025,5.175
138,42,6,18,23,0,1,5,2,9,2,18.6693,18.6693
17,6,42,18,23,0,1,5,2,9,2,19.0568,18.6693
88,26,33,12,15,0,1,3,2,6,2,12.826,12.826
10,6,13,3,21,0,1,18,2,3,5,2.77825,2.77825
54,23,7,0,10,0,1,10,2,4,2,0.6075,0.6075
117,33,26,12,15,0,1,3,2,6,2,12.9285,12.826
109,30,39,9,10,0,1,1,2,6,5,8.989,8.989
8,5,33,11,27,0,1,16,2,7,2,11.816,11.816
9,5,39,12,27,0,1,15,2,8,2,12.479,12.479
25,13,6,3,20,0,1,17,2,3,5,2.77825,2.77825
12,6,24,7,8,0,1,1,2,7,5,6.73275,6.73275
56,24,6,7,8,0,1,1,2,7,5,6.73275,6.73275
13,6,29,7,15,0,1,8,2,4,2,7.57825,7.57825
119,33,30,8,10,0,1,2,2,5,2,8.326,8.326
23,11,25,13,21,0,1,8,2,8,5,12.959,12.5033
108,30,33,8,10,0,1,2,2,5,2,8.326,8.326
14,6,33,6,8,0,1,2,2,6,2,6.30675,6.30675
15,6,39,7,8,0,1,1,2,7,5,6.96975,6.96975
3,3,7,3,17,0,1,14,2,6,2,3.81005,3.81005
127,39,30,9,10,0,1,1,2,6,5,8.989,8.989
49,20,24,16,22,0,1,6,2,10,2,16.418,16.418
58,24,20,16,22,0,1,6,2,10,2,16.418,16.418
67,25,11,13,21,0,1,8,2,8,5,12.959,12.5033
62,25,2,20,26,0,1,6,2,10,5,19.6385,18.1707
115,33,6,6,8,0,1,2,2,6,2,6.30675,6.30675
101,29,6,7,15,0,1,8,2,4,2,7.57825,7.57825
2,2,25,20,26,0,1,6,2,10,5,19.6385,18.1708
91,27,25,19,37,0,1,18,2,10,5,18.8608,18.4051
129,40,25,21,30,0,1,9,2,11,5,20.8355,20.3798
83,25,40,21,30,0,1,9,2,11,5,20.8356,20.3798
123,39,6,7,8,0,1,1,2,7,5,6.96975,6.96975
24,12,25,13,21,0,1,8,2,9,4,13.035,12.5793
61,25,0,16,34,0,1,18,2,9,2,16.5023,16.0466
68,25,12,13,21,0,1,8,2,9,4,13.4225,12.5793
77,25,27,19,37,0,1,18,2,10,5,18.8608,18.4051
89,26,39,13,16,0,1,3,2,7,2,13.489,13.489
125,39,26,13,16,0,1,3,2,7,2,13.5915,13.489
122,39,5,12,27,0,1,15,2,8,2,12.5815,12.479
44,17,41,16,20,0,1,4,2,7,2,16.254,16.2435
113,32,21,11,14,0,1,3,2,5,4,13.2352,7.7867
1,2,14,12,17,0,1,5,2,5,4,13.4195,9.7595
48,19,25,12,16,0,1,4,2,9,4,12.229,11.7732
0,0,25,16,34,0,1,18,2,9,2,16.5023,16.0466
28,13,41,16,26,0,1,10,2,6,2,17.352,16.3885
90,26,41,16,20,0,1,4,2,7,2,17.152,16.1885
120,33,41,19,31,0,1,12,2,9,2,20.8805,19.917
16,6,41,18,23,0,1,5,2,9,2,20.1303,18.7793
60,24,41,20,25,0,1,5,2,10,2,21.3065,20.343
110,30,41,20,25,0,1,5,2,8,4,22.1495,17.4285
128,39,41,20,31,0,1,11,2,10,2,21.5435,20.5801
114,32,25,15,19,0,1,4,2,10,4,15.4515,14.6082
22,10,25,14,24,0,1,10,2,11,4,14.789,13.8708
84,25,41,21,30,0,1,9,2,12,4,22.2985,20.4918
53,21,32,11,14,0,1,3,2,5,5,7.7867,7.7867
29,14,2,12,17,0,1,5,2,5,4,12.2555,9.7595
104,29,41,11,15,0,1,4,2,5,2,11.599,11.5885
21,7,41,16,20,0,1,4,2,9,2,17.827,16.796
106,30,25,8,10,0,1,2,2,8,2,9.259,8.80325
79,25,30,8,10,0,1,2,2,8,2,9.259,8.80325
137,41,29,11,15,0,1,4,2,5,2,12.552,11.5885
72,25,19,12,16,0,1,4,2,9,4,12.229,11.7733
6,5,25,13,26,0,1,13,2,10,5,12.749,12.2932
64,25,5,13,26,0,1,13,2,10,5,12.749,12.2933
103,29,28,9,13,0,1,4,2,4,5,7.136,7.136
20,7,28,14,28,0,1,14,2,8,5,12.411,12.3435
76,25,26,14,15,0,1,1,2,9,5,13.759,13.3032
99,28,29,9,13,0,1,4,2,4,5,7.136,7.136
19,7,25,14,16,0,1,2,2,11,4,14.434,13.9782
86,26,25,14,15,0,1,1,2,9,5,13.759,13.3032
65,25,7,14,16,0,1,2,2,11,4,14.434,13.9782
131,41,7,16,20,0,1,4,2,9,2,17.827,16.7961
40,14,29,12,14,0,1,2,2,5,5,10.34,10.34
102,29,14,12,14,0,1,2,2,5,5,10.34,10.34
18,7,14,17,29,0,1,12,2,9,5,15.615,15.5475
92,28,7,14,28,0,1,14,2,8,5,12.411,12.3435
81,25,32,15,19,0,1,4,2,10,4,15.064,14.6082
132,41,13,16,26,0,1,10,2,6,2,17.352,16.3885
32,14,7,17,29,0,1,12,2,9,5,15.615,15.5475
134,41,18,16,20,0,1,4,2,10,2,17.9045,16.8311
7,5,28,18,30,0,1,12,2,7,5,10.726,10.726
80,25,31,16,19,0,1,3,2,11,4,16.209,14.6483
74,25,21,17,22,0,1,5,2,11,5,16.8142,16.3584
111,31,25,16,19,0,1,3,2,11,4,16.209,14.6482
52,21,25,17,22,0,1,5,2,11,5,16.8142,16.3584
5,5,14,21,31,0,1,10,2,8,5,13.93,13.93
30,14,5,16,40,0,1,24,2,8,5,13.93,13.93
136,41,26,16,20,0,1,4,2,7,2,17.152,16.1885
87,26,28,13,28,0,1,15,2,6,5,11.736,11.736
98,28,26,13,28,0,1,15,2,6,5,11.736,11.736
55,23,25,13,15,0,1,2,2,10,2,14.359,13.4408
75,25,23,13,15,0,1,2,2,10,2,14.359,13.4408
46,18,28,14,28,0,1,14,2,9,5,12.4885,12.3785
38,14,26,17,29,0,1,12,2,7,5,14.94,14.94
27,13,28,14,18,0,1,4,2,5,5,11.936,11.936
96,28,18,14,28,0,1,14,2,9,5,12.4885,12.3785
121,38,25,14,16,0,1,2,2,12,2,14.809,14.0008
85,26,14,17,29,0,1,12,2,7,5,14.94,14.94
82,25,38,14,16,0,1,2,2,12,2,14.809,14.0008
93,28,13,14,18,0,1,4,2,5,5,11.936,11.936
133,41,17,16,20,0,1,4,2,7,2,17.207,16.2435
66,25,10,14,24,0,1,10,2,11,4,14.7765,13.8708
35,14,18,17,29,0,1,12,2,10,5,15.6925,15.5825
33,14,13,17,19,0,1,2,2,6,5,15.14,15.14
26,13,14,17,19,0,1,2,2,6,5,15.14,15.14
130,41,6,18,23,0,1,5,2,9,2,19.7428,18.7793
71,25,18,14,16,0,1,2,2,12,2,14.5115,14.0557
45,18,25,14,16,0,1,2,2,12,2,14.5115,14.0557
70,25,15,13,16,0,1,3,2,12,2,14.4865,13.9958
42,15,25,13,16,0,1,3,2,12,2,14.4865,13.9958
50,20,25,17,22,0,1,5,2,12,5,16.9249,16.4692
36,14,21,20,36,0,1,16,2,9,5,17.9952,17.9952
59,24,28,18,22,0,1,4,2,9,5,15.8905,15.8905
51,21,14,25,27,0,1,2,2,9,5,17.9952,17.9952
135,41,25,21,30,0,1,9,2,12,4,21.911,20.4918
57,24,14,21,24,0,1,3,2,10,5,19.0945,19.0945
73,25,20,16,22,0,1,6,2,12,2,16.9249,16.4692
