demandID,SourceID,DestinationID,MinDelay,MaxDelay,Bandwidth,Ishotstandby,DelayDifference,DisjointType,WorkOptCostRangeType,MinCostDelay,MinDelayDelay
21,348,2045,45.4,46.2,10,0,0,-1,13000,3,47,39
129,1718,2020,135.3,141.1,10,0,0,-1,14500,5,57,29
41,1088,2002,162.2,163.6,10,0,0,-1,61662,3,165,151
34,124,2000,105.2,107.6,10,0,0,-1,23166,5,98,86
12,1275,2027,82.4,84.2,10,0,0,-1,19666,3,86,68
6,1743,630,92.6,94.3,10,0,0,-1,23666,3,96,79
74,170,1996,101.1,105.7,10,0,0,-1,10500,5,39,23
32,156,1999,94.8,96.4,10,0,0,-1,27832,5,86,82
8,1238,2032,101.4,102.2,10,0,0,-1,25000,3,103,95
27,1142,2032,155.4,156.2,10,0,0,-1,64996,3,157,149
39,185,2015,108.8,110.4,10,0,0,-1,40164,3,112,96
38,346,1990,94.8,96.4,10,0,0,-1,37164,5,83,82
37,567,2000,101.6,103.8,10,0,0,-1,25166,3,106,84
24,21,2002,134.4,135.2,10,0,0,-1,46330,3,136,128
132,477,2019,131.8,138.6,10,0,0,-1,18166,5,40,34
9,733,2000,100.6,102.8,10,0,0,-1,38498,3,105,83
51,797,1991,105.8,107.9,10,0,0,-1,28832,3,115,89
36,412,2042,109.4,111.7,10,0,0,-1,39998,5,109,91
55,1541,1312,159,167,10,0,0,-1,23166,5,51,40
13,39,1999,69.2,70.1,10,0,0,-1,16000,3,71,62
33,1300,2005,86.2,87.6,10,0,0,-1,22666,3,89,75
99,241,2017,126,132,10,0,0,-1,16500,5,45,30
84,1908,2027,142.2,149.4,10,0,0,-1,12500,5,45,36
72,812,2002,184.8,193.6,10,0,0,-1,28332,5,66,44
3,1070,667,98.2,99.6,10,0,0,-1,18500,3,101,87
15,930,2061,99.8,100.9,10,0,0,-1,42664,3,112,91
43,1717,1999,70.6,71.3,10,0,0,-1,23166,3,75,65
23,368,2024,110.4,111.7,10,0,0,-1,36332,3,113,100
96,190,2053,150.2,157.4,10,0,0,-1,17500,5,36,36
42,1167,2049,152.6,153.3,10,0,0,-1,69328,3,156,147
19,1196,2035,98,99,10,0,0,-1,31166,3,100,90
5,479,781,108.8,109.9,10,0,0,-1,50330,3,111,100
116,191,2019,159.7,167.9,10,0,0,-1,15000,5,49,41
139,932,2010,92.1,96.7,10,0,0,-1,31832,5,30,23
45,1577,2003,86.6,87.3,10,0,0,-1,30832,3,88,81
122,1126,2018,169.8,178.6,10,0,0,-1,30832,5,51,44
22,1026,2005,89.6,90.8,10,0,0,-1,21166,3,92,80
28,1103,2026,134.2,135.6,10,0,0,-1,63662,3,137,123
87,348,2045,152.3,160.1,10,0,0,-1,16000,5,47,39
125,477,2039,140.1,146.7,10,0,0,-1,19166,5,61,33
44,1220,1995,113.4,114.2,10,0,0,-1,49164,3,115,107
140,612,2030,170.8,179.6,10,0,0,-1,22666,5,52,44
2,1020,677,129.6,130.8,10,0,0,-1,43664,3,132,120
20,868,2021,105.4,106.2,10,0,0,-1,42664,3,107,99
35,880,2021,89.4,90.2,10,0,0,-1,42664,3,91,83
52,1272,2076,84.8,87.4,10,0,0,-1,43330,3,90,64
91,769,2030,194.2,203.4,10,0,0,-1,18500,5,70,46
112,1256,2027,142.5,149.5,10,0,0,-1,19666,5,35,35
7,1801,893,190.4,192.7,10,0,0,-1,94160,5,188,172
154,228,2063,167.7,175.9,10,0,0,-1,17000,5,45,41
141,526,2019,176.1,184.7,10,0,0,-1,16000,5,60,43
56,25,1635,187.6,197.2,10,0,0,-1,36998,5,58,48
49,910,2023,80.4,81.2,10,0,0,-1,34332,3,82,74
133,272,2019,161.4,169.8,10,0,0,-1,22666,5,48,42
88,1816,2052,181.8,190.6,10,0,0,-1,24166,5,62,44
66,371,2046,177.5,186.5,10,0,0,-1,23666,5,56,45
40,1974,2027,99.2,100.6,10,0,0,-1,31332,3,111,88
4,925,587,67.6,68.3,10,0,0,-1,35332,3,69,62
136,322,1993,160.7,168.9,10,0,0,-1,14500,5,50,41
26,1433,2019,74.8,75.9,10,0,0,-1,34164,5,69,66
157,1467,2081,216.5,227.5,10,0,0,-1,28832,5,68,55
63,1312,2027,183.2,192.4,10,0,0,-1,14500,5,46,46
152,910,2079,216.1,226.7,10,0,0,-1,31332,5,86,53
114,1469,2020,209.4,219.8,10,0,0,-1,24500,5,69,52
92,1328,2052,170.7,178.9,10,0,0,-1,18500,5,62,41
29,1277,2034,92,93,10,0,0,-1,29500,3,94,84
11,23,1998,88.8,90.4,10,0,0,-1,35998,3,92,76
14,259,1998,74.8,76.4,10,0,0,-1,35998,3,78,62
120,1872,2060,198.3,208.1,10,0,0,-1,18000,5,66,49
25,250,2013,64.8,66.4,10,0,0,-1,32832,3,68,52
146,836,2076,184.8,193.6,10,0,0,-1,30332,5,85,44
93,342,2039,180.8,189.6,10,0,0,-1,19500,5,67,44
30,482,2015,105.6,107.8,10,0,0,-1,46496,3,110,88
1,1520,997,142.8,143.4,10,0,0,-1,72828,3,144,138
62,173,2059,232.6,244.2,10,0,0,-1,41498,5,76,58
147,934,2081,255.4,267.8,10,0,0,-1,21000,5,88,62
48,1133,2034,141.2,142.6,10,0,0,-1,77328,3,144,130
103,183,2061,237.7,249.9,10,0,0,-1,32332,5,84,61
83,673,2009,283,297,10,0,0,-1,54830,5,94,70
113,87,2042,220.9,232.3,10,0,0,-1,29666,5,67,57
75,1327,2026,190.6,200.2,10,0,0,-1,18000,5,48,48
16,180,2013,74.8,76.9,10,0,0,-1,22000,3,79,58
137,747,2039,220.5,231.5,10,0,0,-1,28832,5,72,55
123,631,1999,221.2,232.4,10,0,0,-1,21500,5,70,56
111,1746,2011,234.7,246.9,10,0,0,-1,33332,5,70,61
10,1823,2039,90.6,92.3,10,0,0,-1,49496,3,94,77
153,1272,2076,262.8,275.6,10,0,0,-1,46664,5,90,64
95,250,2013,208.4,218.8,10,0,0,-1,33832,5,68,52
109,86,2041,246.8,259.6,10,0,0,-1,34832,5,74,64
46,1561,2013,116.6,117.3,10,0,0,-1,62496,3,134,111
50,1353,2041,164.8,166.4,10,0,0,-1,88826,3,168,152
107,13,2017,218.5,229.5,10,0,0,-1,33832,5,70,55
156,1542,2080,240.2,251.4,10,0,0,-1,33332,5,67,56
110,756,1993,206.4,216.8,10,0,0,-1,18000,5,66,52
115,794,2028,237.4,249.8,10,0,0,-1,20500,5,70,62
134,1390,2037,207.4,217.8,10,0,0,-1,31332,5,67,52
148,1344,2062,262.3,276.1,10,0,0,-1,35332,5,76,69
143,1000,2036,266,280,10,0,0,-1,35832,5,77,70
138,1388,2049,262.9,276.3,10,0,0,-1,48164,5,82,67
131,1116,1996,245.3,257.1,10,0,0,-1,45664,5,86,59
31,889,2000,110.6,112.3,10,0,0,-1,46164,3,114,97
47,1117,2003,108.2,109.6,10,0,0,-1,39998,3,111,97
121,486,2032,259.6,273.2,10,0,0,-1,25000,5,76,68
101,278,2027,260.9,274.3,10,0,0,-1,46164,5,68,67
76,988,2056,211.7,221.9,10,0,0,-1,20000,5,74,51
118,259,2041,257.9,271.3,10,0,0,-1,43498,5,77,67
124,1191,2039,247.5,260.5,10,0,0,-1,39998,5,72,65
71,259,1998,245.4,257.8,10,0,0,-1,39498,5,78,62
54,925,587,236.4,248.8,10,0,0,-1,38332,5,69,62
79,449,2033,265.2,278.4,10,0,0,-1,32666,5,74,66
68,677,2045,241.4,253.8,10,0,0,-1,40498,5,74,62
85,1402,1997,266.6,280.2,10,0,0,-1,39332,5,68,68
53,98,1254,244.4,256.8,10,0,0,-1,28166,5,77,62
77,180,2013,235.6,247.2,10,0,0,-1,24000,5,79,58
0,1170,303,251.6,252.3,10,0,0,-1,117990,3,253,246
128,1111,2004,211.5,222.5,10,0,0,-1,19000,5,63,55
97,1433,2019,255.2,268.4,10,0,0,-1,38498,5,69,66
126,1717,1999,247.5,260.5,10,0,0,-1,30166,5,75,65
102,1529,2052,248.4,260.8,10,0,0,-1,29000,5,80,62
108,486,1993,222.5,233.5,10,0,0,-1,18500,5,74,55
70,39,1999,238.4,250.8,10,0,0,-1,22500,5,71,62
90,1735,2057,222.6,232.2,10,0,0,-1,23500,5,75,48
127,251,2005,216.5,227.5,10,0,0,-1,26666,5,68,55
81,644,2018,202.5,211.5,10,0,0,-1,20500,5,81,45
104,119,2041,287.5,302.5,10,0,0,-1,44498,5,85,75
59,1280,2019,298.5,313.5,10,0,0,-1,47998,5,92,75
58,685,2000,278.7,292.9,10,0,0,-1,51164,5,87,71
117,120,2015,255.2,268.4,10,0,0,-1,33832,5,77,66
60,1769,2012,275.4,289.8,10,0,0,-1,42832,5,81,72
155,791,2068,280.1,294.7,10,0,0,-1,41498,5,88,73
145,438,1991,226.9,238.3,10,0,0,-1,29666,5,73,57
67,1823,2039,301.9,317.3,10,0,0,-1,52830,5,94,77
151,1395,2081,320.1,336.7,10,0,0,-1,37332,5,96,83
106,348,1991,234.3,246.1,10,0,0,-1,23000,5,75,59
57,917,274,289.7,303.9,10,0,0,-1,32666,5,98,71
94,610,2061,218,228,10,0,0,-1,22000,5,83,50
150,1683,2062,314,330,10,0,0,-1,52664,5,91,80
17,673,2009,89.2,91.6,10,0,0,-1,59162,3,94,70
69,1275,2027,269.6,283.2,10,0,0,-1,29666,5,86,68
142,220,2022,311.3,327.1,10,0,0,-1,44498,5,98,79
64,615,2033,293.9,309.3,10,0,0,-1,33666,5,86,77
149,956,2062,340.5,357.5,10,0,0,-1,60830,5,111,85
82,1092,2022,329.8,346.6,10,0,0,-1,47498,5,107,84
73,1772,2024,315.1,331.7,10,0,0,-1,61330,5,91,83
105,482,2015,347.6,365.2,10,0,0,-1,52164,5,110,88
18,1799,1995,150.8,153.9,10,0,0,-1,70828,3,176,126
78,781,1993,239.7,251.9,10,0,0,-1,34832,5,75,61
98,1728,2016,307,323,10,0,0,-1,56164,5,91,80
130,1680,2008,251.5,264.5,10,0,0,-1,30166,5,76,65
89,250,2056,255.1,267.7,10,0,0,-1,37332,5,96,63
135,1391,2020,271.5,284.5,10,0,0,-1,29166,5,99,65
86,198,2040,291.2,306.4,10,0,0,-1,44998,5,86,76
65,341,2038,268.5,281.5,10,0,0,-1,42998,5,93,65
144,910,2023,281.8,296.6,10,0,0,-1,41332,5,82,74
80,362,2032,299.3,315.1,10,0,0,-1,45832,5,86,79
119,1502,2024,305.2,320.4,10,0,0,-1,36166,5,89,76
61,435,2058,291.5,306.5,10,0,0,-1,37666,5,85,75
100,1277,2034,320.8,337.6,10,0,0,-1,37500,5,94,84
