demandID,SourceID,DestinationID,MinDelay,MaxDelay,Bandwidth,Ishotstandby,DelayDifference,DisjointType,WorkOptCostRangeType,MinCostDelay,MinDelayDelay
8,384,457,90.4,91.7,10,0,0,-1,33164,3,97,80
17,207,468,71.8,72.9,10,0,0,-1,19666,3,89,63
11,125,468,64.8,65.9,10,0,0,-1,32998,3,82,56
24,278,468,91.8,92.9,10,0,0,-1,32998,3,109,83
249,387,474,131.1,137.7,10,0,0,-1,13500,5,42,33
109,41,468,151.6,159.2,10,0,0,-1,20166,5,64,38
69,78,455,175.1,183.7,10,0,0,-1,24666,5,59,43
126,296,468,125.4,131.8,10,0,0,-1,14500,5,39,32
167,109,461,127,133,10,0,0,-1,14000,5,46,30
95,147,467,156,164,10,0,0,-1,14500,5,48,40
54,0,469,159,167,10,0,0,-1,14500,5,51,40
9,386,455,54.8,56.9,10,0,0,-1,29998,5,52,38
27,380,455,62.8,64.9,10,0,0,-1,29998,5,60,46
16,427,460,98.2,100.1,10,0,0,-1,37498,3,102,83
189,291,471,160.9,168.3,10,0,0,-1,34998,5,37,37
101,23,469,144.2,151.4,10,0,0,-1,22166,5,47,36
46,352,443,126.7,132.9,10,0,0,-1,16000,5,31,31
170,117,471,163.4,171.8,10,0,0,-1,41664,5,66,42
19,83,469,85.4,87.7,10,0,0,-1,25332,3,90,67
14,109,469,48.4,50.7,10,0,0,-1,14500,3,53,30
5,184,469,76.4,78.7,10,0,0,-1,34498,3,81,58
55,429,461,149.6,157.2,10,0,0,-1,17000,5,50,38
134,109,469,134,140,10,0,0,-1,15000,5,53,30
159,147,468,166.6,174.2,10,0,0,-1,15500,5,64,38
144,256,461,152.9,160.3,10,0,0,-1,15000,5,53,37
161,364,461,153.3,161.1,10,0,0,-1,17000,5,51,39
10,315,466,114.8,116.4,10,0,0,-1,45830,3,118,102
18,438,462,117.8,119.4,10,0,0,-1,43830,3,121,105
184,80,470,163.7,171.9,10,0,0,-1,24666,5,53,41
197,29,460,170.4,178.8,10,0,0,-1,15500,5,57,42
185,258,470,189.6,199.2,10,0,0,-1,24666,5,60,48
224,0,468,177.7,185.9,10,0,0,-1,16500,5,67,41
13,375,466,63.8,65.9,10,0,0,-1,29166,5,47,47
130,87,469,184.6,194.2,10,0,0,-1,24166,5,48,48
26,375,466,63.8,65.9,10,0,0,-1,29166,5,47,47
12,375,466,63.8,65.9,10,0,0,-1,29166,5,47,47
1,279,447,89.8,90.9,10,0,0,-1,29832,3,107,81
157,377,471,161,169,10,0,0,-1,14500,5,53,40
187,377,471,161,169,10,0,0,-1,14500,5,53,40
82,42,468,158.7,166.9,10,0,0,-1,16500,5,48,41
21,241,468,52.4,54.7,10,0,0,-1,15500,3,57,34
116,39,471,219.2,230.4,10,0,0,-1,38498,5,68,56
172,109,474,164,172,10,0,0,-1,18000,5,56,40
4,118,468,61.4,63.7,10,0,0,-1,35498,3,66,43
132,375,466,194.9,204.3,10,0,0,-1,29666,5,47,47
104,435,461,204.4,214.8,10,0,0,-1,26166,5,64,52
123,375,466,194.9,204.3,10,0,0,-1,29666,5,47,47
3,159,446,78.8,79.9,10,0,0,-1,19000,3,96,70
214,375,466,194.9,204.3,10,0,0,-1,29666,5,47,47
174,241,468,148.8,155.6,10,0,0,-1,16000,5,57,34
221,282,467,177.1,185.7,10,0,0,-1,18000,5,61,43
25,80,468,72.4,74.7,10,0,0,-1,22166,3,77,54
193,424,456,186.6,196.2,10,0,0,-1,21000,5,60,48
218,290,472,178.5,187.5,10,0,0,-1,31332,5,45,45
135,289,467,168,176,10,0,0,-1,23666,5,44,40
128,296,460,166.7,174.9,10,0,0,-1,18000,5,41,41
127,353,474,174.8,183.6,10,0,0,-1,20000,5,44,44
245,114,471,189.3,199.1,10,0,0,-1,44664,5,73,49
145,114,471,189.3,199.1,10,0,0,-1,44664,5,73,49
20,67,464,84.4,85.2,10,0,0,-1,29998,3,88,78
176,358,469,209.9,219.3,10,0,0,-1,50330,5,83,47
225,75,471,183.1,191.7,10,0,0,-1,24666,5,67,43
118,80,471,197.9,207.3,10,0,0,-1,25666,5,71,47
80,386,455,161.6,169.2,10,0,0,-1,35332,5,52,38
77,110,463,171.4,179.8,10,0,0,-1,17000,5,58,42
230,112,474,201,211,10,0,0,-1,33332,5,66,50
146,112,457,186.2,195.4,10,0,0,-1,32332,5,62,46
15,386,472,67.2,68.6,10,0,0,-1,29998,3,70,56
235,248,472,200.7,210.9,10,0,0,-1,26666,5,89,51
223,434,460,197.2,206.4,10,0,0,-1,23000,5,73,46
53,118,468,182.1,190.7,10,0,0,-1,37998,5,66,43
216,380,455,191.2,200.4,10,0,0,-1,36832,5,60,46
63,363,460,181.8,190.6,10,0,0,-1,21000,5,56,44
244,416,457,211.8,222.6,10,0,0,-1,36832,5,66,54
2,216,451,66.8,67.9,10,0,0,-1,25666,3,75,58
180,108,461,197.3,207.1,10,0,0,-1,24666,5,65,49
250,45,471,226.3,238.1,10,0,0,-1,34332,5,67,59
164,214,469,181.2,190.4,10,0,0,-1,19500,5,46,46
195,214,469,181.2,190.4,10,0,0,-1,19500,5,46,46
74,39,469,240.4,252.8,10,0,0,-1,41498,5,73,62
190,69,471,219.2,230.4,10,0,0,-1,27666,5,56,56
90,66,469,192.3,202.1,10,0,0,-1,26666,5,49,49
137,66,469,192.3,202.1,10,0,0,-1,26666,5,49,49
0,125,451,94,95.5,10,0,0,-1,38498,3,118,82
237,227,471,234,246,10,0,0,-1,35332,5,60,60
152,227,471,234,246,10,0,0,-1,35332,5,60,60
247,289,465,197.3,207.1,10,0,0,-1,26666,5,49,49
39,139,448,197.3,207.1,10,0,0,-1,33832,5,60,49
213,80,468,222.8,233.6,10,0,0,-1,27666,5,77,54
210,220,468,229,241,10,0,0,-1,54330,5,67,60
84,284,459,221.2,232.4,10,0,0,-1,35332,5,70,56
52,284,463,210.1,220.7,10,0,0,-1,35332,5,67,53
89,220,469,225.3,237.1,10,0,0,-1,55330,5,66,59
72,284,463,210.1,220.7,10,0,0,-1,35332,5,67,53
228,88,466,245.4,257.8,10,0,0,-1,34832,5,78,62
22,374,472,90.6,91.8,10,0,0,-1,36664,3,110,81
56,184,469,237.6,249.2,10,0,0,-1,41998,5,81,58
32,97,448,190.8,199.6,10,0,0,-1,20000,5,74,44
108,125,468,218.2,229.4,10,0,0,-1,40998,5,82,56
44,97,448,190.8,199.6,10,0,0,-1,20000,5,74,44
151,292,456,226.9,238.3,10,0,0,-1,48664,5,73,57
113,390,471,199.9,209.3,10,0,0,-1,34832,5,63,47
205,139,460,214.8,225.6,10,0,0,-1,36332,5,54,54
227,247,457,230.6,242.2,10,0,0,-1,34332,5,74,58
121,165,471,278.1,292.7,10,0,0,-1,57830,5,81,73
179,74,460,216,226,10,0,0,-1,21000,5,65,50
242,112,463,197.3,207.1,10,0,0,-1,34332,5,65,49
75,186,460,208.6,218.2,10,0,0,-1,27666,5,79,48
229,421,456,267.3,281.1,10,0,0,-1,49498,5,81,69
47,435,443,215.5,226.5,10,0,0,-1,28166,5,59,55
192,269,456,245.4,257.8,10,0,0,-1,36332,5,78,62
238,191,469,240.1,252.7,10,0,0,-1,43998,5,70,63
97,398,474,249.5,262.5,10,0,0,-1,37832,5,74,65
178,251,466,252.8,265.6,10,0,0,-1,36832,5,80,64
125,207,469,240.4,252.8,10,0,0,-1,30666,5,62,62
198,151,466,219.8,230.6,10,0,0,-1,43498,5,74,54
147,207,468,244.1,256.7,10,0,0,-1,30166,5,89,63
6,223,461,113,117,10,0,0,-1,62328,3,121,81
138,39,467,248.5,261.5,10,0,0,-1,44998,5,73,65
219,368,469,276.1,290.7,10,0,0,-1,50164,5,79,73
48,240,450,203.4,213.8,10,0,0,-1,29166,5,78,52
133,171,469,251.5,264.5,10,0,0,-1,37832,5,65,65
124,171,469,251.5,264.5,10,0,0,-1,37832,5,65,65
236,176,469,257.8,270.6,10,0,0,-1,40332,5,85,64
110,145,469,236.4,248.8,10,0,0,-1,50664,5,69,62
49,98,449,193.3,203.1,10,0,0,-1,22000,5,56,49
85,333,466,238,250,10,0,0,-1,43498,5,64,60
92,119,462,208.4,218.8,10,0,0,-1,37332,5,68,52
120,370,455,248.4,260.8,10,0,0,-1,70664,5,74,62
177,253,472,267,281,10,0,0,-1,49164,5,78,70
98,378,458,213.5,224.5,10,0,0,-1,31666,5,68,55
191,19,466,238.3,250.1,10,0,0,-1,43998,5,79,59
168,313,468,291.9,307.3,10,0,0,-1,47998,5,77,77
61,226,471,267.3,281.1,10,0,0,-1,48498,5,69,69
231,59,468,291.9,307.3,10,0,0,-1,67996,5,77,77
142,175,464,232.6,244.2,10,0,0,-1,35666,5,78,58
131,286,474,288,302,10,0,0,-1,48998,5,83,70
36,161,447,229,241,10,0,0,-1,31166,5,67,60
182,424,472,227.3,239.1,10,0,0,-1,27500,5,71,59
165,107,458,267.6,281.2,10,0,0,-1,41332,5,84,68
203,184,467,245.7,257.9,10,0,0,-1,46998,5,81,61
41,216,451,225.6,237.2,10,0,0,-1,30666,5,75,58
175,64,464,215.2,226.4,10,0,0,-1,29000,5,66,56
60,113,460,249.3,261.1,10,0,0,-1,48498,5,90,59
68,392,459,263.9,277.3,10,0,0,-1,63664,5,83,67
166,359,460,266.5,279.5,10,0,0,-1,60996,5,81,65
222,118,464,216.1,226.7,10,0,0,-1,49498,5,75,53
206,81,473,256.5,269.5,10,0,0,-1,41332,5,81,65
232,123,460,237,249,10,0,0,-1,35166,5,75,60
100,253,469,262.9,276.3,10,0,0,-1,51164,5,75,67
129,418,460,288.7,302.9,10,0,0,-1,67164,5,83,71
59,369,465,280.4,294.8,10,0,0,-1,60830,5,86,72
150,294,471,301.5,316.5,10,0,0,-1,73496,5,99,75
88,90,460,288.8,303.6,10,0,0,-1,59664,5,89,74
243,368,455,313.6,329.2,10,0,0,-1,90994,5,96,78
136,386,472,221.2,232.4,10,0,0,-1,38332,5,70,56
220,285,458,276.7,290.9,10,0,0,-1,47998,5,85,71
186,107,466,242.9,254.3,10,0,0,-1,41832,5,89,57
37,41,450,236.7,248.9,10,0,0,-1,33166,5,87,61
156,83,469,270.9,284.3,10,0,0,-1,40332,5,90,67
71,121,464,233.7,245.9,10,0,0,-1,32000,5,71,61
115,292,458,282.4,296.8,10,0,0,-1,59164,5,88,72
209,258,458,293.5,308.5,10,0,0,-1,40166,5,91,75
66,370,461,264.3,278.1,10,0,0,-1,63664,5,81,69
78,384,457,309,325,10,0,0,-1,53998,5,97,80
107,238,460,288.8,303.6,10,0,0,-1,55998,5,89,74
57,287,473,286.1,300.7,10,0,0,-1,50832,5,73,73
93,58,460,325.8,342.6,10,0,0,-1,69330,5,99,84
239,258,459,282.4,296.8,10,0,0,-1,41166,5,88,72
28,346,396,334.6,352.2,10,0,0,-1,81496,5,97,88
70,371,458,308.7,324.9,10,0,0,-1,64998,5,93,81
241,392,472,260.2,273.4,10,0,0,-1,59164,5,82,66
91,265,471,333.6,351.2,10,0,0,-1,76996,5,112,88
38,284,447,250.4,262.8,10,0,0,-1,42332,5,83,62
102,419,460,310.9,326.3,10,0,0,-1,83830,5,104,77
149,83,461,263.9,277.3,10,0,0,-1,42832,5,83,67
87,295,471,353.3,371.1,10,0,0,-1,88662,5,113,89
45,17,454,273.2,286.4,10,0,0,-1,38666,5,76,66
226,106,463,289.8,304.6,10,0,0,-1,56498,5,90,74
99,259,457,323.1,339.7,10,0,0,-1,49832,5,99,83
67,50,460,314.7,330.9,10,0,0,-1,55998,5,81,81
119,132,464,267,281,10,0,0,-1,46166,5,80,70
62,115,458,293.5,308.5,10,0,0,-1,66830,5,91,75
7,224,461,99.4,101.2,10,0,0,-1,68994,3,103,85
200,7,460,340.6,358.2,10,0,0,-1,78496,5,103,88
81,177,469,328.1,344.7,10,0,0,-1,59498,5,104,83
51,115,448,283.3,297.1,10,0,0,-1,65330,5,107,69
233,294,474,352.7,370.9,10,0,0,-1,94496,5,107,91
23,224,458,114.4,116.2,10,0,0,-1,69994,3,128,100
160,385,460,280,294,10,0,0,-1,57664,5,91,70
112,197,467,322.5,339.5,10,0,0,-1,66164,5,93,85
162,12,460,336.9,354.3,10,0,0,-1,68498,5,102,87
153,12,460,336.9,354.3,10,0,0,-1,68498,5,102,87
58,223,461,339.7,355.9,10,0,0,-1,74996,5,121,81
140,427,460,326.1,342.7,10,0,0,-1,75162,5,102,83
139,106,464,301.2,316.4,10,0,0,-1,77328,5,98,76
117,300,460,322.1,338.7,10,0,0,-1,58498,5,83,83
240,69,466,264.2,277.4,10,0,0,-1,40166,5,86,66
207,11,460,348,366,10,0,0,-1,77664,5,105,90
33,402,443,326.8,343.6,10,0,0,-1,47832,5,100,84
154,177,474,358.1,376.7,10,0,0,-1,72498,5,107,93
163,287,466,279.9,293.3,10,0,0,-1,48832,5,71,67
42,417,440,303.2,318.4,10,0,0,-1,55498,5,94,76
141,355,472,300.6,316.2,10,0,0,-1,60332,5,78,78
94,7,466,319.4,335.8,10,0,0,-1,77996,5,98,82
64,224,461,332.5,349.5,10,0,0,-1,73330,5,103,85
35,39,447,314,330,10,0,0,-1,56498,5,98,80
204,61,468,354.8,373.6,10,0,0,-1,91828,5,94,94
122,104,474,371.2,390.4,10,0,0,-1,79496,5,112,96
148,247,462,278.7,292.9,10,0,0,-1,49832,5,87,71
202,278,468,318.1,334.7,10,0,0,-1,60998,5,109,83
217,10,467,344.7,362.9,10,0,0,-1,82830,5,99,91
212,437,460,373.8,392.6,10,0,0,-1,86828,5,121,94
105,126,464,307.7,323.9,10,0,0,-1,78662,5,91,81
171,183,464,338.2,355.4,10,0,0,-1,91494,5,108,86
211,183,464,338.2,355.4,10,0,0,-1,91494,5,108,86
169,404,470,384.4,404.8,10,0,0,-1,93494,5,109,102
43,159,446,270,284,10,0,0,-1,34000,5,96,70
34,279,447,310.7,326.9,10,0,0,-1,47832,5,107,81
73,357,473,331.6,349.2,10,0,0,-1,74664,5,110,88
31,401,444,314.4,330.8,10,0,0,-1,41166,5,98,82
86,420,472,348.7,366.9,10,0,0,-1,92494,5,100,91
194,303,469,343.6,361.2,10,0,0,-1,79496,5,106,88
155,438,462,404.5,425.5,10,0,0,-1,95494,5,121,105
173,67,464,296.6,312.2,10,0,0,-1,71998,5,88,78
79,179,469,384.4,404.8,10,0,0,-1,90330,5,123,102
183,224,458,388,408,10,0,0,-1,88830,5,128,100
215,205,460,325.8,342.6,10,0,0,-1,60998,5,91,84
143,92,460,389.3,409.1,10,0,0,-1,100160,5,122,99
29,267,448,386.9,406.3,10,0,0,-1,93994,5,127,97
114,369,474,348.6,366.2,10,0,0,-1,82330,5,121,88
248,412,467,451,475,10,0,0,-1,121492,5,120,120
111,316,464,389.1,409.7,10,0,0,-1,101994,5,113,103
76,28,460,429.4,451.8,10,0,0,-1,114326,5,127,112
181,374,472,311.7,327.9,10,0,0,-1,62832,5,110,81
201,77,466,301.7,315.9,10,0,0,-1,51832,5,110,71
30,125,451,318.4,334.8,10,0,0,-1,66998,5,118,82
234,264,456,419.8,440.6,10,0,0,-1,104162,5,139,104
65,211,469,369.9,389.3,10,0,0,-1,101660,5,97,97
158,411,468,447.3,471.1,10,0,0,-1,141324,5,119,119
196,48,459,398.8,419.6,10,0,0,-1,101660,5,118,104
199,303,464,381.3,401.1,10,0,0,-1,110326,5,114,99
83,295,466,398.3,418.1,10,0,0,-1,117992,5,131,99
103,315,466,393.4,413.8,10,0,0,-1,101160,5,118,102
188,262,468,428.8,451.6,10,0,0,-1,107660,5,137,114
106,406,457,473.7,497.9,10,0,0,-1,138990,5,133,121
246,264,467,418.9,440.3,10,0,0,-1,114992,5,146,107
96,179,458,446.9,470.3,10,0,0,-1,109660,5,131,117
208,210,460,418.3,440.1,10,0,0,-1,103494,5,124,109
40,84,445,370.4,388.8,10,0,0,-1,66498,5,141,92
50,79,445,356.1,374.7,10,0,0,-1,59832,5,131,93
