demandID,SourceID,DestinationID,MinDelay,MaxDelay,Bandwidth,Ishotstandby,DelayDifference,DisjointType,WorkOptCostRangeType,MinCostDelay,MinDelayDelay
175,102,471,200.7,210.9,10,1,0,0,30832,5,60,51
158,279,471,174.8,183.6,10,1,0,0,28832,5,53,44
79,323,471,171.1,179.7,10,1,0,0,31332,5,52,43
73,307,479,195.3,205.1,10,1,0,0,39498,5,63,49
114,262,474,202.7,212.9,10,1,0,0,32332,5,65,51
119,162,474,202.7,212.9,10,1,0,0,19000,5,65,51
85,281,471,215.5,226.5,10,1,0,0,31832,5,64,55
100,65,481,211.1,221.7,10,1,0,0,40498,5,54,53
77,385,474,213.8,224.6,10,1,0,0,36332,5,68,54
156,385,474,213.8,224.6,10,1,0,0,36332,5,68,54
35,288,454,218.9,230.3,10,1,0,0,35832,5,80,57
68,29,471,211.8,222.6,10,1,0,0,26666,5,63,54
104,319,483,206.8,217.6,10,1,0,0,29166,5,54,54
59,170,471,197,207,10,1,0,0,33332,5,59,50
33,196,454,263.3,277.1,10,1,0,0,44498,5,77,69
143,63,482,202.7,212.9,10,1,0,0,33332,5,51,51
71,67,483,210.1,220.7,10,1,0,0,27666,5,67,53
134,257,479,199,209,10,1,0,0,34832,5,64,50
52,288,471,245.1,257.7,10,1,0,0,35332,5,72,63
128,134,481,232.4,242.8,10,1,0,0,49664,5,92,52
166,145,482,236,246,10,1,0,0,50330,5,101,50
69,23,483,217.9,229.3,10,1,0,0,30166,5,57,57
32,167,454,235.7,247.9,10,1,0,0,53830,5,71,61
151,128,475,201.3,211.1,10,1,0,0,21500,5,49,49
173,345,483,236.4,248.8,10,1,0,0,31166,5,62,62
105,157,474,210.1,220.7,10,1,0,0,25666,5,67,53
70,362,473,239.3,251.1,10,1,0,0,37332,5,80,59
75,78,479,210.1,220.7,10,1,0,0,36332,5,67,53
58,127,475,227.2,238.4,10,1,0,0,29666,5,56,56
141,306,479,224.9,236.3,10,1,0,0,50164,5,71,57
94,145,469,275.7,287.9,10,1,0,0,53830,5,112,61
63,33,474,239.7,251.9,10,1,0,0,28166,5,75,61
62,241,475,230.9,242.3,10,1,0,0,23000,5,57,57
43,64,474,247.1,259.7,10,1,0,0,41498,5,78,63
170,160,480,213.2,224.4,10,1,0,0,34832,5,62,56
174,279,475,219.8,230.6,10,1,0,0,36332,5,54,54
39,280,475,245.7,257.9,10,1,0,0,32666,5,61,61
61,106,475,253.1,265.7,10,1,0,0,32166,5,63,63
112,169,474,250.8,263.6,10,1,0,0,44998,5,78,64
167,159,469,247.5,260.5,10,1,0,0,39498,5,72,65
44,436,481,252.5,265.5,10,1,0,0,26500,5,69,65
46,88,483,280.4,294.8,10,1,0,0,39832,5,80,72
148,99,471,282.1,296.7,10,1,0,0,60330,5,82,73
162,371,469,240.3,252.1,10,1,0,0,34666,5,59,59
117,176,471,271,285,10,1,0,0,46998,5,79,70
97,445,474,289.1,303.7,10,1,0,0,42332,5,92,73
113,294,483,314.1,330.7,10,1,0,0,69996,5,90,83
165,216,474,250.8,263.6,10,1,0,0,37332,5,78,64
132,410,475,276.6,290.2,10,1,0,0,35666,5,73,68
34,168,452,283.2,296.4,10,1,0,0,56164,5,105,66
155,312,479,221.2,232.4,10,1,0,0,32666,5,70,56
115,148,474,261.9,275.3,10,1,0,0,40332,5,82,67
116,203,474,273,287,10,1,0,0,47998,5,85,70
144,181,482,302.3,318.1,10,1,0,0,58164,5,89,79
81,246,479,258.2,271.4,10,1,0,0,43332,5,66,66
103,147,473,291.9,307.3,10,1,0,0,48998,5,105,77
129,43,479,273,287,10,1,0,0,43332,5,70,70
80,31,479,265.6,279.2,10,1,0,0,49498,5,82,68
171,159,479,255.1,267.7,10,1,0,0,44998,5,85,63
154,342,483,343.7,361.9,10,1,0,0,60664,5,91,91
172,211,474,306.3,322.1,10,1,0,0,45832,5,94,79
153,444,474,333.5,350.5,10,1,0,0,53998,5,104,85
145,36,483,313.4,329.8,10,1,0,0,55664,5,100,82
82,387,479,302,318,10,1,0,0,59664,5,80,80
121,166,483,334.9,352.3,10,1,0,0,63164,5,100,87
65,17,474,313.7,329.9,10,1,0,0,52998,5,95,81
111,26,475,286.4,300.8,10,1,0,0,46832,5,72,72
176,109,471,333.9,351.3,10,1,0,0,61164,5,96,87
96,36,479,305.6,321.2,10,1,0,0,59164,5,95,78
109,417,481,368.8,387.6,10,1,0,0,58998,5,115,94
106,114,475,338.2,355.4,10,1,0,0,57498,5,86,86
101,159,466,291.2,306.4,10,1,0,0,50498,5,89,76
54,290,479,365.5,384.5,10,1,0,0,66664,5,109,95
150,44,479,327.1,343.7,10,1,0,0,54998,5,89,83
84,340,483,369.6,389.2,10,1,0,0,84996,5,98,98
83,135,475,335.8,352.6,10,1,0,0,57498,5,89,84
169,98,479,339.6,357.2,10,1,0,0,79996,5,102,88
67,412,475,335.8,352.6,10,1,0,0,56498,5,89,84
56,337,479,369.2,388.4,10,1,0,0,75830,5,110,96
91,389,473,359,377,10,1,0,0,69830,5,136,90
36,23,463,314.4,330.8,10,1,0,0,44666,5,93,82
55,98,479,339.6,357.2,10,1,0,0,79996,5,102,88
142,166,479,335.2,352.4,10,1,0,0,66664,5,103,86
107,339,481,401.5,422.5,10,1,0,0,94662,5,118,105
161,124,475,341.9,359.3,10,1,0,0,65164,5,87,87
139,210,475,397.4,417.8,10,1,0,0,68998,5,123,102
168,17,475,360.4,378.8,10,1,0,0,61498,5,92,92
95,209,474,406.2,427.4,10,1,0,0,76664,5,121,106
152,86,474,352.3,370.1,10,1,0,0,66664,5,113,89
57,340,474,361.8,380.6,10,1,0,0,82496,5,108,94
72,159,475,304.5,319.5,10,1,0,0,53998,5,82,75
51,167,467,339.3,357.1,10,1,0,0,76830,5,99,89
60,376,468,401.5,422.5,10,1,0,0,88996,5,118,105
48,166,466,368.6,388.2,10,1,0,0,76164,5,104,98
130,377,469,424,446,10,1,0,0,77330,5,127,110
40,419,480,418.6,440.2,10,1,0,0,76664,5,122,108
140,430,481,419,441,10,1,0,0,82330,5,122,110
123,377,474,440.6,462.2,10,1,0,0,83830,5,150,108
74,428,468,382,402,10,1,0,0,93162,5,112,100
102,441,481,444.9,468.3,10,1,0,0,86496,5,121,117
