demandID,SourceID,DestinationID,MinDelay,MaxDelay,Bandwidth,Ishotstandby,DelayDifference,DisjointType,WorkOptCostRangeType,MinCostDelay,MinDelayDelay
7,14,46,1,3,0,1,2,2,5,2,1.27265,1.27265
14,46,14,1,3,0,1,2,2,5,2,1.27265,1.27265
4,11,35,0,2,0,1,2,2,7,2,0.84165,0.3066
11,35,11,0,2,0,1,2,2,7,2,0.84165,0.3066
15,97,26,0,1,0,1,1,2,4,2,0.01685,0.01685
10,26,97,0,1,0,1,1,2,4,2,0.01685,0.01685
9,26,4,0,2,0,1,2,2,6,2,0.33455,0.33455
2,4,26,0,2,0,1,2,2,6,2,0.33455,0.33455
13,46,11,0,1,0,1,1,2,5,2,0.3264,0.0744
5,11,46,0,1,0,1,1,2,5,2,0.3264,0.0744
0,3,11,0,3,0,1,3,2,8,2,0.9875,0.7355
3,11,3,0,3,0,1,3,2,8,2,0.9875,0.7355
1,3,26,1,3,0,1,2,2,8,5,0.6763,0.6763
8,26,3,1,3,0,1,2,2,8,5,0.6763,0.6763
12,35,14,1,3,0,1,2,2,9,2,1.7879,1.50485
6,14,35,1,3,0,1,2,2,9,2,1.7879,1.50485
