demandID,SourceID,DestinationID,MinDelay,MaxDelay,Bandwidth,Ishotstandby,DelayDifference,DisjointType,WorkOptCostRangeType,MinCostDelay,MinDelayDelay
18,1676,2063,105.6,108.3,10,0,0,-1,25166,5,96,84
10,1079,2000,111.2,114.1,10,0,0,-1,25166,5,109,88
25,1193,2003,117.4,119.7,10,0,0,-1,55496,3,122,99
16,1862,2023,70.4,72.7,10,0,0,-1,16500,3,75,52
28,649,2000,141.8,144.9,10,0,0,-1,49330,5,140,117
8,1944,2023,145.8,148.4,10,0,0,-1,52330,3,151,125
24,698,2035,83.4,84.7,10,0,0,-1,17500,3,86,73
51,1667,2021,117.6,123.2,10,0,0,-1,20666,5,42,28
23,1820,2023,95.4,97.7,10,0,0,-1,29832,3,100,77
3,680,356,168.8,169.9,10,0,0,-1,99992,3,171,160
14,934,2019,131.2,132.1,10,0,0,-1,47664,3,134,124
19,1170,2016,99,101,10,0,0,-1,41664,3,103,83
119,698,2075,152.3,160.1,10,0,0,-1,15500,5,45,39
7,801,2003,79,80,10,0,0,-1,18000,3,81,71
26,1800,2031,49.8,50.9,10,0,0,-1,20666,3,52,41
21,1499,2055,94,95.5,10,0,0,-1,18000,5,83,82
1,815,278,67,68,10,0,0,-1,20500,3,69,59
5,1643,2055,129,130.5,10,0,0,-1,33832,5,118,117
113,644,2068,149.1,155.7,10,0,0,-1,12500,5,60,33
13,1944,2012,119.4,121.7,10,0,0,-1,50496,3,124,101
12,1631,2001,108.4,109.7,10,0,0,-1,30332,3,111,98
9,70,2032,143,144.5,10,0,0,-1,53330,3,146,131
2,1669,1866,129,130.5,10,0,0,-1,57996,5,118,117
56,816,2046,166,174,10,0,0,-1,17000,5,58,40
61,1316,2041,183.7,191.9,10,0,0,-1,17000,5,69,41
87,1640,2022,148.9,156.3,10,0,0,-1,15000,5,64,37
69,719,2022,184.9,194.3,10,0,0,-1,25666,5,58,47
78,537,2043,156,162,10,0,0,-1,22666,5,30,30
105,633,2029,159.1,165.7,10,0,0,-1,19000,5,101,33
17,966,2040,56.6,57.3,10,0,0,-1,17500,3,68,51
103,1172,2009,174.8,183.6,10,0,0,-1,31832,5,56,44
20,1703,2025,141,143.5,10,0,0,-1,50330,3,146,121
54,1850,2048,146.7,152.9,10,0,0,-1,31832,5,63,31
27,400,2050,107.6,109.3,10,0,0,-1,42830,3,111,94
11,1480,2024,147,149.5,10,0,0,-1,52830,3,152,127
0,1699,817,174.8,177.4,10,0,0,-1,55330,3,180,154
114,703,2077,183.2,192.4,10,0,0,-1,28832,5,59,46
76,1212,2031,187.9,197.3,10,0,0,-1,33332,5,61,47
115,76,2079,187.9,197.3,10,0,0,-1,17000,5,61,47
6,183,2025,114.6,117.3,10,0,0,-1,49330,3,120,93
101,1800,2031,162.7,170.9,10,0,0,-1,23666,5,52,41
15,1319,2052,92.4,94.2,10,0,0,-1,41164,3,96,78
38,940,2006,181.9,191.3,10,0,0,-1,25666,5,55,47
34,1925,2049,172.2,179.4,10,0,0,-1,21000,5,75,36
117,776,2079,195,205,10,0,0,-1,27666,5,60,50
108,712,2021,220.2,231.4,10,0,0,-1,34832,5,56,56
35,608,2007,197.4,205.8,10,0,0,-1,17000,5,53,42
66,979,2022,207.1,217.7,10,0,0,-1,19000,5,64,53
118,1559,2065,207.4,217.8,10,0,0,-1,38498,5,67,52
52,871,1999,222.2,233.4,10,0,0,-1,34332,5,71,56
109,1857,2052,227.2,238.4,10,0,0,-1,29166,5,76,56
79,587,2018,262.3,276.1,10,0,0,-1,45498,5,76,69
72,845,2006,189.3,199.1,10,0,0,-1,27666,5,57,49
120,1349,2076,230,242,10,0,0,-1,41998,5,79,60
75,966,2040,195.7,205.9,10,0,0,-1,21500,5,68,51
37,1094,2004,199,209,10,0,0,-1,20000,5,64,50
85,114,2035,217.9,229.3,10,0,0,-1,21000,5,64,57
47,370,2050,198.4,208.8,10,0,0,-1,27666,5,58,52
64,1628,2031,219.2,230.4,10,0,0,-1,22000,5,68,56
70,1862,2023,215.4,225.8,10,0,0,-1,22500,5,75,52
111,1776,2000,248.5,261.5,10,0,0,-1,25500,5,73,65
93,1983,2052,205.4,215.8,10,0,0,-1,23000,5,69,52
59,1948,2043,225.1,235.7,10,0,0,-1,35832,5,82,53
104,1634,2030,259.9,273.3,10,0,0,-1,28666,5,79,67
98,861,1997,285.1,299.7,10,0,0,-1,54830,5,88,73
55,410,2014,232,244,10,0,0,-1,30166,5,70,60
29,815,278,228.3,240.1,10,0,0,-1,27000,5,69,59
81,313,2016,223.6,235.2,10,0,0,-1,42998,5,67,58
4,577,2041,93.2,94.1,10,0,0,-1,39664,3,95,86
31,1492,1589,295.1,309.7,10,0,0,-1,49498,5,98,73
91,1566,2020,228.6,240.2,10,0,0,-1,28000,5,72,58
71,1446,2060,246.6,258.2,10,0,0,-1,38832,5,84,58
48,530,2029,225.4,235.8,10,0,0,-1,29166,5,85,52
112,770,2066,252.4,264.8,10,0,0,-1,32666,5,75,62
36,432,2057,230.3,242.1,10,0,0,-1,24000,5,67,59
84,448,2028,238.7,250.9,10,0,0,-1,24000,5,80,61
57,1863,2013,221.8,232.6,10,0,0,-1,25000,5,56,54
63,1639,2003,264.6,278.2,10,0,0,-1,31166,5,81,68
90,1388,2042,262.6,276.2,10,0,0,-1,29500,5,79,68
65,574,2006,234.5,245.5,10,0,0,-1,30166,5,86,55
107,340,2049,229,241,10,0,0,-1,37666,5,67,60
40,1078,2046,269.6,283.2,10,0,0,-1,36832,5,86,68
50,219,2034,222.2,233.4,10,0,0,-1,26500,5,71,56
106,1388,2003,251.2,264.4,10,0,0,-1,27500,5,68,66
41,1014,2021,247.8,260.6,10,0,0,-1,38832,5,75,64
95,770,2011,267.6,281.2,10,0,0,-1,33166,5,84,68
32,1171,2037,280,294,10,0,0,-1,46998,5,91,70
83,1749,2030,290.2,305.4,10,0,0,-1,53664,5,85,76
39,1822,1999,264.3,276.1,10,0,0,-1,28500,5,80,59
62,1268,2006,264.6,278.2,10,0,0,-1,43998,5,81,68
58,1109,1998,261.8,274.6,10,0,0,-1,33166,5,81,64
68,1758,2000,296.6,312.2,10,0,0,-1,34666,5,86,78
43,1801,2014,264.2,277.4,10,0,0,-1,38832,5,86,66
44,920,2045,290,304,10,0,0,-1,58830,5,101,70
46,1953,2059,270,284,10,0,0,-1,47998,5,81,70
33,1231,2049,261.8,274.6,10,0,0,-1,43332,5,82,64
116,1378,2077,318.1,334.7,10,0,0,-1,45332,5,90,83
67,1789,2052,247.4,259.8,10,0,0,-1,27000,5,80,62
80,477,2053,253.9,267.3,10,0,0,-1,34666,5,80,67
42,801,2003,272.7,286.9,10,0,0,-1,30500,5,81,71
99,754,2001,291.9,307.3,10,0,0,-1,31500,5,84,77
45,529,2008,281.1,295.7,10,0,0,-1,40832,5,84,73
92,698,2035,283.1,297.7,10,0,0,-1,27500,5,86,73
88,495,2004,268.3,282.1,10,0,0,-1,33666,5,88,69
110,1140,2011,318.3,334.1,10,0,0,-1,60330,5,105,79
74,1229,2012,287.2,302.4,10,0,0,-1,48498,5,82,76
100,154,2012,269.7,283.9,10,0,0,-1,36166,5,92,71
30,311,915,266.9,280.3,10,0,0,-1,38166,5,86,67
102,1472,1997,287.4,301.8,10,0,0,-1,42832,5,93,72
73,1821,2001,277.5,290.5,10,0,0,-1,34666,5,100,65
53,1559,2052,268.7,282.9,10,0,0,-1,48498,5,77,71
77,744,2039,281.4,295.8,10,0,0,-1,43332,5,87,72
86,435,2052,259.2,272.4,10,0,0,-1,40832,5,77,66
97,171,2030,281.8,296.6,10,0,0,-1,48498,5,82,74
94,1644,2026,297.9,313.3,10,0,0,-1,42332,5,90,77
96,266,2008,267,281,10,0,0,-1,49498,5,86,70
60,1885,2039,290.4,304.8,10,0,0,-1,31500,5,96,72
82,1965,2053,283.1,297.7,10,0,0,-1,48998,5,86,73
22,185,2046,100,101.5,10,0,0,-1,56662,3,103,88
89,1820,2023,307.9,323.3,10,0,0,-1,44832,5,100,77
49,138,2035,288.2,303.4,10,0,0,-1,37666,5,76,76
