demandID,SourceID,DestinationID,MinDelay,MaxDelay,Bandwidth,Ishotstandby,DelayDifference,DisjointType,WorkOptCostRangeType,MinCostDelay,MinDelayDelay
162,104,464,143.2,150.4,10,1,0,0,23666,5,46,36
123,414,464,217.2,228.4,10,1,0,0,31666,5,56,56
157,184,455,177,185,10,1,0,0,38998,5,68,40
66,208,467,181.9,191.3,10,1,0,0,28166,5,59,47
83,388,464,235.7,247.9,10,1,0,0,47498,5,71,61
90,33,467,198.7,208.9,10,1,0,0,35832,5,51,51
95,89,455,241,253,10,1,0,0,51664,5,83,60
172,26,472,202.4,212.8,10,1,0,0,36332,5,52,52
138,49,471,207.4,217.8,10,1,0,0,23500,5,65,52
65,182,470,183.1,191.7,10,1,0,0,26666,5,65,43
10,77,447,229.6,241.2,10,1,0,0,45998,5,73,58
39,184,459,188.4,196.8,10,1,0,0,36998,5,70,42
89,262,461,191.3,201.1,10,1,0,0,21500,5,57,49
143,374,460,238.3,250.1,10,1,0,0,44832,5,79,59
73,389,456,315.2,330.4,10,1,0,0,62164,5,76,76
164,263,471,203.7,213.9,10,1,0,0,30166,5,64,51
91,33,461,195.3,205.1,10,1,0,0,35832,5,49,49
20,159,450,218.2,229.4,10,1,0,0,27000,5,67,56
100,375,460,286.7,300.9,10,1,0,0,47498,5,95,71
28,343,465,226.3,238.1,10,1,0,0,31666,5,71,59
45,189,469,224.9,236.3,10,1,0,0,43998,5,71,57
23,68,450,214.5,225.5,10,1,0,0,27000,5,66,55
120,423,462,263.6,277.2,10,1,0,0,33000,5,68,68
79,375,457,289.4,303.8,10,1,0,0,47498,5,95,72
84,309,464,243.1,255.7,10,1,0,0,40332,5,73,63
125,334,462,207.8,218.6,10,1,0,0,26000,5,66,54
46,375,471,290.1,302.7,10,1,0,0,47498,5,120,63
31,60,464,243.1,255.7,10,1,0,0,41332,5,77,63
106,72,460,242.8,255.6,10,1,0,0,49164,5,70,64
18,354,443,306.2,321.4,10,1,0,0,53498,5,76,76
153,332,464,221.5,232.5,10,1,0,0,40332,5,77,55
124,98,468,253.9,267.3,10,1,0,0,42832,5,78,67
128,240,470,258.2,271.4,10,1,0,0,39332,5,80,66
71,240,470,258.2,271.4,10,1,0,0,39332,5,80,66
69,393,455,388.7,408.9,10,1,0,0,88996,5,116,101
42,32,461,224.9,236.3,10,1,0,0,46498,5,57,57
52,26,467,250.5,263.5,10,1,0,0,39332,5,65,65
149,264,471,237,249,10,1,0,0,41832,5,73,60
32,374,468,271,285,10,1,0,0,47332,5,70,70
160,209,463,237.4,249.8,10,1,0,0,42332,5,74,62
74,396,457,355.7,373.9,10,1,0,0,63498,5,110,91
81,185,471,247.1,259.7,10,1,0,0,40332,5,81,63
148,335,461,243.1,255.7,10,1,0,0,29500,5,71,63
108,325,458,226.3,238.1,10,1,0,0,35166,5,82,59
159,332,467,241.1,253.7,10,1,0,0,41832,5,75,63
76,142,466,271,285,10,1,0,0,56664,5,82,70
174,98,461,239.4,251.8,10,1,0,0,42832,5,70,62
129,340,455,385.4,405.8,10,1,0,0,73164,5,114,102
158,115,468,296.6,312.2,10,1,0,0,51998,5,79,78
117,25,470,270,284,10,1,0,0,38666,5,71,70
85,163,464,296.9,312.3,10,1,0,0,59164,5,79,77
109,307,471,298.6,314.2,10,1,0,0,58664,5,83,78
37,26,458,250.5,263.5,10,1,0,0,42832,5,76,65
168,142,459,248.8,261.6,10,1,0,0,55664,5,76,64
135,62,466,290.5,305.5,10,1,0,0,56664,5,91,75
36,434,471,354.4,370.8,10,1,0,0,64164,5,133,82
88,51,466,280.1,294.7,10,1,0,0,45832,5,88,73
122,89,468,309.3,325.1,10,1,0,0,58664,5,96,79
121,342,465,278.1,292.7,10,1,0,0,44832,5,85,73
17,111,446,306,322,10,1,0,0,66330,5,112,80
136,333,470,264.3,278.1,10,1,0,0,38666,5,75,69
58,260,459,280.1,294.7,10,1,0,0,38166,5,81,73
57,214,466,300.3,316.1,10,1,0,0,46832,5,91,79
29,50,467,269,283,10,1,0,0,38666,5,78,70
113,435,464,366.1,384.7,10,1,0,0,67498,5,115,93
56,407,470,342,360,10,1,0,0,71830,5,99,90
126,210,461,278.4,292.8,10,1,0,0,53498,5,84,72
130,260,456,302.3,318.1,10,1,0,0,40166,5,87,79
141,142,467,293.2,308.4,10,1,0,0,60164,5,88,76
146,27,458,306,322,10,1,0,0,55498,5,91,80
150,318,471,331.8,348.6,10,1,0,0,65330,5,105,84
134,100,460,280.7,294.9,10,1,0,0,58164,5,89,71
104,215,462,296.6,312.2,10,1,0,0,42666,5,90,78
103,260,461,317.1,333.7,10,1,0,0,45166,5,91,83
21,149,449,299.6,315.2,10,1,0,0,49832,5,93,78
34,212,472,342.8,359.6,10,1,0,0,59664,5,120,84
154,435,461,354,372,10,1,0,0,84828,5,111,90
75,318,458,334.2,351.4,10,1,0,0,67330,5,113,86
170,376,468,385.3,405.1,10,1,0,0,62332,5,118,99
102,337,464,330.8,347.6,10,1,0,0,53832,5,102,84
61,337,467,350.4,368.8,10,1,0,0,55832,5,100,92
14,343,449,296.5,311.5,10,1,0,0,43166,5,98,75
16,61,449,358.8,377.6,10,1,0,0,61498,5,94,94
152,348,462,290.7,304.9,10,1,0,0,52498,5,85,71
19,209,448,304.8,319.6,10,1,0,0,52332,5,109,74
53,259,461,376.3,396.1,10,1,0,0,61832,5,107,99
163,259,460,361.5,380.5,10,1,0,0,55832,5,103,95
50,338,461,352.4,370.8,10,1,0,0,62498,5,100,92
68,18,456,383.4,403.8,10,1,0,0,73330,5,112,102
155,141,468,372.3,392.1,10,1,0,0,75330,5,105,99
27,337,470,377.3,397.1,10,1,0,0,62832,5,110,99
15,276,448,341.2,358.4,10,1,0,0,54832,5,113,86
49,113,462,391.4,411.8,10,1,0,0,79830,5,102,102
92,212,457,376.4,394.8,10,1,0,0,67664,5,128,92
41,329,465,370.9,390.3,10,1,0,0,72330,5,105,97
24,415,447,357.8,376.6,10,1,0,0,56332,5,101,94
48,255,457,391.1,411.7,10,1,0,0,80996,5,113,103
87,255,457,391.1,411.7,10,1,0,0,80996,5,113,103
171,329,458,400.2,421.4,10,1,0,0,81330,5,125,106
54,329,467,404.2,425.4,10,1,0,0,81330,5,114,106
86,329,463,389.4,409.8,10,1,0,0,79830,5,110,102
12,112,453,399.5,420.5,10,1,0,0,81496,5,121,105
82,329,464,384.6,404.2,10,1,0,0,79330,5,116,98
77,253,462,404.2,425.4,10,1,0,0,94828,5,117,106
139,254,471,403.5,424.5,10,1,0,0,91162,5,118,105
26,257,468,438.9,462.3,10,1,0,0,102160,5,128,117
11,328,452,418.7,440.9,10,1,0,0,84664,5,123,111
142,256,459,431.1,453.7,10,1,0,0,108826,5,124,113
9,112,62,508.8,535.6,10,1,0,0,146656,5,147,134
22,259,448,434.3,456.1,10,1,0,0,92328,5,140,109
33,199,464,450.6,474.2,10,1,0,0,120992,5,132,118
101,203,464,328.5,345.5,10,1,0,0,60998,5,99,85
30,257,470,453.7,477.9,10,1,0,0,110160,5,132,121
133,256,462,494,520,10,1,0,0,117826,5,141,130
107,334,457,170.8,179.6,10,1,0,0,20500,5,56,44
8,411,114,457.3,481.1,10,1,0,0,115494,5,136,119
40,251,455,232,244,10,1,0,0,42332,5,68,60
51,389,460,301.2,316.4,10,1,0,0,65664,5,96,76
131,31,460,228.3,240.1,10,1,0,0,52164,5,59,59
173,26,456,228.3,240.1,10,1,0,0,37832,5,59,59
140,421,464,228.3,240.1,10,1,0,0,43332,5,59,59
161,117,460,180.2,189.4,10,1,0,0,27166,5,46,46
59,24,469,151.6,159.2,10,1,0,0,20000,5,39,38
167,13,464,154.3,162.1,10,1,0,0,17000,5,53,39
