demandID,SourceID,DestinationID,MinDelay,MaxDelay,Bandwidth,Ishotstandby,DelayDifference,DisjointType,WorkOptCostRangeType,MinCostDelay,MinDelayDelay
130,1385,2026,154.9,162.3,10,1,0,0,22166,5,55,37
179,829,2076,127.1,131.7,10,1,0,0,15500,5,50,23
79,1825,2022,165.3,173.1,10,1,0,0,29332,5,52,39
45,1842,2025,179.2,188.4,10,1,0,0,19166,5,55,46
188,1141,2066,174.1,182.7,10,1,0,0,29832,5,58,43
159,462,2054,177.2,186.4,10,1,0,0,29332,5,53,46
148,1092,2037,155.1,161.7,10,1,0,0,18500,5,66,33
136,1960,2040,161.3,169.1,10,1,0,0,16500,5,56,39
170,1574,2070,198.3,208.1,10,1,0,0,30332,5,66,49
42,460,2040,170.7,178.9,10,1,0,0,16000,5,60,41
176,1597,2078,206,216,10,1,0,0,30332,5,71,50
41,462,2051,169.1,177.7,10,1,0,0,29332,5,53,43
178,593,2066,182,190,10,1,0,0,22666,5,45,40
93,393,2051,183.9,193.3,10,1,0,0,31332,5,57,47
106,1764,2027,208.6,218.2,10,1,0,0,21000,5,73,48
48,1574,2042,198,208,10,1,0,0,31332,5,63,50
66,666,2027,191.2,200.4,10,1,0,0,17500,5,57,46
92,335,2042,175.8,184.6,10,1,0,0,20166,5,57,44
180,1106,2069,194.3,204.1,10,1,0,0,27832,5,59,49
57,309,2025,196,206,10,1,0,0,30332,5,61,50
111,603,2051,172.5,181.5,10,1,0,0,30332,5,79,45
109,1456,2026,206.7,216.9,10,1,0,0,31832,5,69,51
71,826,2042,188.2,197.4,10,1,0,0,37498,5,76,46
171,203,2066,209.3,219.1,10,1,0,0,37998,5,49,49
152,1143,2028,216.9,228.3,10,1,0,0,40998,5,63,57
117,213,2055,199,209,10,1,0,0,29832,5,64,50
90,248,2017,201.7,211.9,10,1,0,0,31332,5,64,51
144,1297,2041,180.9,190.3,10,1,0,0,17000,5,54,47
157,1742,2063,192.9,202.3,10,1,0,0,16500,5,66,47
44,1538,2030,230.3,242.1,10,1,0,0,26666,5,71,59
82,1529,2001,223.9,235.3,10,1,0,0,32332,5,70,57
163,1554,2027,226.4,236.8,10,1,0,0,27166,5,73,52
97,61,2025,227.5,238.5,10,1,0,0,38998,5,79,55
154,994,2026,222.3,232.1,10,1,0,0,32332,5,60,49
73,361,2054,251.2,264.4,10,1,0,0,32332,5,73,66
47,1551,2011,202.5,211.5,10,1,0,0,25666,5,48,45
87,1529,2031,230.3,242.1,10,1,0,0,35832,5,71,59
181,1175,2071,254.3,266.1,10,1,0,0,38498,5,95,59
55,331,2002,216.5,227.5,10,1,0,0,36332,5,55,55
185,341,2079,237.4,249.8,10,1,0,0,33832,5,70,62
161,1566,2024,235.6,247.2,10,1,0,0,28166,5,79,58
107,1103,2019,202.5,211.5,10,1,0,0,19000,5,86,45
173,636,2080,214.6,224.2,10,1,0,0,32332,5,82,48
60,185,2016,223.9,235.3,10,1,0,0,23000,5,70,57
53,231,2057,210.6,220.2,10,1,0,0,21500,5,81,48
189,864,2072,237.9,249.3,10,1,0,0,44664,5,102,57
132,1108,2018,224.7,234.9,10,1,0,0,25166,5,87,51
101,1299,2018,222.8,233.6,10,1,0,0,24166,5,74,54
102,1538,2006,251.8,264.6,10,1,0,0,29166,5,86,64
52,800,2062,214.2,225.4,10,1,0,0,25666,5,57,56
166,1590,2077,257.8,270.6,10,1,0,0,39998,5,77,64
68,1574,2002,242.4,254.8,10,1,0,0,35832,5,75,62
123,1820,2043,250.4,262.8,10,1,0,0,34332,5,83,62
51,9,2053,229.9,241.3,10,1,0,0,29166,5,76,57
67,822,2062,222.4,232.8,10,1,0,0,32832,5,92,52
172,826,2073,218.1,228.7,10,1,0,0,39498,5,102,53
141,17,2047,220.7,230.9,10,1,0,0,23000,5,83,51
110,1834,2021,264.5,277.5,10,1,0,0,58496,5,90,65
39,400,375,278.1,292.7,10,1,0,0,56830,5,96,73
145,1481,2011,224.7,234.9,10,1,0,0,21000,5,63,51
182,1968,2075,233.2,244.4,10,1,0,0,39498,5,81,56
115,1450,2035,247.4,259.8,10,1,0,0,39332,5,80,62
58,1822,2001,268,282,10,1,0,0,45164,5,79,70
46,1011,2010,268.7,282.9,10,1,0,0,35832,5,77,71
138,561,2022,230.3,242.1,10,1,0,0,21500,5,71,59
169,682,2080,244.2,255.4,10,1,0,0,25666,5,92,56
126,1240,1996,254.3,266.1,10,1,0,0,35332,5,95,59
167,1413,2076,270.3,284.1,10,1,0,0,45164,5,77,69
100,1048,2041,284.5,299.5,10,1,0,0,33666,5,83,75
124,1013,2015,254.8,267.6,10,1,0,0,48664,5,100,64
104,1969,2012,246.9,258.3,10,1,0,0,36332,5,67,57
191,875,2069,263,275,10,1,0,0,51330,5,86,60
86,1562,2013,263.2,276.4,10,1,0,0,37332,5,82,66
108,1638,2013,254.2,267.4,10,1,0,0,43998,5,73,66
49,1193,2046,257.5,270.5,10,1,0,0,41832,5,76,65
43,125,2057,237.3,249.1,10,1,0,0,33166,5,78,59
88,1066,2012,273.5,286.5,10,1,0,0,27000,5,86,65
121,1685,2063,294.8,309.6,10,1,0,0,53830,5,95,74
186,1413,2074,266.6,280.2,10,1,0,0,46164,5,83,68
120,1807,2060,299.6,315.2,10,1,0,0,41498,5,89,78
168,487,2067,281.1,295.7,10,1,0,0,34332,5,119,73
37,386,847,289.5,304.5,10,1,0,0,35832,5,75,75
65,1473,2053,269.7,283.9,10,1,0,0,48664,5,78,71
33,510,1398,244.8,257.6,10,1,0,0,30666,5,68,64
151,130,2013,260.9,274.3,10,1,0,0,50664,5,80,67
96,460,2037,271.8,284.6,10,1,0,0,26000,5,64,64
36,1556,859,309.6,325.2,10,1,0,0,45498,5,99,78
155,1632,2039,302.2,317.4,10,1,0,0,38832,5,97,76
70,908,2048,259.1,271.7,10,1,0,0,27666,5,104,63
129,1537,2011,294.2,309.4,10,1,0,0,36332,5,92,76
164,1950,2031,238.5,249.5,10,1,0,0,30666,5,64,55
134,1012,2016,273.1,285.7,10,1,0,0,44498,5,112,63
175,677,2066,296.7,310.9,10,1,0,0,56830,5,76,71
135,1006,2011,258,270,10,1,0,0,33666,5,79,60
84,1654,2041,293.5,308.5,10,1,0,0,42998,5,82,75
78,1871,2026,290.2,305.4,10,1,0,0,56830,5,85,76
74,1179,2020,262.2,275.4,10,1,0,0,29500,5,85,66
62,1584,2045,290.5,305.5,10,1,0,0,42832,5,88,75
69,1671,2059,310.7,326.9,10,1,0,0,43998,5,92,81
76,151,2056,287.8,302.6,10,1,0,0,45998,5,88,74
139,548,2005,294.5,309.5,10,1,0,0,32666,5,91,75
95,1964,2010,290.5,305.5,10,1,0,0,45998,5,88,75
147,897,2035,287.2,302.4,10,1,0,0,36166,5,94,76
81,913,1996,299.6,315.2,10,1,0,0,44498,5,89,78
162,954,2053,268.5,281.5,10,1,0,0,31666,5,93,65
122,862,2003,272.6,286.2,10,1,0,0,35832,5,89,68
99,1268,2043,347.4,365.8,10,1,0,0,58164,5,99,92
153,1385,2005,282.1,294.7,10,1,0,0,32666,5,81,63
98,1628,2034,313.3,329.1,10,1,0,0,47998,5,100,79
131,1479,2016,279.8,294.6,10,1,0,0,33666,5,76,74
119,1807,2019,313.1,329.7,10,1,0,0,44998,5,83,83
184,807,2080,316.4,332.8,10,1,0,0,55330,5,95,82
156,1530,2003,313.3,329.1,10,1,0,0,46498,5,92,79
105,86,2018,334.6,352.2,10,1,0,0,66496,5,97,88
160,1233,2048,326.5,343.5,10,1,0,0,50664,5,97,85
142,101,2034,304.6,320.2,10,1,0,0,34666,5,107,78
56,1570,2034,341.3,357.1,10,1,0,0,62330,5,128,79
80,1652,2026,338.5,355.5,10,1,0,0,59330,5,85,85
118,293,2048,310.7,326.9,10,1,0,0,58830,5,92,81
137,1834,2015,315.4,331.8,10,1,0,0,63496,5,85,82
125,1462,2029,343.5,360.5,10,1,0,0,51498,5,114,85
195,839,2067,344,362,10,1,0,0,63996,5,101,90
50,1674,2063,333.7,349.9,10,1,0,0,57330,5,115,81
128,1319,2018,309.6,325.2,10,1,0,0,57830,5,99,78
