demandID,SourceID,DestinationID,MinDelay,MaxDelay,Bandwidth,Ishotstandby,DelayDifference,DisjointType,WorkOptCostRangeType,MinCostDelay,MinDelayDelay
28,14,464,174.1,182.7,10,0,0,-1,16500,5,58,43
41,411,455,193.6,203.2,10,0,0,-1,17000,5,84,48
7,186,465,87,88.5,10,0,0,-1,29998,3,90,75
159,336,470,184,192,10,0,0,-1,18500,5,68,40
68,120,464,192.6,202.2,10,0,0,-1,24666,5,63,48
74,406,453,209.3,219.1,10,0,0,-1,22500,5,85,49
104,327,471,190.8,199.6,10,0,0,-1,23666,5,80,44
5,77,452,76,77,10,0,0,-1,37164,3,78,68
6,126,459,79.8,80.4,10,0,0,-1,30498,3,81,75
10,402,449,168.1,176.7,10,0,0,-1,17000,5,52,43
72,141,464,198.6,208.2,10,0,0,-1,20500,5,63,48
52,215,463,188.6,198.2,10,0,0,-1,19000,5,59,48
139,169,464,202.3,212.1,10,0,0,-1,20500,5,64,49
174,383,453,235.4,247.8,10,0,0,-1,45664,5,62,62
105,333,454,238.9,250.3,10,0,0,-1,33332,5,93,57
16,327,456,198.8,207.6,10,0,0,-1,26666,5,80,44
14,336,444,185.1,193.7,10,0,0,-1,22000,5,69,43
71,336,456,198.8,207.6,10,0,0,-1,22500,5,72,44
144,77,452,261.6,275.2,10,0,0,-1,38166,5,78,68
36,353,456,257.4,269.8,10,0,0,-1,39998,5,98,62
189,394,452,294.4,308.8,10,0,0,-1,56164,5,72,72
3,368,469,146.2,147.6,10,0,0,-1,56662,3,149,135
190,53,462,207.1,217.7,10,0,0,-1,27666,5,64,53
60,12,464,214.8,225.6,10,0,0,-1,33332,5,69,54
69,63,458,197.7,207.9,10,0,0,-1,21500,5,60,51
107,337,471,231.5,242.5,10,0,0,-1,29166,5,83,55
101,328,471,253.7,265.9,10,0,0,-1,34332,5,97,61
161,388,456,209.3,219.1,10,0,0,-1,20500,5,58,49
100,389,466,191.9,201.3,10,0,0,-1,27166,5,65,47
79,337,469,232.7,244.9,10,0,0,-1,28666,5,68,61
34,407,456,238.9,250.3,10,0,0,-1,31666,5,66,57
83,76,462,236.7,248.9,10,0,0,-1,22000,5,72,61
160,170,464,220.8,231.6,10,0,0,-1,29166,5,69,54
49,389,470,217.3,227.1,10,0,0,-1,27666,5,79,49
63,76,460,242.8,255.6,10,0,0,-1,23000,5,70,64
131,79,460,224.3,236.1,10,0,0,-1,35332,5,65,59
154,362,454,255.5,268.5,10,0,0,-1,29166,5,65,65
78,115,460,205.8,216.6,10,0,0,-1,27166,5,60,54
157,388,469,210.5,221.5,10,0,0,-1,21500,5,62,55
46,322,464,214.8,225.6,10,0,0,-1,42498,5,72,54
20,181,461,278.1,292.7,10,0,0,-1,47164,5,81,73
127,360,454,268.5,281.5,10,0,0,-1,27500,5,101,65
8,78,439,131.9,137.3,10,0,0,-1,39498,5,59,27
185,425,454,279.6,293.2,10,0,0,-1,37832,5,104,68
108,333,465,217.8,228.6,10,0,0,-1,36332,5,72,54
43,361,470,222.8,233.6,10,0,0,-1,23000,5,71,54
128,244,460,261.3,275.1,10,0,0,-1,37332,5,75,69
92,376,454,274,288,10,0,0,-1,38332,5,70,70
33,26,458,242.1,254.7,10,0,0,-1,38332,5,72,63
187,229,465,231.7,243.9,10,0,0,-1,24000,5,67,61
35,354,470,287.6,301.2,10,0,0,-1,50664,5,98,68
133,424,470,261.7,273.9,10,0,0,-1,31666,5,91,61
171,316,465,236.3,248.1,10,0,0,-1,30166,5,77,59
172,239,464,261.3,275.1,10,0,0,-1,39332,5,75,69
166,434,456,294.4,308.8,10,0,0,-1,40332,5,81,72
88,342,452,346.2,363.4,10,0,0,-1,79496,5,114,86
196,315,463,223.7,233.9,10,0,0,-1,23500,5,61,51
29,238,462,292.2,307.4,10,0,0,-1,46998,5,87,76
0,380,439,128.6,131.3,10,0,0,-1,61162,3,134,107
106,10,464,276.3,290.1,10,0,0,-1,54164,5,84,69
67,332,455,304.6,320.2,10,0,0,-1,48498,5,114,78
84,240,463,244.1,256.7,10,0,0,-1,31666,5,78,63
186,355,453,283.3,297.1,10,0,0,-1,54330,5,97,69
142,390,471,283.3,297.1,10,0,0,-1,38832,5,105,69
85,390,471,283.3,297.1,10,0,0,-1,38832,5,105,69
58,333,469,243.8,256.6,10,0,0,-1,39832,5,71,64
180,348,453,298.3,314.1,10,0,0,-1,37166,5,79,79
150,355,454,305.5,320.5,10,0,0,-1,55330,5,103,75
134,427,453,338.8,355.6,10,0,0,-1,54664,5,120,84
90,159,460,324.2,341.4,10,0,0,-1,55664,5,92,86
98,300,453,339,357,10,0,0,-1,49998,5,90,90
102,88,460,246.5,259.5,10,0,0,-1,34166,5,71,65
178,434,465,269.6,283.2,10,0,0,-1,40332,5,86,68
42,384,464,248.1,260.7,10,0,0,-1,47998,5,63,63
151,294,471,298.1,312.7,10,0,0,-1,34166,5,109,73
170,376,471,277.7,291.9,10,0,0,-1,40832,5,71,71
26,293,462,258,270,10,0,0,-1,27000,5,70,60
191,247,460,283.5,298.5,10,0,0,-1,45998,5,81,75
59,404,464,244.4,256.8,10,0,0,-1,43332,5,68,62
126,226,462,295.9,311.3,10,0,0,-1,49498,5,88,77
96,18,462,273.7,287.9,10,0,0,-1,49498,5,82,71
22,180,460,335.3,353.1,10,0,0,-1,50998,5,95,89
54,380,458,348.9,366.3,10,0,0,-1,66996,5,114,87
99,426,470,306.1,320.7,10,0,0,-1,49998,5,103,73
167,288,462,258.9,272.3,10,0,0,-1,42832,5,78,67
138,77,453,287.5,302.5,10,0,0,-1,36166,5,85,75
86,356,471,299.9,315.3,10,0,0,-1,55664,5,77,77
55,242,457,243.7,255.9,10,0,0,-1,28500,5,70,61
123,292,455,319.4,335.8,10,0,0,-1,35500,5,89,82
176,186,467,284.8,299.6,10,0,0,-1,43332,5,85,74
182,329,469,306.7,322.9,10,0,0,-1,50498,5,88,81
4,77,453,83,84,10,0,0,-1,38164,3,85,75
164,434,469,295.6,311.2,10,0,0,-1,44832,5,85,78
70,80,457,247.4,259.8,10,0,0,-1,36666,5,71,62
38,89,464,279.8,294.6,10,0,0,-1,45832,5,80,74
156,197,464,305.7,321.9,10,0,0,-1,61664,5,87,81
173,246,469,304.9,320.3,10,0,0,-1,39166,5,97,77
193,248,462,292.2,307.4,10,0,0,-1,56164,5,87,76
64,434,462,298.7,312.9,10,0,0,-1,45832,5,81,71
51,433,470,317.2,332.4,10,0,0,-1,52498,5,106,76
19,289,462,295.9,311.3,10,0,0,-1,51998,5,88,77
146,302,456,329.5,346.5,10,0,0,-1,46166,5,85,85
18,296,466,328.8,345.6,10,0,0,-1,54998,5,102,84
47,294,462,302.4,316.8,10,0,0,-1,40166,5,82,72
119,173,466,268.7,282.9,10,0,0,-1,33000,5,71,71
89,4,460,346.4,364.8,10,0,0,-1,54998,5,98,92
122,266,458,282.8,297.6,10,0,0,-1,33500,5,83,74
165,31,463,299.6,315.2,10,0,0,-1,46832,5,89,78
12,297,442,359,377,10,0,0,-1,63164,5,116,90
153,127,459,304.6,320.2,10,0,0,-1,44500,5,78,78
132,1,459,304.6,320.2,10,0,0,-1,44500,5,78,78
148,231,457,314,330,10,0,0,-1,44166,5,98,80
137,128,464,290.9,306.3,10,0,0,-1,35000,5,83,77
37,82,459,308.3,324.1,10,0,0,-1,58332,5,94,79
66,121,457,277,291,10,0,0,-1,35000,5,88,70
2,136,454,160,161.5,10,0,0,-1,67828,3,163,148
168,331,469,317.8,334.6,10,0,0,-1,57664,5,91,84
169,55,458,305,321,10,0,0,-1,55998,5,89,80
129,140,460,353.8,372.6,10,0,0,-1,45666,5,100,94
152,202,466,298.3,314.1,10,0,0,-1,51332,5,79,79
24,232,457,347.3,365.1,10,0,0,-1,60832,5,107,89
136,277,462,351.4,369.8,10,0,0,-1,59498,5,103,92
32,159,457,365.8,384.6,10,0,0,-1,74164,5,112,94
130,189,458,330.9,348.3,10,0,0,-1,62664,5,96,87
184,186,465,292.5,307.5,10,0,0,-1,47832,5,90,75
145,302,464,322.1,338.7,10,0,0,-1,49166,5,101,83
117,417,470,361.6,379.2,10,0,0,-1,67330,5,118,88
23,312,462,328.3,344.1,10,0,0,-1,55332,5,89,79
162,21,460,353.8,372.6,10,0,0,-1,76496,5,100,94
62,266,457,321.4,337.8,10,0,0,-1,42500,5,100,82
114,111,466,320.5,337.5,10,0,0,-1,54832,5,85,85
77,130,458,342,360,10,0,0,-1,56832,5,99,90
45,139,460,409.3,431.1,10,0,0,-1,62332,5,115,109
91,269,462,399.5,420.5,10,0,0,-1,69498,5,116,105
141,265,457,328.8,345.6,10,0,0,-1,45000,5,102,84
21,150,464,368.8,387.6,10,0,0,-1,71664,5,109,94
163,269,460,405.6,427.2,10,0,0,-1,68998,5,114,108
113,57,460,372.3,392.1,10,0,0,-1,65830,5,105,99
175,309,456,397.4,417.8,10,0,0,-1,70330,5,158,102
95,311,466,351,369,10,0,0,-1,64998,5,108,90
188,371,462,391.2,410.4,10,0,0,-1,62832,5,106,96
111,341,470,383.8,402.6,10,0,0,-1,76330,5,122,94
13,320,438,291.4,305.8,10,0,0,-1,49832,5,97,72
140,291,460,431.5,454.5,10,0,0,-1,84830,5,121,115
75,237,457,362.1,380.7,10,0,0,-1,74164,5,111,93
115,131,463,369.9,389.3,10,0,0,-1,67498,5,112,97
76,161,464,364.9,384.3,10,0,0,-1,88996,5,103,97
93,234,460,409.3,431.1,10,0,0,-1,87662,5,115,109
181,126,459,283.5,298.5,10,0,0,-1,52332,5,81,75
155,6,464,391.1,411.7,10,0,0,-1,81830,5,113,103
110,172,466,316.8,333.6,10,0,0,-1,57998,5,84,84
61,380,464,397,417,10,0,0,-1,82496,5,145,100
97,224,463,410.6,432.2,10,0,0,-1,84330,5,119,108
1,297,442,110.8,113.4,10,0,0,-1,74994,3,116,90
118,285,458,327.2,344.4,10,0,0,-1,56832,5,95,86
56,36,462,403.9,425.3,10,0,0,-1,78830,5,115,107
194,308,471,422.2,443.4,10,0,0,-1,72664,5,144,106
143,428,469,428.8,451.6,10,0,0,-1,84330,5,121,114
27,147,460,453.9,477.3,10,0,0,-1,84830,5,138,117
94,36,463,407.6,429.2,10,0,0,-1,80330,5,116,108
195,7,465,389.5,408.5,10,0,0,-1,86496,5,134,95
48,191,467,414.3,436.1,10,0,0,-1,110326,5,120,109
25,393,469,394.4,414.8,10,0,0,-1,76330,5,119,102
50,310,471,394.3,414.1,10,0,0,-1,74996,5,135,99
121,102,457,362.1,380.7,10,0,0,-1,74996,5,111,93
183,60,470,372.3,392.1,10,0,0,-1,84662,5,99,99
120,163,458,404.9,426.3,10,0,0,-1,104328,5,116,107
73,163,458,404.9,426.3,10,0,0,-1,104328,5,116,107
158,125,470,367.2,386.4,10,0,0,-1,70498,5,102,96
9,380,439,422.9,444.3,10,0,0,-1,88496,5,134,107
40,225,457,399.1,419.7,10,0,0,-1,97494,5,112,103
57,45,459,382.3,402.1,10,0,0,-1,95828,5,99,99
31,84,457,421.3,443.1,10,0,0,-1,97494,5,127,109
53,84,457,421.3,443.1,10,0,0,-1,97494,5,127,109
65,85,458,445.6,469.2,10,0,0,-1,105160,5,127,118
81,150,470,401.9,423.3,10,0,0,-1,101328,5,107,107
80,144,457,406.5,427.5,10,0,0,-1,86662,5,123,105
116,125,466,359.8,378.6,10,0,0,-1,69664,5,100,94
179,371,463,393.9,413.3,10,0,0,-1,90662,5,107,97
82,44,457,391.7,411.9,10,0,0,-1,84162,5,119,101
30,59,470,398.2,419.4,10,0,0,-1,97162,5,106,106
103,59,470,398.2,419.4,10,0,0,-1,97162,5,106,106
11,335,438,376.5,395.5,10,0,0,-1,73330,5,120,95
87,92,457,454.6,478.2,10,0,0,-1,114160,5,127,118
109,367,463,451.2,474.4,10,0,0,-1,117326,5,138,116
149,108,470,457.4,481.8,10,0,0,-1,119660,5,122,122
192,147,453,479.6,505.2,10,0,0,-1,114160,5,134,128
135,221,457,476.8,501.6,10,0,0,-1,125826,5,133,124
177,429,469,473.2,498.4,10,0,0,-1,126326,5,133,126
17,222,465,480.9,506.3,10,0,0,-1,128992,5,139,127
44,135,458,548.2,575.4,10,0,0,-1,127826,5,181,136
147,368,455,553.5,582.5,10,0,0,-1,138992,5,182,145
124,368,469,513.5,540.5,10,0,0,-1,126326,5,149,135
15,343,436,496.3,522.1,10,0,0,-1,136492,5,148,129
39,274,464,542.5,571.5,10,0,0,-1,140158,5,151,145
112,210,458,508.5,535.5,10,0,0,-1,142824,5,144,135
125,273,460,596.3,628.1,10,0,0,-1,158156,5,167,159
