demandID,SourceID,DestinationID,MinDelay,MaxDelay,Bandwidth,Ishotstandby,DelayDifference,DisjointType,WorkOptCostRangeType,MinCostDelay,MinDelayDelay
27,46,452,179.2,188.4,10,1,0,0,18500,5,55,46
48,282,452,186.5,195.5,10,1,0,0,18000,5,54,45
137,243,452,205.1,215.7,10,1,0,0,45664,5,62,53
92,395,466,196.6,206.2,10,1,0,0,23166,5,67,48
148,426,466,200.3,210.1,10,1,0,0,19000,5,68,49
124,296,452,291.9,307.3,10,1,0,0,51498,5,87,77
82,160,452,254.9,268.3,10,1,0,0,34832,5,77,67
88,210,452,223.6,235.2,10,1,0,0,33832,5,67,58
153,410,452,270.1,282.7,10,1,0,0,52164,5,100,63
192,272,462,213.5,224.5,10,1,0,0,23166,5,61,55
159,272,462,213.5,224.5,10,1,0,0,23166,5,61,55
104,271,458,197.7,207.9,10,1,0,0,18000,5,75,51
189,101,452,268,282,10,1,0,0,48164,5,90,70
115,328,454,241,253,10,1,0,0,42498,5,79,60
63,79,460,179.1,187.7,10,1,0,0,16000,5,52,43
185,66,467,213.2,224.4,10,1,0,0,20500,5,62,56
210,163,452,276.8,289.6,10,1,0,0,53830,5,107,64
87,249,460,217.2,228.4,10,1,0,0,24666,5,66,56
198,164,452,234.7,246.9,10,1,0,0,53496,5,70,61
89,59,452,290.2,305.4,10,1,0,0,51498,5,95,76
13,26,445,221.9,233.3,10,1,0,0,20000,5,82,57
128,255,452,268,282,10,1,0,0,54830,5,79,70
138,159,460,228.3,240.1,10,1,0,0,26166,5,69,59
45,388,458,256.2,269.4,10,1,0,0,52830,5,78,66
110,222,452,256.9,270.3,10,1,0,0,49664,5,76,67
61,222,452,256.9,270.3,10,1,0,0,49664,5,76,67
157,132,461,215.4,225.8,10,1,0,0,19000,5,72,52
160,3,452,268,282,10,1,0,0,37332,5,79,70
199,262,452,238.4,250.8,10,1,0,0,27166,5,71,62
181,327,454,270.6,284.2,10,1,0,0,51664,5,87,68
28,327,454,270.6,284.2,10,1,0,0,51664,5,87,68
62,353,457,272.3,286.1,10,1,0,0,44998,5,86,69
175,197,462,216.1,226.7,10,1,0,0,20500,5,72,53
66,322,466,274.3,288.1,10,1,0,0,47498,5,88,69
207,155,458,253.2,266.4,10,1,0,0,41832,5,90,66
179,329,465,246.5,259.5,10,1,0,0,41332,5,71,65
125,283,458,227.3,239.1,10,1,0,0,27166,5,83,59
215,81,458,219.9,231.3,10,1,0,0,33832,5,81,57
141,162,456,265.6,279.2,10,1,0,0,50664,5,82,68
118,93,461,219.1,229.7,10,1,0,0,28666,5,73,53
155,229,456,240.7,252.9,10,1,0,0,35832,5,61,61
52,69,458,250.5,263.5,10,1,0,0,43832,5,89,65
164,324,452,329.1,345.7,10,1,0,0,76330,5,102,83
108,428,466,281.7,295.9,10,1,0,0,43332,5,90,71
14,56,445,264.3,278.1,10,1,0,0,23500,5,102,69
105,357,455,249,261,10,1,0,0,50498,5,80,60
161,398,454,296.5,311.5,10,1,0,0,54164,5,94,75
54,210,460,245.8,258.6,10,1,0,0,36332,5,73,64
60,407,455,226.3,238.1,10,1,0,0,47832,5,59,59
195,244,461,285.7,299.9,10,1,0,0,51498,5,94,71
86,386,453,272.7,286.9,10,1,0,0,45832,5,81,71
83,53,467,294.6,310.2,10,1,0,0,40832,5,84,78
29,285,460,256.9,270.3,10,1,0,0,42998,5,76,67
78,48,460,253.2,266.4,10,1,0,0,38332,5,75,66
56,367,455,278.1,292.7,10,1,0,0,51332,5,73,73
177,242,464,315.3,331.1,10,1,0,0,50164,5,100,79
40,232,454,294.9,310.3,10,1,0,0,55830,5,102,77
135,371,455,271.3,285.1,10,1,0,0,44666,5,96,69
190,221,467,320.5,337.5,10,1,0,0,63330,5,91,85
102,229,460,260.6,274.2,10,1,0,0,39832,5,77,68
152,217,467,309.4,325.8,10,1,0,0,55664,5,88,82
50,21,458,323.5,340.5,10,1,0,0,77994,5,109,85
172,81,461,267.2,280.4,10,1,0,0,39832,5,89,66
214,89,460,286.5,301.5,10,1,0,0,43332,5,84,75
46,374,454,337.2,354.4,10,1,0,0,64164,5,105,86
205,14,459,365.4,383.8,10,1,0,0,60832,5,117,92
18,243,451,290.9,306.3,10,1,0,0,54164,5,83,77
35,410,453,319.5,334.5,10,1,0,0,60664,5,117,75
111,181,460,279.1,293.7,10,1,0,0,47332,5,92,73
65,88,460,290.2,305.4,10,1,0,0,50498,5,85,76
96,88,460,290.2,305.4,10,1,0,0,50498,5,85,76
156,424,455,289.2,304.4,10,1,0,0,78828,5,76,76
16,228,451,290.9,306.3,10,1,0,0,36666,5,83,77
208,218,452,342,360,10,1,0,0,111824,5,99,90
194,118,462,301.3,317.1,10,1,0,0,44832,5,88,79
25,159,446,325.5,342.5,10,1,0,0,41666,5,110,85
20,161,445,351.4,369.8,10,1,0,0,57498,5,117,92
17,188,445,286.4,300.8,10,1,0,0,47498,5,92,72
91,28,458,302.3,318.1,10,1,0,0,72162,5,103,79
144,54,461,282,296,10,1,0,0,35666,5,93,70
132,432,455,333.6,351.2,10,1,0,0,68996,5,99,88
166,297,462,362.2,381.4,10,1,0,0,84660,5,102,96
170,264,456,329.8,346.6,10,1,0,0,58998,5,88,84
119,178,453,349.4,367.8,10,1,0,0,85828,5,101,92
165,297,458,356.8,375.6,10,1,0,0,87160,5,118,94
145,297,458,356.8,375.6,10,1,0,0,87160,5,118,94
168,49,467,331.6,349.2,10,1,0,0,63996,5,94,88
74,261,461,265.5,278.5,10,1,0,0,36500,5,88,65
70,297,462,362.2,381.4,10,1,0,0,84660,5,102,96
116,288,458,282.8,297.6,10,1,0,0,62996,5,98,74
146,241,460,308.7,324.9,10,1,0,0,57498,5,90,81
142,153,458,349.4,367.8,10,1,0,0,110158,5,116,92
107,422,455,322.5,339.5,10,1,0,0,81162,5,85,85
101,157,460,160.6,168.2,10,1,0,0,17500,5,47,38
173,162,462,320.7,336.9,10,1,0,0,71164,5,101,81
12,398,444,346.4,364.8,10,1,0,0,69164,5,98,92
68,353,465,314,330,10,1,0,0,60498,5,98,80
93,376,452,446.1,468.7,10,1,0,0,135490,5,138,113
32,151,459,372.8,391.6,10,1,0,0,81830,5,119,94
126,211,461,304.2,319.4,10,1,0,0,47166,5,99,76
201,211,461,304.2,319.4,10,1,0,0,47166,5,99,76
71,32,458,319.8,336.6,10,1,0,0,70496,5,108,84
84,135,459,339.5,356.5,10,1,0,0,55832,5,110,85
200,205,454,385.6,405.2,10,1,0,0,125324,5,121,98
182,323,456,355,373,10,1,0,0,99828,5,109,90
139,325,460,380.2,399.4,10,1,0,0,123158,5,122,96
204,180,457,379,399,10,1,0,0,101660,5,109,100
196,31,462,345.6,363.2,10,1,0,0,77830,5,107,88
187,420,460,369.6,389.2,10,1,0,0,111492,5,112,98
53,70,459,387.6,407.2,10,1,0,0,86828,5,108,98
37,412,455,352.1,370.7,10,1,0,0,96326,5,93,93
31,250,460,217.9,229.3,10,1,0,0,31832,5,67,57
162,304,462,371.6,391.2,10,1,0,0,102992,5,107,98
42,97,459,369.1,387.7,10,1,0,0,81830,5,114,93
130,52,458,349.4,367.8,10,1,0,0,100492,5,116,92
212,51,460,364.2,383.4,10,1,0,0,70664,5,105,96
24,3,451,353.8,372.6,10,1,0,0,79328,5,100,94
202,248,461,243.1,255.7,10,1,0,0,29000,5,73,63
94,301,456,450.6,474.2,10,1,0,0,128158,5,132,118
131,87,461,345.7,363.9,10,1,0,0,92328,5,104,91
80,60,461,393.8,414.6,10,1,0,0,83996,5,123,104
34,220,460,327.2,344.4,10,1,0,0,75662,5,95,86
191,205,466,431.8,454.6,10,1,0,0,135656,5,124,114
103,100,459,413.5,434.5,10,1,0,0,103328,5,126,105
109,232,457,394.8,415.6,10,1,0,0,117492,5,129,104
121,6,463,367.4,385.8,10,1,0,0,113824,5,119,92
30,174,462,408.6,430.2,10,1,0,0,114658,5,127,108
133,265,462,370.6,388.2,10,1,0,0,107158,5,132,88
76,97,461,330.9,348.3,10,1,0,0,78830,5,107,87
38,213,461,237.6,249.2,10,1,0,0,24500,5,81,58
15,47,448,402.8,423.6,10,1,0,0,83328,5,120,104
178,99,462,416,438,10,1,0,0,128990,5,129,110
120,63,459,432,454,10,1,0,0,109992,5,135,110
180,269,461,254.4,266.8,10,1,0,0,42166,5,85,62
11,135,447,413.9,435.3,10,1,0,0,97494,5,131,107
44,204,462,449.2,472.4,10,1,0,0,134656,5,135,116
113,376,465,481.9,507.3,10,1,0,0,140490,5,139,127
112,139,459,440.6,462.2,10,1,0,0,128990,5,149,108
169,104,461,237.6,249.2,10,1,0,0,33166,5,78,58
58,264,459,436,458,10,1,0,0,110992,5,123,110
97,203,459,461.6,485.2,10,1,0,0,130990,5,152,118
77,154,462,319.7,335.9,10,1,0,0,64498,5,100,81
69,138,459,457.2,480.4,10,1,0,0,125824,5,144,116
171,113,463,472.8,497.6,10,1,0,0,139156,5,138,124
127,384,455,223.9,235.3,10,1,0,0,32000,5,62,57
36,15,452,290.2,305.4,10,1,0,0,50998,5,85,76
21,202,449,483.3,509.1,10,1,0,0,128324,5,131,129
19,242,447,483.3,507.1,10,1,0,0,124158,5,149,119
98,395,456,215.1,225.7,10,1,0,0,34166,5,72,53
81,373,466,355.7,373.9,10,1,0,0,91660,5,110,91
59,199,467,224.3,236.1,10,1,0,0,25666,5,61,59
151,301,459,571.8,600.6,10,1,0,0,171654,5,168,144
47,211,467,253.9,267.3,10,1,0,0,29666,5,73,67
149,205,459,540.1,566.7,10,1,0,0,158322,5,166,133
43,208,452,279.1,293.7,10,1,0,0,52164,5,82,73
188,1,452,186.6,196.2,10,1,0,0,18500,5,57,48
75,47,467,242.8,255.6,10,1,0,0,29166,5,70,64
114,292,458,212.5,223.5,10,1,0,0,25000,5,64,55
122,54,467,231.7,243.9,10,1,0,0,28666,5,67,61
174,157,467,161.4,169.8,10,1,0,0,19500,5,48,42
23,161,438,235.6,247.2,10,1,0,0,39498,5,79,58
197,372,466,300.2,315.4,10,1,0,0,50832,5,95,76
154,279,460,245.8,258.6,10,1,0,0,37332,5,73,64
39,282,467,209.5,220.5,10,1,0,0,20500,5,61,55
183,9,462,264.2,277.4,10,1,0,0,43832,5,85,66
49,171,467,298.3,314.1,10,1,0,0,84328,5,81,79
33,280,460,234.6,246.2,10,1,0,0,29666,5,67,58
213,319,456,218.1,228.7,10,1,0,0,29000,5,72,53
193,319,466,196.6,206.2,10,1,0,0,21500,5,67,48
209,294,458,224.6,236.2,10,1,0,0,47166,5,82,58
