demandID,SourceID,DestinationID,MinDelay,MaxDelay,Bandwidth,Ishotstandby,DelayDifference,DisjointType,WorkOptCostRangeType,MinCostDelay,MinDelayDelay
87,223,473,174.1,182.7,10,1,0,0,23166,5,43,43
79,421,466,179.5,188.5,10,1,0,0,26666,5,73,45
137,92,463,199,209,10,1,0,0,34332,5,64,50
19,48,448,183.4,191.8,10,1,0,0,21000,5,53,42
155,331,470,172.1,180.7,10,1,0,0,20000,5,68,43
141,440,463,209.5,220.5,10,1,0,0,39498,5,61,55
34,346,463,187.9,197.3,10,1,0,0,46664,5,61,47
56,431,463,191.6,201.2,10,1,0,0,25166,5,62,48
54,435,463,195.3,205.1,10,1,0,0,34332,5,67,49
31,90,475,200,210,10,1,0,0,21000,5,50,50
26,386,462,212.8,223.6,10,1,0,0,31666,5,79,54
97,126,477,212.4,222.8,10,1,0,0,22000,5,72,52
124,229,479,225.8,236.6,10,1,0,0,69162,5,80,54
160,420,479,227.6,239.2,10,1,0,0,39332,5,71,58
16,153,449,219.6,229.2,10,1,0,0,58496,5,90,48
95,71,464,228.6,240.2,10,1,0,0,61996,5,58,58
89,438,475,210.5,221.5,10,1,0,0,30166,5,59,55
96,408,478,190.9,200.3,10,1,0,0,25000,5,64,47
25,174,475,211.1,221.7,10,1,0,0,23000,5,53,53
90,421,478,198.3,208.1,10,1,0,0,31666,5,66,49
130,421,478,198.3,208.1,10,1,0,0,31666,5,66,49
27,70,469,242.1,254.7,10,1,0,0,37832,5,63,63
122,48,465,236.7,248.9,10,1,0,0,23500,5,72,61
10,335,459,220.5,231.5,10,1,0,0,32166,5,55,55
92,48,465,236.7,248.9,10,1,0,0,23500,5,72,61
144,331,471,183.2,192.4,10,1,0,0,23000,5,76,46
83,355,469,243,255,10,1,0,0,38832,5,60,60
143,89,471,226.6,238.2,10,1,0,0,25000,5,63,58
30,333,474,210,220,10,1,0,0,34998,5,75,50
165,408,475,234.3,246.1,10,1,0,0,25000,5,87,59
76,8,464,286.5,301.5,10,1,0,0,71496,5,84,75
99,258,468,230.3,242.1,10,1,0,0,27000,5,59,59
158,265,479,325.7,341.9,10,1,0,0,83662,5,107,81
126,393,478,253.2,266.4,10,1,0,0,33666,5,75,66
23,230,473,255.5,268.5,10,1,0,0,40832,5,65,65
9,326,455,352.3,370.1,10,1,0,0,90494,5,89,89
53,0,469,223.6,235.2,10,1,0,0,26500,5,58,58
149,356,473,281.4,295.8,10,1,0,0,47498,5,87,72
40,388,479,297.9,313.3,10,1,0,0,55998,5,90,77
125,440,477,253.1,265.7,10,1,0,0,45498,5,83,63
146,377,476,248.8,261.6,10,1,0,0,39832,5,76,64
132,157,463,227.6,239.2,10,1,0,0,29500,5,71,58
78,49,467,243.4,255.8,10,1,0,0,32166,5,90,62
57,110,473,240.7,252.9,10,1,0,0,40832,5,76,61
127,59,463,280.4,294.8,10,1,0,0,71996,5,86,72
140,151,479,322,338,10,1,0,0,127990,5,106,80
107,228,467,248.8,261.6,10,1,0,0,56164,5,76,64
131,436,478,227.6,239.2,10,1,0,0,43498,5,71,58
74,411,479,268.3,282.1,10,1,0,0,52498,5,94,69
114,2,469,242.1,254.7,10,1,0,0,35166,5,63,63
109,357,477,290.1,304.7,10,1,0,0,56164,5,93,73
11,258,459,250.8,263.6,10,1,0,0,29500,5,68,64
67,80,469,249.5,262.5,10,1,0,0,42332,5,76,65
50,63,462,315.4,331.8,10,1,0,0,66164,5,94,82
13,119,446,293.3,307.1,10,1,0,0,70996,5,107,69
21,65,451,268.3,282.1,10,1,0,0,68496,5,72,69
39,181,479,278.4,292.8,10,1,0,0,52498,5,84,72
116,166,464,318.1,334.7,10,1,0,0,84828,5,94,83
134,343,473,256.4,268.8,10,1,0,0,34666,5,62,62
115,408,473,250,262,10,1,0,0,30000,5,85,60
163,184,469,248.8,261.6,10,1,0,0,30000,5,67,64
73,108,479,288.7,302.9,10,1,0,0,65996,5,77,71
15,371,460,315.4,331.8,10,1,0,0,76662,5,94,82
55,207,475,272.4,286.8,10,1,0,0,43332,5,75,72
102,127,473,288.8,303.6,10,1,0,0,38666,5,100,74
156,381,473,288.8,303.6,10,1,0,0,49998,5,101,74
60,388,463,326.7,342.9,10,1,0,0,59498,5,108,81
24,393,475,300.6,316.2,10,1,0,0,38666,5,86,78
147,386,477,269.8,282.6,10,1,0,0,39666,5,97,64
123,124,477,279,293,10,1,0,0,41166,5,90,70
84,409,469,255.1,267.7,10,1,0,0,38166,5,88,63
44,100,473,289.7,303.9,10,1,0,0,38666,5,86,71
113,75,469,268,282,10,1,0,0,45832,5,70,70
69,401,467,273.4,287.8,10,1,0,0,67496,5,87,72
86,74,479,288.7,302.9,10,1,0,0,92160,5,77,71
38,50,469,264.1,276.7,10,1,0,0,42832,5,96,63
42,392,466,301.3,317.1,10,1,0,0,46832,5,84,79
153,11,479,296.1,310.7,10,1,0,0,76162,5,79,73
164,296,473,314.7,330.9,10,1,0,0,61664,5,107,81
66,12,479,285,299,10,1,0,0,68496,5,76,70
59,207,469,267.3,281.1,10,1,0,0,47332,5,72,69
62,65,478,287.5,302.5,10,1,0,0,50832,5,79,75
101,347,469,261.5,274.5,10,1,0,0,62330,5,86,65
47,392,474,327.2,344.4,10,1,0,0,49832,5,91,86
111,359,463,199,209,10,1,0,0,45164,5,64,50
51,73,470,313,329,10,1,0,0,60164,5,97,80
82,416,465,310,326,10,1,0,0,56998,5,98,80
150,106,476,332.9,350.3,10,1,0,0,60664,5,98,87
77,259,468,293.2,308.4,10,1,0,0,45666,5,76,76
35,65,471,309.4,325.8,10,1,0,0,50332,5,99,82
37,293,464,328.1,344.7,10,1,0,0,100660,5,104,83
91,64,470,319.1,335.7,10,1,0,0,58498,5,95,83
94,260,477,330.8,347.6,10,1,0,0,53832,5,104,84
157,426,473,336.9,354.3,10,1,0,0,57498,5,87,87
105,358,473,345.6,363.2,10,1,0,0,68330,5,108,88
104,193,467,302,318,10,1,0,0,52832,5,86,80
118,420,469,306.9,322.3,10,1,0,0,52332,5,102,77
81,289,469,305,321,10,1,0,0,51832,5,91,80
71,104,469,330.9,348.3,10,1,0,0,53332,5,87,87
148,292,463,346,364,10,1,0,0,78830,5,103,90
154,181,465,319.1,335.7,10,1,0,0,56998,5,95,83
64,185,473,332.5,349.5,10,1,0,0,46666,5,88,85
133,98,477,349.3,367.1,10,1,0,0,60498,5,109,89
108,167,464,307,323,10,1,0,0,82662,5,91,80
98,171,479,203.6,213.2,10,1,0,0,35166,5,54,48
128,419,470,335.8,352.6,10,1,0,0,59998,5,113,84
159,387,469,321.7,337.9,10,1,0,0,54332,5,106,81
52,419,471,334.9,352.3,10,1,0,0,60498,5,116,87
28,12,469,316.1,332.7,10,1,0,0,55832,5,83,83
112,149,469,293.9,309.3,10,1,0,0,56332,5,77,77
121,261,469,349.4,367.8,10,1,0,0,67498,5,92,92
70,261,469,349.4,367.8,10,1,0,0,67498,5,92,92
36,73,468,327.8,344.6,10,1,0,0,68164,5,101,84
17,160,455,347.6,365.2,10,1,0,0,62832,5,110,88
152,294,477,341.9,359.3,10,1,0,0,79162,5,107,87
33,61,465,364.9,384.3,10,1,0,0,84996,5,103,97
129,412,469,307.8,322.6,10,1,0,0,60498,5,99,74
80,265,473,377.6,397.2,10,1,0,0,84162,5,98,98
46,105,473,418.3,440.1,10,1,0,0,72498,5,109,109
162,411,468,334.9,352.3,10,1,0,0,63998,5,116,87
100,202,473,373.9,393.3,10,1,0,0,81996,5,97,97
29,131,476,364.9,384.3,10,1,0,0,70164,5,103,97
138,411,469,347.6,365.2,10,1,0,0,64998,5,117,88
135,96,465,380.7,400.9,10,1,0,0,80830,5,108,101
48,61,477,393.6,413.2,10,1,0,0,92996,5,123,98
58,8,468,371.6,391.2,10,1,0,0,88996,5,107,98
8,331,122,309,325,10,1,0,0,61998,5,110,80
72,181,469,357.7,375.9,10,1,0,0,69998,5,112,91
18,410,452,343.6,361.2,10,1,0,0,62832,5,102,88
136,61,467,382.6,402.2,10,1,0,0,111160,5,118,98
75,408,464,177.1,185.7,10,1,0,0,22500,5,57,43
