demandID,SourceID,DestinationID,MinDelay,MaxDelay,Bandwidth,Ishotstandby,DelayDifference,DisjointType,WorkOptCostRangeType,MinCostDelay,MinDelayDelay
144,659,2070,154.3,162.1,10,1,0,0,24166,5,49,39
128,1720,2025,173.8,182.6,10,1,0,0,18000,5,55,44
150,1593,2070,170.1,178.7,10,1,0,0,22666,5,54,43
148,836,2066,153.6,161.2,10,1,0,0,20166,5,51,38
90,88,2027,165.1,173.7,10,1,0,0,23666,5,49,43
94,512,2032,168.8,177.6,10,1,0,0,17000,5,44,44
62,1140,2000,169.1,177.7,10,1,0,0,17000,5,53,43
55,1153,2019,213.5,224.5,10,1,0,0,40998,5,65,55
64,1296,2014,217.1,227.7,10,1,0,0,31332,5,74,53
103,477,2049,218.2,229.4,10,1,0,0,19000,5,67,56
70,1117,2037,189.6,199.2,10,1,0,0,29832,5,60,48
152,1866,2070,172.5,181.5,10,1,0,0,17000,5,51,45
66,1247,2026,189.9,199.3,10,1,0,0,20000,5,63,47
71,1668,1990,186.6,196.2,10,1,0,0,25666,5,57,48
48,1835,2015,190.9,200.3,10,1,0,0,24166,5,64,47
43,826,879,258.6,272.2,10,1,0,0,38832,5,76,68
116,898,1988,183.8,192.6,10,1,0,0,25166,5,65,44
53,1169,2051,201.4,211.8,10,1,0,0,20000,5,61,52
86,1845,2052,220.8,231.6,10,1,0,0,36998,5,75,54
133,380,2007,249.5,262.5,10,1,0,0,29166,5,74,65
153,25,2065,190.6,200.2,10,1,0,0,21500,5,48,48
89,1719,2045,218.2,229.4,10,1,0,0,26666,5,67,56
51,777,2032,216.9,228.3,10,1,0,0,26666,5,57,57
137,604,1988,193.5,202.5,10,1,0,0,23000,5,72,45
96,372,2001,234.3,246.1,10,1,0,0,30166,5,75,59
129,1057,2018,226.6,238.2,10,1,0,0,49664,5,70,58
82,1291,1987,204.3,214.1,10,1,0,0,33332,5,49,49
145,614,2060,213.5,224.5,10,1,0,0,34832,5,58,55
99,1057,1992,222.7,232.9,10,1,0,0,47664,5,85,51
72,1416,1995,216.2,227.4,10,1,0,0,29666,5,56,56
130,671,2005,256.2,269.4,10,1,0,0,36832,5,78,66
67,1590,2035,249.6,261.2,10,1,0,0,53664,5,85,58
63,1227,2045,199.5,208.5,10,1,0,0,28666,5,60,45
108,1094,2026,204,214,10,1,0,0,25000,5,75,50
141,1411,2069,244.8,257.6,10,1,0,0,47164,5,72,64
81,652,1988,216.8,227.6,10,1,0,0,29666,5,71,54
68,991,2037,225.6,237.2,10,1,0,0,27666,5,58,58
146,1728,2069,230.3,242.1,10,1,0,0,24500,5,63,59
58,279,1990,232.9,244.3,10,1,0,0,38832,5,79,57
111,998,1991,237.5,248.5,10,1,0,0,40998,5,55,55
151,1572,2068,197.3,207.1,10,1,0,0,19000,5,65,49
120,1577,2032,250.5,263.5,10,1,0,0,36332,5,72,65
54,1479,1990,212.5,223.5,10,1,0,0,32666,5,64,55
132,1081,1999,248.1,260.7,10,1,0,0,24500,5,78,63
109,246,2017,230.6,242.2,10,1,0,0,31166,5,65,58
119,1451,2021,272.3,286.1,10,1,0,0,46998,5,104,69
75,778,2020,228.2,239.4,10,1,0,0,26000,5,67,56
59,1968,2036,217.2,228.4,10,1,0,0,25000,5,66,56
79,478,1993,224.8,235.6,10,1,0,0,25500,5,79,54
47,403,2001,256.5,269.5,10,1,0,0,39332,5,81,65
73,1853,1994,210.4,220.8,10,1,0,0,22000,5,62,52
52,1794,2017,231,243,10,1,0,0,35832,5,69,60
97,1791,2021,221.2,232.4,10,1,0,0,25000,5,70,56
80,980,1995,250.5,263.5,10,1,0,0,26000,5,99,65
77,1183,1988,278.4,292.8,10,1,0,0,45998,5,105,72
126,66,2012,263.6,277.2,10,1,0,0,46998,5,68,68
41,596,123,246.3,258.1,10,1,0,0,44998,5,87,59
74,1691,2003,265.2,278.4,10,1,0,0,32166,5,66,66
127,1592,2029,300.5,315.5,10,1,0,0,40832,5,94,75
117,1258,1986,267.2,280.4,10,1,0,0,46498,5,66,66
57,1249,1989,290.4,304.8,10,1,0,0,39832,5,79,72
107,124,1999,249.5,262.5,10,1,0,0,37332,5,65,65
65,877,2020,268.9,282.3,10,1,0,0,47998,5,70,67
104,500,2014,260.9,274.3,10,1,0,0,33666,5,80,67
135,1668,1999,245.8,258.6,10,1,0,0,32666,5,73,64
69,411,1986,253.7,265.9,10,1,0,0,28500,5,89,61
91,1853,1995,237.6,249.2,10,1,0,0,26500,5,81,58
84,186,2025,286.8,301.6,10,1,0,0,42332,5,74,74
125,1625,1990,271.7,285.9,10,1,0,0,43332,5,80,71
106,1040,2024,278.1,292.7,10,1,0,0,35666,5,81,73
113,1573,1993,247.8,260.6,10,1,0,0,33666,5,80,64
142,830,2065,273,287,10,1,0,0,58830,5,84,70
88,504,2044,256.2,269.4,10,1,0,0,33166,5,84,66
102,1245,2005,250.8,263.6,10,1,0,0,32166,5,68,64
92,328,1990,263.1,275.7,10,1,0,0,35166,5,93,63
100,595,1991,256.2,267.4,10,1,0,0,37832,5,105,56
118,650,1992,261.1,273.7,10,1,0,0,47498,5,91,63
136,720,2015,283.5,298.5,10,1,0,0,46998,5,81,75
60,970,2015,290.9,306.3,10,1,0,0,54164,5,83,77
76,1574,1994,265.6,279.2,10,1,0,0,33166,5,77,68
49,412,1986,272.2,285.4,10,1,0,0,37666,5,94,66
45,332,654,320,336,10,1,0,0,72496,5,96,80
