demandID,SourceID,DestinationID,MinDelay,MaxDelay,Bandwidth,Ishotstandby,DelayDifference,DisjointType,WorkOptCostRangeType,MinCostDelay,MinDelayDelay
22,270,474,154,162,10,0,0,-1,14500,5,49,40
117,304,462,172.1,180.7,10,0,0,-1,35998,5,56,43
110,397,474,199.7,209.9,10,0,0,-1,22500,5,51,51
52,249,472,157.7,165.9,10,0,0,-1,16000,5,47,41
138,305,471,177.4,185.8,10,0,0,-1,14500,5,64,42
131,368,464,194.8,203.6,10,0,0,-1,45664,5,76,44
44,371,476,173.8,182.6,10,0,0,-1,25666,5,55,44
118,359,467,188.6,198.2,10,0,0,-1,21000,5,59,48
90,211,461,150.3,158.1,10,0,0,-1,36998,5,39,39
6,209,462,86.4,89.2,10,0,0,-1,44330,3,92,64
5,209,462,86.4,89.2,10,0,0,-1,44330,3,92,64
48,211,461,150.3,158.1,10,0,0,-1,36998,5,39,39
147,297,474,141.2,148.4,10,0,0,-1,16000,5,45,36
107,284,474,152.3,160.1,10,0,0,-1,16000,5,47,39
97,270,464,165.4,173.8,10,0,0,-1,17500,5,46,42
64,11,474,137.5,144.5,10,0,0,-1,16000,5,44,35
36,107,472,167.1,175.7,10,0,0,-1,16000,5,43,43
111,201,461,194.7,204.9,10,0,0,-1,37998,5,51,51
93,50,477,215.2,226.4,10,0,0,-1,37998,5,56,56
98,14,461,216.9,228.3,10,0,0,-1,37998,5,57,57
71,269,464,172.8,181.6,10,0,0,-1,18500,5,48,44
108,1,464,176.5,185.5,10,0,0,-1,18500,5,49,45
4,199,465,122.4,125.2,10,0,0,-1,44330,3,128,100
82,68,472,205.8,216.6,10,0,0,-1,19000,5,60,54
142,297,471,178,186,10,0,0,-1,17000,5,40,40
25,399,470,275.3,289.1,10,0,0,-1,40832,5,69,69
30,12,470,176.5,185.5,10,0,0,-1,23666,5,47,45
72,338,464,169.1,177.7,10,0,0,-1,18000,5,43,43
75,261,475,148.6,156.2,10,0,0,-1,25166,5,38,38
121,263,461,191,201,10,0,0,-1,40498,5,50,50
94,142,460,232.7,244.9,10,0,0,-1,41498,5,76,61
12,20,447,254.5,267.5,10,0,0,-1,50164,5,79,65
54,397,465,245.4,257.8,10,0,0,-1,26500,5,78,62
81,142,462,205.1,215.7,10,0,0,-1,40498,5,68,53
102,284,471,189.1,197.7,10,0,0,-1,18000,5,51,43
139,69,473,208.1,218.7,10,0,0,-1,20000,5,62,53
3,46,475,104.8,107.4,10,0,0,-1,58662,5,102,84
23,435,470,301.2,316.4,10,0,0,-1,43332,5,76,76
8,285,293,277.8,290.6,10,0,0,-1,50664,5,105,64
96,380,469,253,265,10,0,0,-1,39832,5,91,60
129,209,462,264.8,277.6,10,0,0,-1,49164,5,92,64
101,209,462,264.8,277.6,10,0,0,-1,49164,5,92,64
31,82,464,202.4,212.8,10,0,0,-1,23500,5,56,52
122,193,464,224.6,236.2,10,0,0,-1,30166,5,58,58
73,20,461,276.1,290.7,10,0,0,-1,49664,5,73,73
37,136,473,215.5,226.5,10,0,0,-1,20000,5,67,55
50,268,472,215.2,226.4,10,0,0,-1,26666,5,64,56
76,259,464,198.7,208.9,10,0,0,-1,20500,5,51,51
116,342,464,195,205,10,0,0,-1,27166,5,52,50
85,259,473,204.4,214.8,10,0,0,-1,20000,5,63,52
112,377,474,262.6,276.2,10,0,0,-1,50664,5,79,68
47,339,472,222.6,234.2,10,0,0,-1,26666,5,58,58
133,348,471,222.4,232.8,10,0,0,-1,26666,5,74,52
55,308,472,272.4,286.8,10,0,0,-1,43498,5,78,72
78,409,474,277.4,291.8,10,0,0,-1,43332,5,72,72
123,157,469,193,203,10,0,0,-1,21000,5,50,50
16,61,444,274.6,288.2,10,0,0,-1,68162,5,91,68
77,441,462,240.4,252.8,10,0,0,-1,31166,5,73,62
136,0,465,218.9,230.3,10,0,0,-1,24500,5,57,57
87,240,467,211.5,222.5,10,0,0,-1,24500,5,66,55
65,310,471,207,217,10,0,0,-1,21500,5,58,50
109,428,471,281,295,10,0,0,-1,55164,5,92,70
26,83,473,282.1,296.7,10,0,0,-1,33666,5,85,73
41,38,466,196.7,206.9,10,0,0,-1,29166,5,59,51
42,41,471,237.2,248.4,10,0,0,-1,28666,5,56,56
0,400,463,98.8,100.9,10,0,0,-1,49996,3,107,82
144,247,467,233.7,245.9,10,0,0,-1,39332,5,72,61
56,139,469,209.5,220.5,10,0,0,-1,27166,5,55,55
43,68,471,231.5,242.5,10,0,0,-1,24000,5,83,55
1,198,461,82.8,83.4,10,0,0,-1,46996,5,78,78
29,11,467,193,203,10,0,0,-1,23500,5,53,50
126,132,473,241.4,253.8,10,0,0,-1,30666,5,65,62
127,277,460,382.6,402.2,10,0,0,-1,106992,5,118,98
62,16,461,298.3,314.1,10,0,0,-1,61330,5,79,79
24,302,471,236.6,248.2,10,0,0,-1,30666,5,58,58
130,341,464,205.7,215.9,10,0,0,-1,33332,5,68,51
140,172,473,267.3,281.1,10,0,0,-1,37832,5,80,69
146,358,467,267,281,10,0,0,-1,36666,5,81,70
99,251,473,248.8,261.6,10,0,0,-1,31666,5,73,64
33,198,461,294.6,310.2,10,0,0,-1,47998,5,78,78
135,203,468,222.6,234.2,10,0,0,-1,32666,5,58,58
100,203,468,222.6,234.2,10,0,0,-1,32666,5,58,58
63,70,473,263.6,277.2,10,0,0,-1,32666,5,77,68
132,339,466,200.4,210.8,10,0,0,-1,31166,5,52,52
49,171,466,218.9,230.3,10,0,0,-1,32666,5,65,57
103,138,467,191,201,10,0,0,-1,29166,5,53,50
46,166,475,292.9,308.3,10,0,0,-1,47998,5,77,77
124,216,473,267.3,281.1,10,0,0,-1,33666,5,72,69
66,416,462,307,323,10,0,0,-1,67330,5,91,80
2,345,467,84.4,85.2,10,0,0,-1,35664,5,81,78
88,51,469,230,242,10,0,0,-1,40332,5,60,60
34,287,473,278.4,292.8,10,0,0,-1,40332,5,81,72
106,162,471,273.6,287.2,10,0,0,-1,53164,5,96,68
91,346,464,232,244,10,0,0,-1,35166,5,62,60
17,206,464,265.3,279.1,10,0,0,-1,37666,5,69,69
53,198,477,307.7,323.9,10,0,0,-1,51998,5,81,81
80,52,467,241.1,253.7,10,0,0,-1,35166,5,66,63
32,69,467,239.1,251.7,10,0,0,-1,28500,5,72,63
104,120,467,241.1,253.7,10,0,0,-1,41832,5,66,63
20,400,463,324.4,340.8,10,0,0,-1,56998,5,107,82
86,412,470,356.7,374.9,10,0,0,-1,75830,5,91,91
145,44,475,315.1,331.7,10,0,0,-1,61164,5,83,83
105,437,465,369.6,387.2,10,0,0,-1,70164,5,134,88
51,36,473,318.8,335.6,10,0,0,-1,54498,5,95,84
89,6,471,326,342,10,0,0,-1,59664,5,88,80
70,124,473,278.4,292.8,10,0,0,-1,36166,5,84,72
19,171,467,285.5,300.5,10,0,0,-1,40166,5,86,75
7,44,475,89.4,90.2,10,0,0,-1,66994,5,83,83
95,438,477,358.8,377.6,10,0,0,-1,63664,5,105,94
58,79,473,319.1,335.7,10,0,0,-1,45332,5,92,83
35,85,470,333.6,351.2,10,0,0,-1,56998,5,96,88
137,48,473,315.1,331.7,10,0,0,-1,70330,5,83,83
128,103,473,311.7,327.9,10,0,0,-1,61164,5,84,81
28,312,469,252.2,265.4,10,0,0,-1,39166,5,74,66
120,35,473,359.5,378.5,10,0,0,-1,70664,5,106,95
38,332,466,316.6,332.2,10,0,0,-1,70996,5,106,78
57,155,473,304.3,320.1,10,0,0,-1,47832,5,90,79
68,46,475,336.8,353.6,10,0,0,-1,74496,5,102,84
40,346,467,270.7,284.9,10,0,0,-1,40166,5,74,71
79,17,461,364.9,384.3,10,0,0,-1,84496,5,97,97
92,37,469,311.4,327.8,10,0,0,-1,51832,5,98,82
143,293,469,318.8,335.6,10,0,0,-1,66664,5,100,84
9,341,458,282,296,10,0,0,-1,42832,5,85,70
67,85,469,350.1,368.7,10,0,0,-1,63498,5,107,93
134,208,473,363.2,382.4,10,0,0,-1,67998,5,96,96
113,115,463,353.7,371.9,10,0,0,-1,87662,5,108,91
115,181,467,389.1,409.7,10,0,0,-1,70998,5,114,103
119,438,467,406.9,428.3,10,0,0,-1,80164,5,118,107
59,20,469,370.6,390.2,10,0,0,-1,77664,5,98,98
83,124,469,292.9,308.3,10,0,0,-1,46666,5,77,77
74,291,468,339.1,355.7,10,0,0,-1,74996,5,115,83
27,126,471,332.8,349.6,10,0,0,-1,60498,5,84,84
14,10,453,338.6,356.2,10,0,0,-1,58000,5,91,88
125,47,469,352.1,370.7,10,0,0,-1,84162,5,101,93
60,47,469,352.1,370.7,10,0,0,-1,84162,5,101,93
10,390,442,393.8,414.6,10,0,0,-1,91662,5,118,104
114,115,469,413.5,434.5,10,0,0,-1,97662,5,132,105
45,345,467,296.6,312.2,10,0,0,-1,50832,5,81,78
21,237,474,392.8,413.6,10,0,0,-1,91996,5,113,104
39,76,471,436.4,458.8,10,0,0,-1,83830,5,118,112
141,115,467,426,448,10,0,0,-1,122492,5,132,110
61,238,471,425.3,447.1,10,0,0,-1,92996,5,131,109
13,176,458,470.5,495.5,10,0,0,-1,107828,5,133,125
15,232,451,372.4,390.8,10,0,0,-1,66832,5,114,92
84,199,465,398,418,10,0,0,-1,107494,5,128,100
18,177,469,448.3,472.1,10,0,0,-1,122492,5,127,119
69,238,473,419,441,10,0,0,-1,120826,5,122,110
11,27,453,453.3,477.1,10,0,0,-1,110326,5,122,119
