demandID,SourceID,DestinationID,MinDelay,MaxDelay,Bandwidth,Ishotstandby,DelayDifference,DisjointType,WorkOptCostRangeType,MinCostDelay,MinDelayDelay
142,1042,2071,169,177,10,1,0,0,34498,5,61,40
139,1273,2033,180.5,189.5,10,1,0,0,40164,5,45,45
99,1162,1998,163.4,171.8,10,1,0,0,18000,5,50,42
154,814,2077,178.5,187.5,10,1,0,0,34998,5,57,45
57,1515,2003,180.4,188.8,10,1,0,0,23666,5,67,42
120,727,2058,200.7,210.9,10,1,0,0,20000,5,63,51
114,1629,2018,190.8,199.6,10,1,0,0,26166,5,52,44
62,1557,2051,245.8,258.6,10,1,0,0,44498,5,73,64
92,1484,2014,209.7,219.9,10,1,0,0,25666,5,72,51
156,47,2083,241.4,253.8,10,1,0,0,39498,5,74,62
111,694,2034,202.3,212.1,10,1,0,0,18000,5,49,49
77,616,2059,225.3,237.1,10,1,0,0,36498,5,66,59
105,1225,2036,250.1,262.7,10,1,0,0,49164,5,80,63
46,608,1946,225.3,237.1,10,1,0,0,32332,5,66,59
70,127,2065,242.7,254.9,10,1,0,0,28666,5,78,61
93,1734,2056,235.4,247.8,10,1,0,0,61496,5,68,62
79,1395,2015,260.7,272.9,10,1,0,0,25000,5,96,61
152,504,2086,209.4,219.8,10,1,0,0,28166,5,52,52
153,860,2084,257.5,270.5,10,1,0,0,27666,5,65,65
50,1026,2057,215.8,226.6,10,1,0,0,28166,5,70,54
74,1489,2013,253.9,267.3,10,1,0,0,33832,5,73,67
151,1174,2082,229.5,240.5,10,1,0,0,32332,5,81,55
76,999,1998,270.7,284.9,10,1,0,0,46998,5,79,71
157,657,2072,233,245,10,1,0,0,23000,5,71,60
60,800,2054,231.7,243.9,10,1,0,0,30666,5,67,61
140,1780,2079,233.7,245.9,10,1,0,0,32832,5,76,61
108,1035,2060,231.4,241.8,10,1,0,0,36332,5,93,52
65,1162,2001,233.2,244.4,10,1,0,0,25000,5,82,56
90,991,2027,244,256,10,1,0,0,27000,5,68,60
126,991,2000,244.8,257.6,10,1,0,0,29000,5,72,64
143,595,2071,270,284,10,1,0,0,30666,5,81,70
58,1655,2063,273.9,287.3,10,1,0,0,26000,5,99,67
118,1166,2055,231,243,10,1,0,0,40998,5,69,60
129,153,2058,288.4,302.8,10,1,0,0,40332,5,110,72
72,1133,2003,259.6,273.2,10,1,0,0,24500,5,76,68
124,1019,2028,269.3,283.1,10,1,0,0,47498,5,83,69
64,1800,2001,255,267,10,1,0,0,38832,5,93,60
144,708,2073,254.2,267.4,10,1,0,0,29166,5,76,66
117,1584,2018,256.2,269.4,10,1,0,0,34166,5,78,66
121,97,2043,276.9,290.3,10,1,0,0,30000,5,67,67
107,15,2042,273,287,10,1,0,0,52664,5,79,70
145,775,2076,311.7,327.9,10,1,0,0,43498,5,93,81
109,662,2061,279.4,293.8,10,1,0,0,36832,5,85,72
146,1643,2079,263.8,276.6,10,1,0,0,36332,5,91,64
54,1787,2053,257.8,270.6,10,1,0,0,31166,5,85,64
127,1971,2061,257.6,271.2,10,1,0,0,37332,5,80,68
75,465,2006,333.6,351.2,10,1,0,0,50164,5,100,88
56,1650,2062,262.5,275.5,10,1,0,0,49164,5,87,65
91,992,2024,276,290,10,1,0,0,33666,5,78,70
61,1823,1997,281.4,295.8,10,1,0,0,35666,5,87,72
81,1443,2066,290.2,305.4,10,1,0,0,26000,5,85,76
115,95,2042,269.3,283.1,10,1,0,0,36666,5,83,69
73,1757,2034,301.8,316.6,10,1,0,0,38332,5,74,74
116,1570,2036,256.4,268.8,10,1,0,0,27000,5,62,62
128,1735,2042,314.3,330.1,10,1,0,0,64996,5,101,79
97,513,2059,304.3,320.1,10,1,0,0,43498,5,91,79
59,1314,2040,282.8,297.6,10,1,0,0,31000,5,79,74
150,674,2083,252.5,265.5,10,1,0,0,34332,5,82,65
49,1145,2028,306.9,322.3,10,1,0,0,48498,5,85,77
112,1809,2068,268,282,10,1,0,0,33666,5,90,70
88,1638,2054,314.8,329.6,10,1,0,0,73162,5,115,74
71,1160,2068,273.7,287.9,10,1,0,0,41832,5,82,71
132,306,2030,308.2,323.4,10,1,0,0,41332,5,103,76
155,1169,2076,268.6,282.2,10,1,0,0,41998,5,85,68
86,542,2062,299.3,315.1,10,1,0,0,43498,5,86,79
52,303,2040,265.3,279.1,10,1,0,0,35166,5,83,69
85,773,2024,304.3,320.1,10,1,0,0,33166,5,91,79
100,1869,2017,267.6,281.2,10,1,0,0,29000,5,88,68
66,569,2041,300.6,316.2,10,1,0,0,56664,5,90,78
106,1481,2064,292.1,306.7,10,1,0,0,35666,5,95,73
130,1575,1998,327.2,344.4,10,1,0,0,54664,5,95,86
122,672,2043,284.5,299.5,10,1,0,0,40332,5,82,75
134,624,2034,304.5,319.5,10,1,0,0,51664,5,102,75
119,149,2069,298.3,314.1,10,1,0,0,41166,5,85,79
78,1431,2067,294.6,310.2,10,1,0,0,29500,5,90,78
104,1652,2037,279.7,293.9,10,1,0,0,48998,5,88,71
135,1712,2016,305.4,319.8,10,1,0,0,42832,5,91,72
133,1330,2026,310.4,326.8,10,1,0,0,44832,5,89,82
80,132,2042,291.5,306.5,10,1,0,0,57664,5,84,75
63,1896,2053,287.6,301.2,10,1,0,0,43332,5,89,68
103,566,2025,285.8,300.6,10,1,0,0,35666,5,86,74
113,1569,2018,303.8,318.6,10,1,0,0,36166,5,93,74
69,226,2027,350.1,368.7,10,1,0,0,53498,5,99,93
84,1576,2028,336.5,353.5,10,1,0,0,60330,5,124,85
125,1493,2052,197.7,207.9,10,1,0,0,34332,5,51,51
47,591,1675,333.9,351.3,10,1,0,0,55664,5,99,87
51,1004,2020,292.9,308.3,10,1,0,0,36666,5,85,77
149,92,2075,330.5,347.5,10,1,0,0,59164,5,101,85
123,1516,2055,147.8,154.6,10,1,0,0,26832,5,56,34
53,254,2042,317.4,333.8,10,1,0,0,54998,5,96,82
148,804,2074,330.1,346.7,10,1,0,0,62330,5,106,83
