demandID,SourceID,DestinationID,MinDelay,MaxDelay,Bandwidth,Ishotstandby,DelayDifference,DisjointType,WorkOptCostRangeType,MinCostDelay,MinDelayDelay
16,327,456,198.8,207.6,10,1,0,0,26666,5,80,44
174,383,453,235.4,247.8,10,1,0,0,45664,5,62,62
144,77,452,261.6,275.2,10,1,0,0,38166,5,78,68
107,337,471,231.5,242.5,10,1,0,0,29166,5,83,55
190,53,462,207.1,217.7,10,1,0,0,27666,5,64,53
60,12,464,214.8,225.6,10,1,0,0,33332,5,69,54
43,361,470,222.8,233.6,10,1,0,0,23000,5,71,54
185,425,454,279.6,293.2,10,1,0,0,37832,5,104,68
131,79,460,224.3,236.1,10,1,0,0,35332,5,65,59
49,389,470,217.3,227.1,10,1,0,0,27666,5,79,49
160,170,464,220.8,231.6,10,1,0,0,29166,5,69,54
127,360,454,268.5,281.5,10,1,0,0,27500,5,101,65
189,394,452,294.4,308.8,10,1,0,0,56164,5,72,72
78,115,460,205.8,216.6,10,1,0,0,27166,5,60,54
63,76,460,242.8,255.6,10,1,0,0,23000,5,70,64
33,26,458,242.1,254.7,10,1,0,0,38332,5,72,63
92,376,454,274,288,10,1,0,0,38332,5,70,70
166,434,456,294.4,308.8,10,1,0,0,40332,5,81,72
108,333,465,217.8,228.6,10,1,0,0,36332,5,72,54
35,354,470,287.6,301.2,10,1,0,0,50664,5,98,68
58,333,469,243.8,256.6,10,1,0,0,39832,5,71,64
29,238,462,292.2,307.4,10,1,0,0,46998,5,87,76
180,348,453,298.3,314.1,10,1,0,0,37166,5,79,79
85,390,471,283.3,297.1,10,1,0,0,38832,5,105,69
171,316,465,236.3,248.1,10,1,0,0,30166,5,77,59
102,88,460,246.5,259.5,10,1,0,0,34166,5,71,65
67,332,455,304.6,320.2,10,1,0,0,48498,5,114,78
142,390,471,283.3,297.1,10,1,0,0,38832,5,105,69
170,376,471,277.7,291.9,10,1,0,0,40832,5,71,71
150,355,454,305.5,320.5,10,1,0,0,55330,5,103,75
42,384,464,248.1,260.7,10,1,0,0,47998,5,63,63
128,244,460,261.3,275.1,10,1,0,0,37332,5,75,69
105,333,454,238.9,250.3,10,1,0,0,33332,5,93,57
59,404,464,244.4,256.8,10,1,0,0,43332,5,68,62
133,424,470,261.7,273.9,10,1,0,0,31666,5,91,61
126,226,462,295.9,311.3,10,1,0,0,49498,5,88,77
55,242,457,243.7,255.9,10,1,0,0,28500,5,70,61
99,426,470,306.1,320.7,10,1,0,0,49998,5,103,73
106,10,464,276.3,290.1,10,1,0,0,54164,5,84,69
134,427,453,338.8,355.6,10,1,0,0,54664,5,120,84
196,315,463,223.7,233.9,10,1,0,0,23500,5,61,51
123,292,455,319.4,335.8,10,1,0,0,35500,5,89,82
88,342,452,346.2,363.4,10,1,0,0,79496,5,114,86
98,300,453,339,357,10,1,0,0,49998,5,90,90
138,77,453,287.5,302.5,10,1,0,0,36166,5,85,75
182,329,469,306.7,322.9,10,1,0,0,50498,5,88,81
20,181,461,278.1,292.7,10,1,0,0,47164,5,81,73
86,356,471,299.9,315.3,10,1,0,0,55664,5,77,77
51,433,470,317.2,332.4,10,1,0,0,52498,5,106,76
64,434,462,298.7,312.9,10,1,0,0,45832,5,81,71
137,128,464,290.9,306.3,10,1,0,0,35000,5,83,77
54,380,458,348.9,366.3,10,1,0,0,66996,5,114,87
156,197,464,305.7,321.9,10,1,0,0,61664,5,87,81
165,31,463,299.6,315.2,10,1,0,0,46832,5,89,78
47,294,462,302.4,316.8,10,1,0,0,40166,5,82,72
176,186,467,284.8,299.6,10,1,0,0,43332,5,85,74
119,173,466,268.7,282.9,10,1,0,0,33000,5,71,71
168,331,469,317.8,334.6,10,1,0,0,57664,5,91,84
173,246,469,304.9,320.3,10,1,0,0,39166,5,97,77
146,302,456,329.5,346.5,10,1,0,0,46166,5,85,85
18,296,466,328.8,345.6,10,1,0,0,54998,5,102,84
66,121,457,277,291,10,1,0,0,35000,5,88,70
186,355,453,283.3,297.1,10,1,0,0,54330,5,97,69
152,202,466,298.3,314.1,10,1,0,0,51332,5,79,79
89,4,460,346.4,364.8,10,1,0,0,54998,5,98,92
70,80,457,247.4,259.8,10,1,0,0,36666,5,71,62
169,55,458,305,321,10,1,0,0,55998,5,89,80
117,417,470,361.6,379.2,10,1,0,0,67330,5,118,88
24,232,457,347.3,365.1,10,1,0,0,60832,5,107,89
32,159,457,365.8,384.6,10,1,0,0,74164,5,112,94
148,231,457,314,330,10,1,0,0,44166,5,98,80
62,266,457,321.4,337.8,10,1,0,0,42500,5,100,82
90,159,460,324.2,341.4,10,1,0,0,55664,5,92,86
184,186,465,292.5,307.5,10,1,0,0,47832,5,90,75
23,312,462,328.3,344.1,10,1,0,0,55332,5,89,79
129,140,460,353.8,372.6,10,1,0,0,45666,5,100,94
163,269,460,405.6,427.2,10,1,0,0,68998,5,114,108
21,150,464,368.8,387.6,10,1,0,0,71664,5,109,94
145,302,464,322.1,338.7,10,1,0,0,49166,5,101,83
91,269,462,399.5,420.5,10,1,0,0,69498,5,116,105
95,311,466,351,369,10,1,0,0,64998,5,108,90
115,131,463,369.9,389.3,10,1,0,0,67498,5,112,97
75,237,457,362.1,380.7,10,1,0,0,74164,5,111,93
12,297,442,359,377,10,1,0,0,63164,5,116,90
13,320,438,291.4,305.8,10,1,0,0,49832,5,97,72
188,371,462,391.2,410.4,10,1,0,0,62832,5,106,96
77,130,458,342,360,10,1,0,0,56832,5,99,90
45,139,460,409.3,431.1,10,1,0,0,62332,5,115,109
22,180,460,335.3,353.1,10,1,0,0,50998,5,95,89
111,341,470,383.8,402.6,10,1,0,0,76330,5,122,94
181,126,459,283.5,298.5,10,1,0,0,52332,5,81,75
162,21,460,353.8,372.6,10,1,0,0,76496,5,100,94
110,172,466,316.8,333.6,10,1,0,0,57998,5,84,84
56,36,462,403.9,425.3,10,1,0,0,78830,5,115,107
113,57,460,372.3,392.1,10,1,0,0,65830,5,105,99
118,285,458,327.2,344.4,10,1,0,0,56832,5,95,86
76,161,464,364.9,384.3,10,1,0,0,88996,5,103,97
97,224,463,410.6,432.2,10,1,0,0,84330,5,119,108
194,308,471,422.2,443.4,10,1,0,0,72664,5,144,106
175,309,456,397.4,417.8,10,1,0,0,70330,5,158,102
93,234,460,409.3,431.1,10,1,0,0,87662,5,115,109
94,36,463,407.6,429.2,10,1,0,0,80330,5,116,108
25,393,469,394.4,414.8,10,1,0,0,76330,5,119,102
61,380,464,397,417,10,1,0,0,82496,5,145,100
50,310,471,394.3,414.1,10,1,0,0,74996,5,135,99
155,6,464,391.1,411.7,10,1,0,0,82830,5,113,103
183,60,470,372.3,392.1,10,1,0,0,84662,5,99,99
143,428,469,428.8,451.6,10,1,0,0,84330,5,121,114
27,147,460,453.9,477.3,10,1,0,0,84830,5,138,117
121,102,457,362.1,380.7,10,1,0,0,74996,5,111,93
40,225,457,399.1,419.7,10,1,0,0,97494,5,112,103
139,169,464,202.3,212.1,10,1,0,0,21500,5,64,49
158,125,470,367.2,386.4,10,1,0,0,70498,5,102,96
57,45,459,382.3,402.1,10,1,0,0,95828,5,99,99
84,240,463,244.1,256.7,10,1,0,0,32666,5,78,63
82,44,457,391.7,411.9,10,1,0,0,84162,5,119,101
73,163,458,404.9,426.3,10,1,0,0,104328,5,116,107
38,89,464,279.8,294.6,10,1,0,0,46832,5,80,74
80,144,457,406.5,427.5,10,1,0,0,86662,5,123,105
116,125,466,359.8,378.6,10,1,0,0,69664,5,100,94
195,7,465,389.5,408.5,10,1,0,0,93162,5,134,95
179,371,463,393.9,413.3,10,1,0,0,90662,5,107,97
81,150,470,401.9,423.3,10,1,0,0,101328,5,107,107
120,163,458,404.9,426.3,10,1,0,0,104328,5,116,107
103,59,470,398.2,419.4,10,1,0,0,97162,5,106,106
30,59,470,398.2,419.4,10,1,0,0,97162,5,106,106
9,380,439,422.9,444.3,10,1,0,0,88496,5,134,107
132,1,459,304.6,320.2,10,1,0,0,46500,5,78,78
68,120,464,192.6,202.2,10,1,0,0,24666,5,63,48
11,335,438,376.5,395.5,10,1,0,0,73330,5,120,95
83,76,462,236.7,248.9,10,1,0,0,23000,5,72,61
87,92,457,454.6,478.2,10,1,0,0,114160,5,127,118
114,111,466,320.5,337.5,10,1,0,0,55832,5,85,85
149,108,470,457.4,481.8,10,1,0,0,119660,5,122,122
192,147,453,479.6,505.2,10,1,0,0,114160,5,134,128
109,367,463,451.2,474.4,10,1,0,0,117326,5,138,116
135,221,457,476.8,501.6,10,1,0,0,125826,5,133,124
177,429,469,473.2,498.4,10,1,0,0,126326,5,133,126
17,222,465,480.9,506.3,10,1,0,0,128992,5,139,127
36,353,456,257.4,269.8,10,1,0,0,40998,5,98,62
124,368,469,513.5,540.5,10,1,0,0,126326,5,149,135
147,368,455,553.5,582.5,10,1,0,0,138992,5,182,145
44,135,458,548.2,575.4,10,1,0,0,127826,5,181,136
39,274,464,542.5,571.5,10,1,0,0,140158,5,151,145
15,343,436,496.3,522.1,10,1,0,0,136492,5,148,129
125,273,460,596.3,628.1,10,1,0,0,158156,5,167,159
