demandID,SourceID,DestinationID,MinDelay,MaxDelay,Bandwidth,Ishotstandby,DelayDifference,DisjointType,WorkOptCostRangeType,MinCostDelay,MinDelayDelay
30,1433,2076,118.4,120.2,10,0,0,-1,53496,3,122,104
14,1453,2048,65.8,68.4,10,0,0,-1,21666,3,80,45
29,435,2024,98.4,99.2,10,0,0,-1,27832,5,95,92
117,120,2040,126.4,132.8,10,0,0,-1,21166,5,40,32
17,1026,2007,143.6,145.8,10,0,0,-1,63828,5,126,126
149,51,2085,115.5,120.5,10,0,0,-1,13000,5,48,25
123,1699,2003,127.4,133.8,10,0,0,-1,18166,5,41,32
6,1358,2055,83.8,86.4,10,0,0,-1,26666,3,99,63
15,327,2023,68.4,69.2,10,0,0,-1,25332,5,65,62
65,849,2037,102.2,107.4,10,0,0,-1,11500,5,32,26
26,1217,2006,89.2,91.6,10,0,0,-1,26332,3,94,70
21,1585,2020,87.2,89.6,10,0,0,-1,30832,5,84,68
36,443,2011,139.8,146.6,10,0,0,-1,24832,5,48,34
22,2,2017,62.4,63.2,10,0,0,-1,19666,3,64,56
141,522,2007,98.8,103.6,10,0,0,-1,10500,5,29,24
101,523,2039,124.5,129.5,10,0,0,-1,18166,5,57,25
23,237,2043,68,69,10,0,0,-1,28832,3,70,60
75,148,2061,135.7,141.9,10,0,0,-1,15000,5,52,31
7,213,2024,62.4,63.7,10,0,0,-1,16000,5,62,52
131,193,2003,166.1,174.7,10,0,0,-1,28332,5,50,43
140,1710,2039,142.2,149.4,10,0,0,-1,14000,5,36,36
1,9,1555,158,159,10,0,0,-1,51330,3,169,150
116,1694,2043,176.1,184.7,10,0,0,-1,35998,5,67,43
20,1001,2058,115.4,116.2,10,0,0,-1,35832,3,117,109
119,149,2011,164.9,172.3,10,0,0,-1,21666,5,59,37
156,1397,2075,167.1,175.7,10,0,0,-1,15000,5,51,43
9,952,2013,95,98,10,0,0,-1,51496,3,99,71
125,24,2011,184.9,194.3,10,0,0,-1,22666,5,74,47
155,1503,2076,152.3,160.1,10,0,0,-1,20166,5,47,39
157,277,2077,155.9,163.3,10,0,0,-1,16000,5,56,37
11,665,2000,94.4,95.7,10,0,0,-1,37498,3,97,84
35,1371,1279,232.7,244.9,10,0,0,-1,36832,5,68,61
5,786,2000,108.4,109.7,10,0,0,-1,33332,3,111,98
4,1684,1073,123,124.5,10,0,0,-1,37498,3,126,111
107,149,2061,169,177,10,0,0,-1,23666,5,61,40
18,748,2047,93.2,94.6,10,0,0,-1,24166,3,124,82
98,1220,2003,183.5,192.5,10,0,0,-1,27832,5,74,45
3,807,348,158.6,159.3,10,0,0,-1,61496,3,160,153
79,1777,2037,149.6,157.2,10,0,0,-1,22666,5,47,38
90,263,2002,199.2,208.4,10,0,0,-1,32832,5,75,46
164,821,2083,158.2,165.4,10,0,0,-1,16000,5,50,36
93,920,2024,208.1,218.7,10,0,0,-1,31332,5,71,53
31,1397,2075,49.4,50.2,10,0,0,-1,17000,3,51,43
8,93,2062,136.2,141.1,10,0,0,-1,59162,3,157,97
19,878,2057,99.2,100.6,10,0,0,-1,34998,3,102,88
66,1004,2044,181.2,190.4,10,0,0,-1,17000,5,81,46
13,872,2057,95.2,96.6,10,0,0,-1,28332,3,98,84
133,1079,2038,191,201,10,0,0,-1,26166,5,56,50
77,838,2003,217.1,227.7,10,0,0,-1,23666,5,60,53
102,879,2025,230.2,241.4,10,0,0,-1,32332,5,79,56
152,470,2077,174.4,182.8,10,0,0,-1,27832,5,61,42
0,1327,1555,152.2,153.1,10,0,0,-1,54830,3,173,145
28,873,2002,95.2,96.6,10,0,0,-1,36498,3,98,84
46,1918,2005,204.4,214.8,10,0,0,-1,24500,5,64,52
85,1045,2041,207,217,10,0,0,-1,31166,5,72,50
137,1539,2039,171.8,180.6,10,0,0,-1,18500,5,45,44
80,1453,2048,192.5,201.5,10,0,0,-1,26166,5,80,45
12,285,2062,123.6,125.8,10,0,0,-1,60662,3,128,106
40,141,2042,218.4,228.8,10,0,0,-1,30166,5,64,52
83,1201,2011,184.5,193.5,10,0,0,-1,15500,5,63,45
51,1289,2014,216.2,227.4,10,0,0,-1,27166,5,65,56
109,237,2043,232,244,10,0,0,-1,33832,5,70,60
45,1994,2038,239.1,251.7,10,0,0,-1,36332,5,69,63
67,1792,2014,183.5,192.5,10,0,0,-1,18000,5,62,45
42,1466,2012,218.8,229.6,10,0,0,-1,24666,5,73,54
24,874,2045,105.2,106.6,10,0,0,-1,44164,3,108,94
61,60,2060,217.2,228.4,10,0,0,-1,22500,5,66,56
49,1121,2010,190.9,200.3,10,0,0,-1,20500,5,63,47
25,335,1998,89.8,90.9,10,0,0,-1,50496,3,92,81
10,789,2018,92.2,93.1,10,0,0,-1,56662,3,94,85
128,929,2048,208.3,218.1,10,0,0,-1,24666,5,56,49
60,213,2024,205.4,215.8,10,0,0,-1,20500,5,62,52
104,1422,2045,201.3,211.1,10,0,0,-1,33832,5,85,49
94,751,2013,292.2,307.4,10,0,0,-1,49164,5,87,76
37,544,2018,254.9,268.3,10,0,0,-1,35832,5,77,67
142,1674,2033,189.3,199.1,10,0,0,-1,19500,5,87,49
158,1184,2084,252.3,264.1,10,0,0,-1,45664,5,93,59
96,223,2064,243.1,255.7,10,0,0,-1,43498,5,73,63
58,1183,2044,218.2,229.4,10,0,0,-1,49330,5,67,56
87,744,2041,242.9,254.3,10,0,0,-1,34832,5,89,57
55,1155,2044,197.3,207.1,10,0,0,-1,18000,5,81,49
146,1844,2078,277.1,291.7,10,0,0,-1,47164,5,73,73
163,1069,2075,215.3,225.1,10,0,0,-1,20000,5,49,49
89,979,2041,249,261,10,0,0,-1,30666,5,87,60
63,592,2002,238.7,250.9,10,0,0,-1,38998,5,88,61
136,1358,2020,224.3,236.1,10,0,0,-1,32166,5,65,59
143,1347,2075,219.1,229.7,10,0,0,-1,26166,5,76,53
135,589,2047,223.3,233.1,10,0,0,-1,19000,5,80,49
50,1692,2015,216.2,227.4,10,0,0,-1,25666,5,73,56
106,2,2017,215.2,226.4,10,0,0,-1,26666,5,64,56
144,1005,2073,238.7,250.9,10,0,0,-1,27666,5,80,61
54,935,2010,218.5,229.5,10,0,0,-1,25666,5,70,55
105,1395,2031,219.8,230.6,10,0,0,-1,25666,5,74,54
68,949,2048,223.4,233.8,10,0,0,-1,39998,5,72,52
92,1049,2003,244.1,256.7,10,0,0,-1,34332,5,88,63
74,1304,2005,223.9,235.3,10,0,0,-1,41498,5,57,57
120,1648,2038,231.7,243.9,10,0,0,-1,38998,5,61,61
84,1470,2042,357,375,10,0,0,-1,59330,5,114,90
57,884,2011,241.8,252.6,10,0,0,-1,33332,5,75,54
147,954,2085,252.4,264.8,10,0,0,-1,39998,5,71,62
108,10,2028,240.1,252.7,10,0,0,-1,27666,5,70,63
161,915,2085,241.7,253.9,10,0,0,-1,33332,5,77,61
69,952,2013,292.7,306.9,10,0,0,-1,57830,5,99,71
2,1634,136,147,148,10,0,0,-1,78828,3,150,139
70,789,2018,323.5,340.5,10,0,0,-1,59330,5,94,85
132,157,2048,276.3,290.1,10,0,0,-1,40998,5,90,69
73,1316,2030,245.1,257.7,10,0,0,-1,34332,5,63,63
114,878,2019,288.1,302.7,10,0,0,-1,42998,5,91,73
130,532,2008,265.3,279.1,10,0,0,-1,47664,5,74,69
33,1565,1315,263.3,277.1,10,0,0,-1,42498,5,86,69
162,427,2077,244.7,256.9,10,0,0,-1,22000,5,80,61
99,190,2051,251.4,263.8,10,0,0,-1,25000,5,84,62
88,1984,2035,269.7,283.9,10,0,0,-1,31166,5,78,71
126,1750,2007,280.1,294.7,10,0,0,-1,48664,5,83,73
145,19,2071,274.4,288.8,10,0,0,-1,47664,5,80,72
153,939,2073,261.7,273.9,10,0,0,-1,28666,5,97,61
124,236,2010,283.8,298.6,10,0,0,-1,43998,5,101,74
91,1360,2048,230.4,240.8,10,0,0,-1,23000,5,52,52
139,455,2047,301.3,317.1,10,0,0,-1,58830,5,88,79
82,327,2023,237.4,249.8,10,0,0,-1,33332,5,65,62
150,661,2076,282.3,296.1,10,0,0,-1,44498,5,93,69
154,1471,2071,312.2,327.4,10,0,0,-1,59496,5,107,76
159,497,2073,266.1,278.7,10,0,0,-1,22000,5,83,63
151,1796,2080,249.5,262.5,10,0,0,-1,47664,5,74,65
59,1299,2011,256.4,268.8,10,0,0,-1,29166,5,88,62
95,1728,2018,247.5,260.5,10,0,0,-1,40498,5,72,65
62,1875,2047,286.5,301.5,10,0,0,-1,33666,5,84,75
160,182,2076,289.2,304.4,10,0,0,-1,43998,5,84,76
41,397,2002,280.3,294.1,10,0,0,-1,56830,5,75,69
43,1358,2055,259.1,271.7,10,0,0,-1,34166,5,99,63
16,1470,2042,109.2,111.6,10,0,0,-1,61662,3,114,90
86,1396,2063,265.7,277.9,10,0,0,-1,23000,5,84,61
127,1217,2006,283,297,10,0,0,-1,36332,5,94,70
64,957,2032,274.4,288.8,10,0,0,-1,24500,5,80,72
121,335,1998,310.7,326.9,10,0,0,-1,55830,5,92,81
103,139,2056,298.6,314.2,10,0,0,-1,45498,5,88,78
38,689,2039,278.2,291.4,10,0,0,-1,37832,5,100,66
111,542,2025,316,332,10,0,0,-1,38332,5,100,80
52,1380,2029,322.8,339.6,10,0,0,-1,55830,5,96,84
78,872,2057,324.8,341.6,10,0,0,-1,35832,5,98,84
56,1207,2049,268.3,282.1,10,0,0,-1,36332,5,95,69
44,1411,2028,248.9,260.3,10,0,0,-1,27500,5,57,57
118,54,2035,272.2,285.4,10,0,0,-1,45998,5,94,66
39,1768,2000,261.2,274.4,10,0,0,-1,32166,5,83,66
110,391,2020,247.5,260.5,10,0,0,-1,27000,5,81,65
72,1534,2035,260.2,273.4,10,0,0,-1,31166,5,82,66
76,1688,2022,259.9,273.3,10,0,0,-1,30666,5,75,67
138,1183,2005,278,292,10,0,0,-1,57330,5,89,70
112,940,2038,309.7,323.9,10,0,0,-1,38832,5,87,71
47,993,2012,279.3,293.1,10,0,0,-1,39832,5,93,69
134,873,2002,324.8,341.6,10,0,0,-1,43998,5,98,84
122,529,2020,332.5,349.5,10,0,0,-1,73162,5,103,85
81,670,2009,290.2,303.4,10,0,0,-1,38832,5,80,66
48,191,2032,291.3,305.1,10,0,0,-1,25500,5,96,69
97,842,2014,367.5,386.5,10,0,0,-1,60330,5,109,95
32,127,1399,298.6,314.2,10,0,0,-1,41332,5,88,78
113,1303,2065,279,293,10,0,0,-1,41832,5,90,70
148,751,2076,366.2,385.4,10,0,0,-1,55664,5,107,96
27,1892,2052,126.8,129.9,10,0,0,-1,64828,3,133,102
53,1420,2050,319.7,335.9,10,0,0,-1,54164,5,101,81
129,435,2028,285.5,300.5,10,0,0,-1,40832,5,85,75
71,1137,2055,303,319,10,0,0,-1,49998,5,87,80
34,145,1308,313.7,329.9,10,0,0,-1,64496,5,91,81
100,878,2057,339.6,357.2,10,0,0,-1,45498,5,102,88
115,1324,2051,288.7,302.9,10,0,0,-1,29500,5,98,71
