demandID,SourceID,DestinationID,MinDelay,MaxDelay,Bandwidth,Ishotstandby,DelayDifference,DisjointType,WorkOptCostRangeType,MinCostDelay,MinDelayDelay
160,187,471,167.4,175.8,10,0,0,-1,22166,5,51,42
28,145,482,90.8,95.9,10,0,0,-1,47496,3,101,50
159,105,474,147.2,154.4,10,0,0,-1,16000,5,50,36
29,159,479,80.6,82.8,10,0,0,-1,32498,3,85,63
7,246,479,77.2,78.6,10,0,0,-1,27332,5,66,66
87,300,475,171.7,179.9,10,0,0,-1,15500,5,41,41
138,129,475,179.1,187.7,10,0,0,-1,15500,5,43,43
158,279,471,174.8,183.6,10,0,0,-1,28832,5,53,44
0,266,474,65.2,67.6,10,0,0,-1,22332,3,70,46
20,162,474,62.2,63.6,10,0,0,-1,16000,3,65,51
9,225,474,61.2,62.6,10,0,0,-1,15000,3,65,50
8,53,474,63.2,64.6,10,0,0,-1,22666,3,66,52
16,169,474,75.2,76.6,10,0,0,-1,35998,3,78,64
12,209,474,117.2,118.6,10,0,0,-1,41664,3,121,106
21,53,474,63.2,64.6,10,0,0,-1,22666,3,66,52
3,252,474,114.2,115.6,10,0,0,-1,54996,3,118,103
10,238,478,64.2,65.6,10,0,0,-1,26332,3,68,53
17,148,474,78.2,79.6,10,0,0,-1,28332,3,82,67
30,211,474,90.2,91.6,10,0,0,-1,28332,3,94,79
18,203,474,81.2,82.6,10,0,0,-1,34998,3,85,70
1,64,474,74.2,75.6,10,0,0,-1,34998,3,78,63
25,238,476,65.2,66.6,10,0,0,-1,26332,3,69,54
24,50,472,69.6,71.3,10,0,0,-1,27998,3,73,56
22,43,479,81.2,82.6,10,0,0,-1,27332,5,70,70
15,253,474,126.2,127.6,10,0,0,-1,61662,3,130,115
66,323,474,169.4,177.8,10,0,0,-1,30332,5,56,42
175,102,471,200.7,210.9,10,0,0,-1,30832,5,60,51
4,50,476,69.6,71.3,10,0,0,-1,27998,3,73,56
19,267,474,67.2,69.6,10,0,0,-1,28998,3,72,48
11,145,469,101,106,10,0,0,-1,49496,3,112,61
166,145,482,236,246,10,0,0,-1,50330,5,101,50
137,232,481,165.7,173.9,10,0,0,-1,28832,5,41,41
120,71,471,174.8,183.6,10,0,0,-1,31332,5,53,44
26,86,474,107.4,109.7,10,0,0,-1,42330,3,113,89
79,323,471,171.1,179.7,10,0,0,-1,31332,5,52,43
85,281,471,215.5,226.5,10,0,0,-1,31832,5,64,55
149,225,480,165.7,173.9,10,0,0,-1,17000,5,41,41
92,57,471,156.3,164.1,10,0,0,-1,18000,5,49,39
73,307,479,195.3,205.1,10,0,0,-1,39498,5,63,49
41,255,475,168,176,10,0,0,-1,19000,5,40,40
37,49,453,196.6,206.2,10,0,0,-1,26666,5,67,48
119,162,474,202.7,212.9,10,0,0,-1,19000,5,65,51
114,262,474,202.7,212.9,10,0,0,-1,32332,5,65,51
124,53,474,206.4,216.8,10,0,0,-1,25666,5,66,52
88,53,474,206.4,216.8,10,0,0,-1,25666,5,66,52
68,29,471,211.8,222.6,10,0,0,-1,26666,5,63,54
131,368,475,202.6,212.2,10,0,0,-1,28666,5,53,48
42,266,474,194.2,203.4,10,0,0,-1,25666,5,70,46
105,157,474,210.1,220.7,10,0,0,-1,25666,5,67,53
143,63,482,202.7,212.9,10,0,0,-1,33332,5,51,51
71,67,483,210.1,220.7,10,0,0,-1,27666,5,67,53
100,65,481,211.1,221.7,10,0,0,-1,40498,5,54,53
98,265,471,182.2,191.4,10,0,0,-1,26666,5,55,46
6,10,469,161.2,162.6,10,0,0,-1,79160,3,179,150
59,170,471,197,207,10,0,0,-1,33332,5,59,50
90,225,474,199,209,10,0,0,-1,19000,5,65,50
156,385,474,213.8,224.6,10,0,0,-1,36332,5,68,54
77,385,474,213.8,224.6,10,0,0,-1,36332,5,68,54
33,196,454,263.3,277.1,10,0,0,-1,44498,5,77,69
35,288,454,218.9,230.3,10,0,0,-1,35832,5,80,57
108,236,482,213.5,224.5,10,0,0,-1,32332,5,65,55
32,167,454,235.7,247.9,10,0,0,-1,53830,5,71,61
50,56,481,202.4,212.8,10,0,0,-1,29666,5,62,52
128,134,481,232.4,242.8,10,0,0,-1,49664,5,92,52
47,56,481,202.4,212.8,10,0,0,-1,29666,5,62,52
104,319,483,206.8,217.6,10,0,0,-1,29166,5,54,54
93,238,478,210.1,220.7,10,0,0,-1,30332,5,68,53
94,145,469,275.7,287.9,10,0,0,-1,53830,5,112,61
70,362,473,239.3,251.1,10,0,0,-1,37332,5,80,59
52,288,471,245.1,257.7,10,0,0,-1,35332,5,72,63
134,257,479,199,209,10,0,0,-1,34832,5,64,50
69,23,483,217.9,229.3,10,0,0,-1,30166,5,57,57
118,267,474,201.6,211.2,10,0,0,-1,32332,5,72,48
63,33,474,239.7,251.9,10,0,0,-1,28166,5,75,61
146,238,476,213.8,224.6,10,0,0,-1,30832,5,69,54
151,128,475,201.3,211.1,10,0,0,-1,21500,5,49,49
99,56,482,224.6,236.2,10,0,0,-1,30166,5,68,58
86,236,465,246.8,259.6,10,0,0,-1,33832,5,75,64
135,49,471,248.4,260.8,10,0,0,-1,28666,5,78,62
173,345,483,236.4,248.8,10,0,0,-1,31166,5,62,62
75,78,479,210.1,220.7,10,0,0,-1,36332,5,67,53
133,50,472,224.2,235.4,10,0,0,-1,33332,5,73,56
43,64,474,247.1,259.7,10,0,0,-1,41498,5,78,63
141,306,479,224.9,236.3,10,0,0,-1,50164,5,71,57
45,227,471,232.3,244.1,10,0,0,-1,28666,5,71,59
167,159,469,247.5,260.5,10,0,0,-1,39498,5,72,65
58,127,475,227.2,238.4,10,0,0,-1,29666,5,56,56
174,279,475,219.8,230.6,10,0,0,-1,36332,5,54,54
62,241,475,230.9,242.3,10,0,0,-1,23000,5,57,57
38,71,475,219.8,230.6,10,0,0,-1,36332,5,54,54
170,160,480,213.2,224.4,10,0,0,-1,34832,5,62,56
2,166,466,102.8,103.4,10,0,0,-1,51496,3,104,98
46,88,483,280.4,294.8,10,0,0,-1,39832,5,80,72
64,50,476,224.2,235.4,10,0,0,-1,34332,5,73,56
126,407,465,268.3,282.1,10,0,0,-1,33166,5,82,69
110,56,483,246.8,259.6,10,0,0,-1,33166,5,74,64
112,169,474,250.8,263.6,10,0,0,-1,44998,5,78,64
39,280,475,245.7,257.9,10,0,0,-1,32666,5,61,61
165,216,474,250.8,263.6,10,0,0,-1,37332,5,78,64
23,377,469,123.6,125.3,10,0,0,-1,59662,3,127,110
136,401,477,242.8,255.6,10,0,0,-1,37332,5,70,64
155,312,479,221.2,232.4,10,0,0,-1,32666,5,70,56
148,99,471,282.1,296.7,10,0,0,-1,60330,5,82,73
44,436,481,252.5,265.5,10,0,0,-1,26500,5,69,65
61,106,475,253.1,265.7,10,0,0,-1,32166,5,63,63
31,128,292,377.3,397.1,10,0,0,-1,129490,5,110,99
162,371,469,240.3,252.1,10,0,0,-1,34666,5,59,59
117,176,471,271,285,10,0,0,-1,46998,5,79,70
34,168,452,283.2,296.4,10,0,0,-1,56164,5,105,66
97,445,474,289.1,303.7,10,0,0,-1,42332,5,92,73
132,410,475,276.6,290.2,10,0,0,-1,35666,5,73,68
157,407,471,271,285,10,0,0,-1,33666,5,75,70
163,49,477,247.5,260.5,10,0,0,-1,32166,5,83,65
113,294,483,314.1,330.7,10,0,0,-1,69996,5,90,83
115,148,474,261.9,275.3,10,0,0,-1,40332,5,82,67
27,49,477,70.6,71.3,10,0,0,-1,32498,3,83,65
147,389,476,326,342,10,0,0,-1,63830,5,104,80
144,181,482,302.3,318.1,10,0,0,-1,58164,5,89,79
116,203,474,273,287,10,0,0,-1,47998,5,85,70
164,1,475,260.5,273.5,10,0,0,-1,34666,5,65,65
81,246,479,258.2,271.4,10,0,0,-1,43332,5,66,66
103,147,473,291.9,307.3,10,0,0,-1,48998,5,105,77
49,372,479,268.7,282.9,10,0,0,-1,44832,5,77,71
129,43,479,273,287,10,0,0,-1,43332,5,70,70
80,31,479,265.6,279.2,10,0,0,-1,49498,5,82,68
154,342,483,343.7,361.9,10,0,0,-1,60664,5,91,91
145,36,483,313.4,329.8,10,0,0,-1,55664,5,100,82
171,159,479,255.1,267.7,10,0,0,-1,44998,5,85,63
82,387,479,302,318,10,0,0,-1,58164,5,80,80
13,11,479,160.6,161.8,10,0,0,-1,84826,3,168,151
153,444,474,333.5,350.5,10,0,0,-1,53998,5,104,85
121,166,483,334.9,352.3,10,0,0,-1,63164,5,100,87
172,211,474,306.3,322.1,10,0,0,-1,45832,5,94,79
76,348,475,330.8,347.6,10,0,0,-1,48832,5,84,84
125,399,474,306.9,322.3,10,0,0,-1,43832,5,94,77
65,17,474,313.7,329.9,10,0,0,-1,52998,5,95,81
111,26,475,286.4,300.8,10,0,0,-1,46832,5,72,72
176,109,471,333.9,351.3,10,0,0,-1,61164,5,96,87
89,403,483,306.7,322.9,10,0,0,-1,44332,5,88,81
78,249,475,319.7,335.9,10,0,0,-1,55998,5,82,81
67,412,475,335.8,352.6,10,0,0,-1,56498,5,89,84
109,417,481,368.8,387.6,10,0,0,-1,58998,5,115,94
96,36,479,305.6,321.2,10,0,0,-1,59164,5,95,78
127,351,474,421,443,10,0,0,-1,83330,5,124,110
91,389,473,359,377,10,0,0,-1,69830,5,136,90
122,50,475,292.3,306.1,10,0,0,-1,44832,5,86,69
106,114,475,338.2,355.4,10,0,0,-1,57498,5,86,86
83,135,475,335.8,352.6,10,0,0,-1,57498,5,89,84
5,362,473,75.8,77.9,10,0,0,-1,56662,3,80,59
101,159,466,291.2,306.4,10,0,0,-1,50498,5,89,76
169,98,479,339.6,357.2,10,0,0,-1,79996,5,102,88
55,98,479,339.6,357.2,10,0,0,-1,79996,5,102,88
84,340,483,369.6,389.2,10,0,0,-1,84996,5,98,98
54,290,479,365.5,384.5,10,0,0,-1,66664,5,109,95
14,147,473,82.6,83.3,10,0,0,-1,60828,3,105,77
150,44,479,327.1,343.7,10,0,0,-1,54998,5,89,83
142,166,479,335.2,352.4,10,0,0,-1,66664,5,103,86
56,337,479,369.2,388.4,10,0,0,-1,75830,5,110,96
36,23,463,314.4,330.8,10,0,0,-1,44666,5,93,82
161,124,475,341.9,359.3,10,0,0,-1,65164,5,87,87
53,252,474,395.1,415.7,10,0,0,-1,87996,5,118,103
107,339,481,401.5,422.5,10,0,0,-1,94662,5,118,105
95,209,474,406.2,427.4,10,0,0,-1,76664,5,121,106
168,17,475,360.4,378.8,10,0,0,-1,61498,5,92,92
139,210,475,397.4,417.8,10,0,0,-1,68998,5,123,102
152,86,474,352.3,370.1,10,0,0,-1,66664,5,113,89
57,340,474,361.8,380.6,10,0,0,-1,82496,5,108,94
72,159,475,304.5,319.5,10,0,0,-1,53998,5,82,75
140,430,481,419,441,10,0,0,-1,82330,5,122,110
130,377,469,424,446,10,0,0,-1,77330,5,127,110
102,441,481,444.9,468.3,10,0,0,-1,86496,5,121,117
60,376,468,401.5,422.5,10,0,0,-1,88996,5,118,105
51,167,467,339.3,357.1,10,0,0,-1,76830,5,99,89
40,419,480,418.6,440.2,10,0,0,-1,74664,5,122,108
123,377,474,440.6,462.2,10,0,0,-1,83830,5,150,108
48,166,466,368.6,388.2,10,0,0,-1,76164,5,104,98
74,428,468,382,402,10,0,0,-1,93162,5,112,100
