demandID,SourceID,DestinationID,MinDelay,MaxDelay,Bandwidth,Ishotstandby,DelayDifference,DisjointType,WorkOptCostRangeType,MinCostDelay,MinDelayDelay
16,1971,2001,86.8,88.9,10,0,0,-1,28832,3,102,70
11,744,2052,86.6,87.3,10,0,0,-1,36498,3,88,81
32,1793,1992,49.6,50.3,10,0,0,-1,15000,3,57,44
25,149,2002,102.4,105.2,10,0,0,-1,42164,3,108,80
13,1729,1994,68.8,70.9,10,0,0,-1,16000,5,60,52
41,1912,0,124.3,130.1,10,0,0,-1,14000,5,46,29
20,77,1999,80.2,81.6,10,0,0,-1,15500,3,83,69
7,161,2032,88.4,89.7,10,0,0,-1,30832,3,91,78
36,399,2035,93.2,95.1,10,0,0,-1,35498,5,85,78
15,1777,2000,77,78,10,0,0,-1,21666,5,71,69
10,1615,2047,102.4,105.7,10,0,0,-1,23166,3,109,76
153,337,2068,123.2,128.4,10,0,0,-1,13000,5,53,26
33,1588,2046,62.6,64.3,10,0,0,-1,27332,5,49,49
21,341,2046,54.2,56.6,10,0,0,-1,14000,5,47,35
2,880,1716,118.6,120.3,10,0,0,-1,58496,3,122,105
35,661,1996,92.6,94.3,10,0,0,-1,47330,3,96,79
130,1700,2033,144.9,152.3,10,0,0,-1,21666,5,45,37
18,1629,2035,83.2,85.1,10,0,0,-1,18000,3,87,68
30,1677,2049,92.2,94.6,10,0,0,-1,25166,3,97,73
158,735,2064,157,165,10,0,0,-1,39164,5,49,40
1,1575,79,93,95.5,10,0,0,-1,33332,3,98,73
24,1608,2019,148.8,153.4,10,0,0,-1,53330,3,158,112
0,444,1124,137.8,139.4,10,0,0,-1,61996,3,141,125
3,493,723,129.4,131.7,10,0,0,-1,50830,3,134,111
4,409,1695,149.8,151.4,10,0,0,-1,61662,3,154,137
37,1477,2065,83.8,86.4,10,0,0,-1,42330,3,89,63
17,1635,2011,95.6,98.3,10,0,0,-1,50330,3,101,74
46,707,1995,160.7,168.9,10,0,0,-1,28332,5,67,41
151,1691,2069,146.6,154.2,10,0,0,-1,14500,5,50,38
14,891,2019,108.2,109.6,10,0,0,-1,30832,3,111,97
19,577,2034,81.2,82.1,10,0,0,-1,32998,3,83,74
6,1604,1994,94.8,97.9,10,0,0,-1,25166,3,101,70
28,1961,1992,79.4,80.7,10,0,0,-1,49830,3,82,69
9,1679,2019,74.2,75.6,10,0,0,-1,21000,3,77,63
101,341,2046,153.5,160.5,10,0,0,-1,16000,5,47,35
55,541,1992,156.6,164.2,10,0,0,-1,16500,5,59,38
141,1357,2061,192,202,10,0,0,-1,22166,5,50,50
29,1124,2045,110.6,111.8,10,0,0,-1,47664,3,113,101
115,1158,2024,193,203,10,0,0,-1,27666,5,58,50
123,572,1994,181.1,189.7,10,0,0,-1,21666,5,58,43
84,258,1995,172.4,180.8,10,0,0,-1,21166,5,59,42
80,708,1993,159.3,167.1,10,0,0,-1,22666,5,54,39
38,244,2074,87.2,88.6,10,0,0,-1,28832,3,90,76
120,1185,2018,179.8,188.6,10,0,0,-1,18500,5,61,44
22,1818,1997,177.6,179.3,10,0,0,-1,91826,3,181,164
148,447,2069,165.1,173.7,10,0,0,-1,21166,5,49,43
43,1398,1293,187.2,196.4,10,0,0,-1,39498,5,70,46
97,1767,2033,185.6,195.2,10,0,0,-1,19500,5,56,48
77,1837,2008,168.4,176.8,10,0,0,-1,33332,5,44,42
27,263,2001,96.2,97.6,10,0,0,-1,56662,3,110,85
23,146,2010,89.4,90.7,10,0,0,-1,26666,3,110,79
125,1793,1992,169.8,178.6,10,0,0,-1,18500,5,57,44
8,328,2021,117.8,118.9,10,0,0,-1,52496,3,120,109
142,481,2067,205.4,215.8,10,0,0,-1,31832,5,72,52
112,1717,2013,166.4,174.8,10,0,0,-1,18000,5,53,42
86,1717,2013,166.4,174.8,10,0,0,-1,18000,5,53,42
12,88,2019,67.4,68.7,10,0,0,-1,21000,3,70,57
139,668,2032,208.8,219.6,10,0,0,-1,32832,5,71,54
113,1380,2027,211.8,222.6,10,0,0,-1,24166,5,54,54
31,908,2044,128.8,130.9,10,0,0,-1,57662,3,133,112
128,1588,2046,198.3,208.1,10,0,0,-1,32332,5,49,49
132,78,2022,237.7,249.9,10,0,0,-1,26166,5,73,61
149,944,2066,202.7,212.9,10,0,0,-1,23166,5,65,51
107,337,2037,179.1,187.7,10,0,0,-1,18000,5,68,43
143,434,2073,211.1,221.7,10,0,0,-1,20500,5,87,53
150,1477,2065,259.1,271.7,10,0,0,-1,45664,5,89,63
93,1177,2020,226.6,238.2,10,0,0,-1,59830,5,70,58
135,218,2034,234,246,10,0,0,-1,26666,5,72,60
99,398,2029,236.3,248.1,10,0,0,-1,35332,5,65,59
26,458,2000,138.4,141.2,10,0,0,-1,84492,5,134,116
58,88,2019,223.9,235.3,10,0,0,-1,22000,5,70,57
82,631,2001,228,240,10,0,0,-1,25666,5,70,60
89,432,1997,209,219,10,0,0,-1,31166,5,81,50
159,1169,2074,238,250,10,0,0,-1,34332,5,65,60
96,1132,2015,216.9,228.3,10,0,0,-1,38332,5,63,57
114,538,1995,242.1,254.7,10,0,0,-1,39998,5,89,63
61,1729,1994,213.4,223.8,10,0,0,-1,21500,5,60,52
63,159,2052,249.8,262.6,10,0,0,-1,36832,5,77,64
103,967,2017,249.7,261.9,10,0,0,-1,40998,5,85,61
117,1691,2052,212.4,222.8,10,0,0,-1,22000,5,72,52
127,511,1995,234.7,246.9,10,0,0,-1,31832,5,75,61
56,786,2055,244.8,257.6,10,0,0,-1,21000,5,72,64
60,889,2024,216.5,227.5,10,0,0,-1,20000,5,68,55
48,494,2004,311.9,327.3,10,0,0,-1,61496,5,104,77
66,1325,2042,220.9,232.3,10,0,0,-1,35832,5,57,57
98,1513,2030,258.9,272.3,10,0,0,-1,50164,5,78,67
129,1591,2000,217.2,228.4,10,0,0,-1,20000,5,68,56
42,1405,1359,278.4,292.8,10,0,0,-1,46498,5,84,72
110,1748,2044,238.3,250.1,10,0,0,-1,29166,5,79,59
78,257,2017,223.6,235.2,10,0,0,-1,21000,5,67,58
94,1499,2025,217.7,227.9,10,0,0,-1,37332,5,78,51
157,450,2072,258.5,271.5,10,0,0,-1,46164,5,71,65
74,1588,2016,243.1,255.7,10,0,0,-1,38332,5,73,63
118,1961,1992,268.3,282.1,10,0,0,-1,53830,5,82,69
75,1971,2001,280,294,10,0,0,-1,35832,5,102,70
138,1863,1994,270.6,284.2,10,0,0,-1,48164,5,74,68
45,313,2046,219.5,230.5,10,0,0,-1,31832,5,71,55
85,1732,2032,255.9,269.3,10,0,0,-1,39332,5,83,67
70,1970,2027,268.7,282.9,10,0,0,-1,38998,5,98,71
145,326,2058,281,295,10,0,0,-1,46664,5,80,70
34,102,2028,96.6,97.8,10,0,0,-1,49664,3,99,87
92,1464,2017,249.5,262.5,10,0,0,-1,39332,5,74,65
71,1552,1995,244.8,257.6,10,0,0,-1,41998,5,72,64
133,438,2006,246.5,259.5,10,0,0,-1,50164,5,106,65
49,1679,2019,247.1,259.7,10,0,0,-1,26000,5,77,63
53,573,2002,266.3,280.1,10,0,0,-1,33832,5,80,69
100,77,1999,269.3,283.1,10,0,0,-1,23500,5,83,69
83,1629,2035,270.6,284.2,10,0,0,-1,25500,5,87,68
136,603,2025,237.5,248.5,10,0,0,-1,23500,5,80,55
102,9,1994,285.5,300.5,10,0,0,-1,57330,5,83,75
52,129,1992,298.1,312.7,10,0,0,-1,50664,5,101,73
91,315,2007,235.7,247.9,10,0,0,-1,34332,5,61,61
121,1574,2002,279,293,10,0,0,-1,31166,5,88,70
62,258,2004,256.2,269.4,10,0,0,-1,28666,5,84,66
69,450,1994,300.1,314.7,10,0,0,-1,49164,5,79,73
146,908,2063,313.4,329.8,10,0,0,-1,61996,5,92,82
88,682,1994,269.9,283.3,10,0,0,-1,36832,5,67,67
156,244,2074,295.2,310.4,10,0,0,-1,36832,5,90,76
73,1531,2052,282.1,296.7,10,0,0,-1,40832,5,85,73
126,348,2043,262.2,275.4,10,0,0,-1,26500,5,72,66
95,577,2034,282.8,297.6,10,0,0,-1,40498,5,83,74
44,1604,1994,290,304,10,0,0,-1,32166,5,101,70
154,594,2073,287.8,302.6,10,0,0,-1,36832,5,88,74
67,85,2026,285.8,300.6,10,0,0,-1,37832,5,86,74
72,1777,2000,265.3,279.1,10,0,0,-1,31166,5,71,69
134,661,1996,309.3,325.1,10,0,0,-1,56830,5,96,79
119,1908,2004,284.8,299.6,10,0,0,-1,45998,5,85,74
140,41,2058,285.8,300.6,10,0,0,-1,36832,5,86,74
79,1635,2011,300.8,315.6,10,0,0,-1,58830,5,101,74
116,263,2001,328.5,345.5,10,0,0,-1,63996,5,110,85
59,1876,2033,290.9,306.3,10,0,0,-1,33166,5,83,77
57,1201,2044,263.3,277.1,10,0,0,-1,26500,5,82,69
64,697,2050,282.4,296.8,10,0,0,-1,31666,5,72,72
40,1575,79,295.1,309.7,10,0,0,-1,41832,5,98,73
68,1477,2014,306.5,321.5,10,0,0,-1,51664,5,98,75
76,111,2029,323.3,339.1,10,0,0,-1,47998,5,110,79
152,878,2066,321.1,337.7,10,0,0,-1,53164,5,97,83
54,1375,2004,318.1,334.7,10,0,0,-1,59330,5,94,83
109,266,2012,271.7,285.9,10,0,0,-1,51164,5,80,71
124,1637,2005,298,312,10,0,0,-1,47998,5,109,70
104,1797,2039,277.3,291.1,10,0,0,-1,45498,5,69,69
108,398,2034,291.8,306.6,10,0,0,-1,39332,5,80,74
81,812,2033,296.6,312.2,10,0,0,-1,47498,5,86,78
131,601,2024,269.8,282.6,10,0,0,-1,32166,5,88,64
144,647,2060,305,321,10,0,0,-1,44498,5,94,80
87,1385,2028,298.2,313.4,10,0,0,-1,48998,5,100,76
122,1677,2049,294.1,308.7,10,0,0,-1,35666,5,97,73
47,161,2032,301.6,317.2,10,0,0,-1,43332,5,91,78
65,814,2037,325.8,342.6,10,0,0,-1,52664,5,99,84
106,1113,2048,300.2,315.4,10,0,0,-1,40832,5,92,76
137,399,2035,307.6,323.2,10,0,0,-1,48998,5,85,78
5,1261,494,152.6,153.3,10,0,0,-1,92492,3,154,147
50,1027,2050,309.3,325.1,10,0,0,-1,61330,5,96,79
155,45,2059,330.2,347.4,10,0,0,-1,67496,5,98,86
51,1615,2047,314.2,329.4,10,0,0,-1,35666,5,109,76
105,1780,2020,321.2,336.4,10,0,0,-1,39666,5,105,76
111,44,2050,348.7,366.9,10,0,0,-1,60830,5,103,91
147,628,2064,349.4,367.8,10,0,0,-1,73162,5,92,92
90,1630,2028,325.5,342.5,10,0,0,-1,36166,5,96,85
39,1786,1474,363.5,382.5,10,0,0,-1,91494,5,107,95
