demandID,SourceID,DestinationID,MinDelay,MaxDelay,Bandwidth,Ishotstandby,DelayDifference,DisjointType,WorkOptCostRangeType,MinCostDelay,MinDelayDelay
17,241,456,167.6,175.2,10,1,0,0,24666,5,65,38
32,257,458,177.2,186.4,10,1,0,0,46164,5,47,46
122,308,458,170.8,179.6,10,1,0,0,27666,5,59,44
86,380,461,180.9,190.3,10,1,0,0,20000,5,54,47
120,309,462,210.5,221.5,10,1,0,0,23000,5,71,55
102,340,465,177.2,186.4,10,1,0,0,22500,5,53,46
11,124,438,270.7,284.9,10,1,0,0,59830,5,79,71
51,105,458,224.3,236.1,10,1,0,0,42498,5,59,59
42,340,463,192,202,10,1,0,0,22500,5,57,50
121,123,453,279,293,10,1,0,0,65996,5,90,70
65,382,458,201.7,211.9,10,1,0,0,36332,5,58,51
64,187,455,229,241,10,1,0,0,43498,5,67,60
107,188,467,217.9,229.3,10,1,0,0,37332,5,64,57
16,375,462,229.9,241.3,10,1,0,0,43498,5,85,57
85,382,460,240.1,252.7,10,1,0,0,40332,5,70,63
106,334,453,258.6,272.2,10,1,0,0,37166,5,75,68
99,199,458,247.5,260.5,10,1,0,0,46998,5,66,65
61,307,465,216.2,227.4,10,1,0,0,40332,5,65,56
56,127,464,243.8,256.6,10,1,0,0,40332,5,71,64
90,170,456,230.5,241.5,10,1,0,0,31666,5,82,55
103,310,460,180.9,190.3,10,1,0,0,24000,5,54,47
13,112,468,239,251,10,1,0,0,46498,5,81,60
15,319,461,266,280,10,1,0,0,36166,5,77,70
115,283,456,267.9,281.3,10,1,0,0,61830,5,67,67
75,222,464,251.2,264.4,10,1,0,0,54664,5,66,66
96,219,466,173.8,182.6,10,1,0,0,27166,5,46,44
74,270,466,266.3,280.1,10,1,0,0,42332,5,69,69
77,417,459,243.8,256.6,10,1,0,0,42832,5,71,64
72,49,458,283.5,298.5,10,1,0,0,62830,5,75,75
53,49,458,283.5,298.5,10,1,0,0,62830,5,75,75
18,302,465,242.1,254.7,10,1,0,0,42332,5,72,63
97,415,464,228.6,240.2,10,1,0,0,30500,5,65,58
91,127,462,209,219,10,1,0,0,35832,5,74,50
48,134,454,280.4,294.8,10,1,0,0,54664,5,86,72
59,319,459,251.2,264.4,10,1,0,0,38666,5,73,66
33,256,466,233,245,10,1,0,0,48498,5,62,60
43,238,461,288.2,303.4,10,1,0,0,57664,5,107,76
28,384,467,256.9,270.3,10,1,0,0,51664,5,76,67
38,233,464,240.1,252.7,10,1,0,0,47498,5,63,63
37,240,455,203.1,213.7,10,1,0,0,35832,5,60,53
57,421,464,277.1,291.7,10,1,0,0,56664,5,73,73
55,340,464,239.7,251.9,10,1,0,0,30500,5,68,61
112,76,464,262.3,276.1,10,1,0,0,56164,5,69,69
8,208,445,243.1,255.7,10,1,0,0,38332,5,73,63
44,211,464,288.2,303.4,10,1,0,0,49498,5,76,76
118,125,464,299.3,315.1,10,1,0,0,58664,5,86,79
88,393,455,302.9,318.3,10,1,0,0,69996,5,95,77
114,110,463,314.1,330.7,10,1,0,0,66330,5,90,83
27,318,458,312.7,328.9,10,1,0,0,53832,5,88,81
36,238,465,299.3,315.1,10,1,0,0,60164,5,86,79
79,305,459,286.5,301.5,10,1,0,0,61164,5,84,75
110,108,462,322.8,339.6,10,1,0,0,71496,5,105,84
31,417,465,269.7,283.9,10,1,0,0,47332,5,78,71
23,237,468,335.2,352.4,10,1,0,0,72830,5,107,86
29,70,464,306.7,322.9,10,1,0,0,43166,5,81,81
14,7,456,282.7,296.9,10,1,0,0,67996,5,91,71
60,62,466,321.8,338.6,10,1,0,0,57498,5,86,84
68,109,454,321.5,338.5,10,1,0,0,75162,5,92,85
50,109,454,321.5,338.5,10,1,0,0,75162,5,92,85
117,238,456,330.4,346.8,10,1,0,0,64664,5,109,82
81,62,464,325.2,342.4,10,1,0,0,58998,5,86,86
67,309,458,198,208,10,1,0,0,23000,5,57,50
93,354,457,358.1,376.7,10,1,0,0,75330,5,107,93
73,281,454,331.6,349.2,10,1,0,0,69330,5,94,88
109,193,466,336.6,354.2,10,1,0,0,52332,5,90,88
113,157,469,358.5,377.5,10,1,0,0,79996,5,102,95
108,281,467,331.6,349.2,10,1,0,0,69830,5,105,88
46,159,462,349.6,367.2,10,1,0,0,72330,5,112,88
35,37,462,349.6,367.2,10,1,0,0,58998,5,112,88
83,434,458,398.5,419.5,10,1,0,0,74664,5,116,105
70,184,468,361.1,379.7,10,1,0,0,88162,5,114,93
76,160,464,362.2,381.4,10,1,0,0,72164,5,96,96
84,339,464,277.1,291.7,10,1,0,0,43832,5,73,73
87,237,469,294.5,309.5,10,1,0,0,77662,5,92,75
92,339,464,277.1,291.7,10,1,0,0,43832,5,73,73
45,348,460,355.1,373.7,10,1,0,0,65498,5,104,93
101,432,457,384,404,10,1,0,0,81996,5,114,100
98,194,464,377,397,10,1,0,0,81662,5,100,100
9,293,449,392.1,412.7,10,1,0,0,75164,5,114,103
80,327,467,332.1,348.7,10,1,0,0,76996,5,108,83
119,344,457,202.7,212.9,10,1,0,0,24500,5,65,51
26,123,466,358.7,376.9,10,1,0,0,80996,5,111,91
22,294,466,381.1,399.7,10,1,0,0,75830,5,121,93
58,66,458,414.6,436.2,10,1,0,0,99994,5,117,108
52,157,456,400.4,420.8,10,1,0,0,104660,5,112,102
41,419,460,377.3,397.1,10,1,0,0,87996,5,111,99
111,354,465,377.3,397.1,10,1,0,0,99494,5,117,99
34,354,465,377.3,397.1,10,1,0,0,99494,5,117,99
47,325,464,403.2,424.4,10,1,0,0,93828,5,110,106
54,79,466,425.4,447.8,10,1,0,0,114826,5,123,112
19,352,454,484.5,509.5,10,1,0,0,120326,5,154,125
39,196,466,438.7,460.9,10,1,0,0,101494,5,130,111
82,317,464,402.5,423.5,10,1,0,0,95162,5,119,105
105,327,466,367.4,385.8,10,1,0,0,100160,5,117,92
49,232,464,217.9,229.3,10,1,0,0,38332,5,57,57
24,120,464,203.1,213.7,10,1,0,0,51164,5,60,53
100,42,456,212.4,222.8,10,1,0,0,31666,5,52,52
69,228,464,166.1,174.7,10,1,0,0,28666,5,50,43
95,274,464,180.9,190.3,10,1,0,0,27166,5,54,47
30,58,466,233,245,10,1,0,0,29000,5,62,60
20,297,462,223.8,234.6,10,1,0,0,38832,5,78,54
12,427,441,296.9,312.3,10,1,0,0,43666,5,89,77
62,138,462,209,219,10,1,0,0,38832,5,74,50
10,125,444,246.5,259.5,10,1,0,0,52664,5,71,65
94,112,461,214.2,225.4,10,1,0,0,43498,5,87,56
123,203,464,154.6,162.2,10,1,0,0,21000,5,45,38
