demandID,SourceID,DestinationID,MinDelay,MaxDelay,Bandwidth,Ishotstandby,DelayDifference,DisjointType,WorkOptCostRangeType,MinCostDelay,MinDelayDelay
132,237,2060,142.9,150.3,10,1,0,0,20666,5,43,37
35,1194,2018,148.9,156.3,10,1,0,0,21666,5,49,37
119,1009,2019,171.1,179.7,10,1,0,0,25166,5,55,43
103,280,1994,178.7,186.9,10,1,0,0,18000,5,68,41
98,45,2023,191,201,10,1,0,0,24166,5,56,50
90,915,1996,202.7,212.9,10,1,0,0,26666,5,65,51
82,1316,2021,219.9,231.3,10,1,0,0,24500,5,66,57
94,1225,2006,192.4,200.8,10,1,0,0,23500,5,61,42
46,1202,2014,193.3,203.1,10,1,0,0,26666,5,61,49
87,26,2041,191.6,201.2,10,1,0,0,20500,5,80,48
88,836,1996,226.2,237.4,10,1,0,0,35332,5,75,56
44,184,2013,187.2,196.4,10,1,0,0,28666,5,63,46
112,890,2002,206.4,216.8,10,1,0,0,36832,5,66,52
106,808,2023,183.2,192.4,10,1,0,0,26666,5,48,46
126,300,2057,190.2,199.4,10,1,0,0,27666,5,66,46
114,296,2020,209.5,220.5,10,1,0,0,36832,5,61,55
124,1002,1994,185.5,194.5,10,1,0,0,47164,5,58,45
105,1842,2017,214.8,225.6,10,1,0,0,37832,5,69,54
73,1212,2027,219.2,230.4,10,1,0,0,36832,5,68,56
38,1578,2027,254.9,268.3,10,1,0,0,39832,5,74,67
48,365,1998,236,248,10,1,0,0,24000,5,74,60
127,658,2059,238.3,250.1,10,1,0,0,32166,5,59,59
97,300,2034,210.1,220.7,10,1,0,0,31166,5,67,53
52,947,2017,269.7,283.9,10,1,0,0,46498,5,71,71
110,1000,2001,198.9,208.3,10,1,0,0,37332,5,72,47
36,91,1987,284.5,299.5,10,1,0,0,62830,5,75,75
58,326,2018,236.7,248.9,10,1,0,0,38332,5,80,61
134,831,2064,240.7,252.9,10,1,0,0,36332,5,61,61
34,371,1993,285.6,299.2,10,1,0,0,66996,5,102,68
133,1520,2057,234.7,246.9,10,1,0,0,32166,5,70,61
43,55,2005,249.7,261.9,10,1,0,0,47998,5,85,61
60,1161,1994,202,212,10,1,0,0,30166,5,61,50
120,941,1996,259.5,272.5,10,1,0,0,39332,5,84,65
56,1300,2043,220.9,232.3,10,1,0,0,25500,5,67,57
91,1085,2005,218.8,229.6,10,1,0,0,41332,5,73,54
84,180,1994,237.9,249.3,10,1,0,0,37332,5,84,57
96,915,2021,240.4,252.8,10,1,0,0,32166,5,73,62
130,1027,2055,237.7,249.9,10,1,0,0,39332,5,73,61
59,988,2028,244.7,256.9,10,1,0,0,34666,5,80,61
77,188,1990,287.5,302.5,10,1,0,0,59330,5,85,75
135,1652,2055,263.9,277.3,10,1,0,0,41332,5,83,67
72,1597,2025,251.5,264.5,10,1,0,0,35666,5,76,65
109,801,2002,289.1,303.7,10,1,0,0,53664,5,92,73
116,2,2029,239.1,251.7,10,1,0,0,33666,5,69,63
122,1687,2044,262.3,276.1,10,1,0,0,41832,5,76,69
40,1047,2016,259.6,273.2,10,1,0,0,46998,5,77,68
118,1385,2019,282.7,296.9,10,1,0,0,36666,5,91,71
113,838,1994,303.9,319.3,10,1,0,0,53664,5,96,77
101,425,2044,278.4,292.8,10,1,0,0,43332,5,84,72
85,1421,2049,279.1,291.7,10,1,0,0,37666,5,109,63
39,1577,1999,258.9,272.3,10,1,0,0,35666,5,74,67
76,1040,2001,243.1,255.7,10,1,0,0,35666,5,81,63
70,825,1995,302.6,318.2,10,1,0,0,49498,5,92,78
71,439,2039,267,281,10,1,0,0,37166,5,78,70
54,1089,2048,256.8,269.6,10,1,0,0,36166,5,78,64
102,13,2005,251.8,264.6,10,1,0,0,37166,5,79,64
111,1384,2011,262.5,275.5,10,1,0,0,29000,5,85,65
131,1809,2060,258.6,272.2,10,1,0,0,46998,5,75,68
121,960,2020,264.9,278.3,10,1,0,0,35166,5,82,67
68,1128,2037,280.8,295.6,10,1,0,0,42832,5,74,74
95,292,2026,276.7,290.9,10,1,0,0,44332,5,85,71
66,1396,1989,280.8,295.6,10,1,0,0,38666,5,81,74
115,436,2020,275,289,10,1,0,0,37166,5,86,70
69,902,2039,259.6,273.2,10,1,0,0,38166,5,76,68
129,1430,2061,305,319,10,1,0,0,50998,5,116,70
100,80,2039,243.4,255.8,10,1,0,0,38666,5,76,62
81,963,2002,307.6,323.2,10,1,0,0,49998,5,97,78
45,395,2051,295.6,311.2,10,1,0,0,44832,5,96,78
83,301,2026,276.7,290.9,10,1,0,0,44332,5,85,71
78,33,2037,284.1,298.7,10,1,0,0,48998,5,87,73
61,1614,2051,275.4,289.8,10,1,0,0,38166,5,81,72
51,1623,1998,273.4,287.8,10,1,0,0,32500,5,79,72
93,367,2050,300.6,316.2,10,1,0,0,44832,5,88,78
117,903,2028,277.1,291.7,10,1,0,0,44832,5,80,73
65,1816,2006,288.3,302.1,10,1,0,0,51998,5,86,69
62,426,2025,291.8,306.6,10,1,0,0,39666,5,93,74
123,9,2042,302.6,318.2,10,1,0,0,55664,5,98,78
89,1580,2015,310.4,326.8,10,1,0,0,56664,5,89,82
86,1348,2002,291.9,307.3,10,1,0,0,40166,5,84,77
41,1074,2037,299.3,315.1,10,1,0,0,45332,5,86,79
57,1817,1989,288.2,303.4,10,1,0,0,57664,5,83,76
42,1114,2049,294.9,310.3,10,1,0,0,39166,5,81,77
138,1749,2066,273.7,287.9,10,1,0,0,47332,5,82,71
49,1484,2028,317.8,334.6,10,1,0,0,51998,5,91,84
28,756,10,286.5,301.5,10,1,0,0,52498,5,84,75
55,606,1991,293.8,308.6,10,1,0,0,34000,5,74,74
64,227,2010,313.1,329.7,10,1,0,0,59664,5,89,83
37,1755,2038,382.3,402.1,10,1,0,0,77996,5,99,99
