demandID,SourceID,DestinationID,MinDelay,MaxDelay,Bandwidth,Ishotstandby,DelayDifference,DisjointType,WorkOptCostRangeType,MinCostDelay,MinDelayDelay
1,1,39,27,38,0,1,11,2,11,5,20.3375,20.3375
8,10,13,13,21,0,1,8,2,5,5,12.939,12.939
11,13,10,13,21,0,1,8,2,5,5,12.939,12.939
5,4,29,16,32,0,1,16,2,5,5,10.6705,10.6705
12,13,25,27,29,0,1,2,2,10,5,26.3737,26.3737
13,16,38,27,30,0,1,3,2,9,5,12.3525,12.3525
4,4,25,27,41,0,1,14,2,11,5,26.4037,26.4037
16,25,4,27,41,0,1,14,2,11,5,26.4037,26.4037
15,18,10,25,28,0,1,3,2,9,5,24.3202,24.3202
7,10,4,21,34,0,1,13,2,6,5,12.909,12.909
10,13,4,22,25,0,1,3,2,8,5,16.471,16.471
2,4,10,21,34,0,1,13,2,6,5,12.909,12.909
3,4,13,22,25,0,1,3,2,8,5,16.471,16.471
14,16,39,27,38,0,1,11,2,10,5,20.3205,20.3205
6,8,1,33,39,0,1,6,2,13,5,22.68,22.68
0,1,8,33,39,0,1,6,2,13,5,22.68,22.68
17,25,10,36,42,0,1,6,2,14,2,39.3127,36.79
9,10,25,36,42,0,1,6,2,14,2,39.3127,36.79
