demandID,SourceID,DestinationID,MinDelay,MaxDelay,Bandwidth,Ishotstandby,DelayDifference,DisjointType,WorkOptCostRangeType,MinCostDelay,MinDelayDelay
28,893,2053,73.4,76.2,10,0,0,-1,22832,3,79,51
31,190,1995,83.2,84.1,10,0,0,-1,20666,5,76,76
11,416,1989,129.4,132.2,10,0,0,-1,51330,3,150,107
30,898,1988,60.8,62.9,10,0,0,-1,19166,3,65,44
5,1835,2015,60.6,62.3,10,0,0,-1,17166,3,64,47
61,1778,2045,140,146,10,0,0,-1,22166,5,59,30
33,1743,1991,61.6,62.3,10,0,0,-1,21166,3,84,56
24,1715,2040,121.8,122.9,10,0,0,-1,51330,3,124,113
9,1486,2040,148.8,149.9,10,0,0,-1,57996,3,151,140
14,980,1995,73,74,10,0,0,-1,18000,3,99,65
8,845,2052,122.4,123.7,10,0,0,-1,41664,3,125,112
3,1443,1033,121.8,123.9,10,0,0,-1,47830,3,126,105
20,434,2032,103.2,104.6,10,0,0,-1,33998,3,106,92
39,558,2066,134.8,138.9,10,0,0,-1,53996,3,142,102
138,1004,2057,157.5,164.5,10,0,0,-1,29832,5,63,35
1,1085,663,117,119,10,0,0,-1,43164,3,121,101
93,1092,1990,126.5,131.5,10,0,0,-1,20666,5,59,25
22,1057,1992,78.2,81.6,10,0,0,-1,40664,3,85,51
19,1092,1990,52.2,55.6,10,0,0,-1,20666,3,59,25
38,667,2068,95.4,96.2,10,0,0,-1,39164,5,95,89
13,736,1988,91.6,93.3,10,0,0,-1,30832,3,95,78
15,652,1988,67.6,69.3,10,0,0,-1,24166,3,71,54
34,1031,2062,87.4,88.7,10,0,0,-1,26832,5,86,77
115,1164,2032,124.4,130.8,10,0,0,-1,12500,5,32,32
4,667,2025,115.8,117.9,10,0,0,-1,41164,3,120,99
36,863,2060,70.6,71.8,10,0,0,-1,27332,3,73,61
17,722,1989,110.6,112.3,10,0,0,-1,51830,3,114,97
25,722,1989,110.6,112.3,10,0,0,-1,51830,3,114,97
16,308,2017,119.2,120.1,10,0,0,-1,46496,3,121,112
37,1465,2069,53.6,54.8,10,0,0,-1,19832,3,56,44
144,659,2070,154.3,162.1,10,0,0,-1,24166,5,49,39
128,1720,2025,173.8,182.6,10,0,0,-1,18000,5,55,44
40,1361,2060,95.6,96.8,10,0,0,-1,35998,5,91,86
6,439,2032,79.2,80.6,10,0,0,-1,20832,3,82,68
26,1217,1991,69,72.5,10,0,0,-1,26832,5,44,41
85,965,1989,124.6,130.2,10,0,0,-1,19000,5,32,28
140,663,2062,174.1,182.7,10,0,0,-1,14500,5,58,43
10,1021,2039,113.6,114.8,10,0,0,-1,60496,3,140,104
150,1593,2070,170.1,178.7,10,0,0,-1,22666,5,54,43
21,1280,2003,93.2,94.6,10,0,0,-1,39664,3,96,82
78,1581,2009,174.1,182.7,10,0,0,-1,18500,5,54,43
27,998,1991,82.2,85.6,10,0,0,-1,34998,5,55,55
32,1081,1999,75,76.5,10,0,0,-1,19000,3,78,63
46,882,1991,161.5,168.5,10,0,0,-1,21166,5,35,35
148,836,2066,153.6,161.2,10,0,0,-1,20166,5,51,38
147,1465,2069,174.8,183.6,10,0,0,-1,21166,5,56,44
62,1140,2000,169.1,177.7,10,0,0,-1,17000,5,53,43
12,260,1986,44.4,46.2,10,0,0,-1,25832,3,48,30
94,512,2032,168.8,177.6,10,0,0,-1,17000,5,44,44
55,1153,2019,213.5,224.5,10,0,0,-1,40998,5,65,55
90,88,2027,165.1,173.7,10,0,0,-1,23666,5,49,43
64,1296,2014,217.1,227.7,10,0,0,-1,31332,5,74,53
139,939,2060,173.5,182.5,10,0,0,-1,18500,5,52,45
7,1169,2051,59.2,60.1,10,0,0,-1,17500,3,61,52
110,1217,1991,186.7,194.9,10,0,0,-1,28832,5,44,41
103,477,2049,218.2,229.4,10,0,0,-1,19000,5,67,56
70,1117,2037,189.6,199.2,10,0,0,-1,29832,5,60,48
152,1866,2070,172.5,181.5,10,0,0,-1,17000,5,51,45
29,1573,1993,72.8,73.9,10,0,0,-1,28332,3,80,64
71,1668,1990,186.6,196.2,10,0,0,-1,25666,5,57,48
66,1247,2026,189.9,199.3,10,0,0,-1,20000,5,63,47
42,1904,315,166.1,174.7,10,0,0,-1,28666,5,50,43
86,1845,2052,220.8,231.6,10,0,0,-1,36998,5,75,54
87,1052,2031,187.3,197.1,10,0,0,-1,19000,5,49,49
48,1835,2015,190.9,200.3,10,0,0,-1,24166,5,64,47
95,445,2002,230.6,242.2,10,0,0,-1,28666,5,74,58
116,898,1988,183.8,192.6,10,0,0,-1,25166,5,65,44
43,826,879,258.6,272.2,10,0,0,-1,38832,5,76,68
121,890,2034,197,207,10,0,0,-1,29166,5,56,50
151,1572,2068,197.3,207.1,10,0,0,-1,19000,5,65,49
23,1935,2024,122.6,126.3,10,0,0,-1,48830,3,130,93
53,1169,2051,201.4,211.8,10,0,0,-1,20000,5,61,52
35,1033,2064,98,99,10,0,0,-1,44830,3,110,90
133,380,2007,249.5,262.5,10,0,0,-1,29166,5,74,65
129,1057,2018,226.6,238.2,10,0,0,-1,49664,5,70,58
120,1577,2032,250.5,263.5,10,0,0,-1,36332,5,72,65
153,25,2065,190.6,200.2,10,0,0,-1,21500,5,48,48
89,1719,2045,218.2,229.4,10,0,0,-1,26666,5,67,56
112,893,2053,216.7,226.9,10,0,0,-1,29832,5,79,51
141,1411,2069,244.8,257.6,10,0,0,-1,47164,5,72,64
67,1590,2035,249.6,261.2,10,0,0,-1,53664,5,85,58
51,777,2032,216.9,228.3,10,0,0,-1,26666,5,57,57
99,1057,1992,222.7,232.9,10,0,0,-1,47664,5,85,51
82,1291,1987,204.3,214.1,10,0,0,-1,33332,5,49,49
137,604,1988,193.5,202.5,10,0,0,-1,23000,5,72,45
96,372,2001,234.3,246.1,10,0,0,-1,30166,5,75,59
145,614,2060,213.5,224.5,10,0,0,-1,34832,5,58,55
72,1416,1995,216.2,227.4,10,0,0,-1,29666,5,56,56
134,1743,1991,214.2,225.4,10,0,0,-1,27166,5,84,56
130,671,2005,256.2,269.4,10,0,0,-1,36832,5,78,66
98,500,2053,233.3,245.1,10,0,0,-1,28666,5,74,59
122,883,2053,218.7,228.9,10,0,0,-1,30832,5,81,51
63,1227,2045,199.5,208.5,10,0,0,-1,28666,5,60,45
68,991,2037,225.6,237.2,10,0,0,-1,27666,5,58,58
111,998,1991,237.5,248.5,10,0,0,-1,40998,5,55,55
108,1094,2026,204,214,10,0,0,-1,25000,5,75,50
58,279,1990,232.9,244.3,10,0,0,-1,38832,5,79,57
146,1728,2069,230.3,242.1,10,0,0,-1,24500,5,63,59
81,652,1988,216.8,227.6,10,0,0,-1,29666,5,71,54
114,1069,1988,211.7,221.9,10,0,0,-1,36332,5,51,51
56,1464,2019,224.8,235.6,10,0,0,-1,23500,5,61,54
0,1807,1358,105.2,106.6,10,0,0,-1,45498,3,108,94
54,1479,1990,212.5,223.5,10,0,0,-1,32666,5,64,55
132,1081,1999,248.1,260.7,10,0,0,-1,24500,5,78,63
119,1451,2021,272.3,286.1,10,0,0,-1,46998,5,104,69
109,246,2017,230.6,242.2,10,0,0,-1,31166,5,65,58
59,1968,2036,217.2,228.4,10,0,0,-1,25000,5,66,56
75,778,2020,228.2,239.4,10,0,0,-1,26000,5,67,56
79,478,1993,224.8,235.6,10,0,0,-1,25500,5,79,54
47,403,2001,256.5,269.5,10,0,0,-1,39332,5,81,65
73,1853,1994,210.4,220.8,10,0,0,-1,22000,5,62,52
52,1794,2017,231,243,10,0,0,-1,35832,5,69,60
107,124,1999,249.5,262.5,10,0,0,-1,37332,5,65,65
2,149,1133,140.2,141.6,10,0,0,-1,73828,5,134,129
97,1791,2021,221.2,232.4,10,0,0,-1,25000,5,70,56
80,980,1995,250.5,263.5,10,0,0,-1,26000,5,99,65
113,1573,1993,247.8,260.6,10,0,0,-1,33666,5,80,64
149,1654,2068,245.4,257.8,10,0,0,-1,32666,5,78,62
77,1183,1988,278.4,292.8,10,0,0,-1,45998,5,105,72
143,863,2060,237.7,249.9,10,0,0,-1,36332,5,73,61
126,66,2012,263.6,277.2,10,0,0,-1,46998,5,68,68
74,1691,2003,265.2,278.4,10,0,0,-1,32166,5,66,66
127,1592,2029,300.5,315.5,10,0,0,-1,40832,5,94,75
41,596,123,246.3,258.1,10,0,0,-1,44998,5,87,59
142,830,2065,273,287,10,0,0,-1,58830,5,84,70
65,877,2020,268.9,282.3,10,0,0,-1,47998,5,70,67
57,1249,1989,290.4,304.8,10,0,0,-1,39832,5,79,72
105,566,1992,231.5,242.5,10,0,0,-1,26500,5,85,55
117,1258,1986,267.2,280.4,10,0,0,-1,46498,5,66,66
101,1073,1990,263.4,275.8,10,0,0,-1,66496,5,96,62
83,1541,2005,243.1,255.7,10,0,0,-1,25500,5,63,63
44,1247,1474,251.2,264.4,10,0,0,-1,33166,5,73,66
135,1668,1999,245.8,258.6,10,0,0,-1,32666,5,73,64
104,500,2014,260.9,274.3,10,0,0,-1,33666,5,80,67
69,411,1986,253.7,265.9,10,0,0,-1,28500,5,89,61
18,504,2044,75.6,76.8,10,0,0,-1,32498,3,84,66
50,439,2032,265.6,279.2,10,0,0,-1,32166,5,82,68
91,1853,1995,237.6,249.2,10,0,0,-1,26500,5,81,58
100,595,1991,256.2,267.4,10,0,0,-1,37832,5,105,56
84,186,2025,286.8,301.6,10,0,0,-1,42332,5,74,74
125,1625,1990,271.7,285.9,10,0,0,-1,43332,5,80,71
106,1040,2024,278.1,292.7,10,0,0,-1,35666,5,81,73
118,650,1992,261.1,273.7,10,0,0,-1,47498,5,91,63
88,504,2044,256.2,269.4,10,0,0,-1,33166,5,84,66
92,328,1990,263.1,275.7,10,0,0,-1,35166,5,93,63
102,1245,2005,250.8,263.6,10,0,0,-1,32166,5,68,64
131,1071,2032,272.4,286.8,10,0,0,-1,53164,5,72,72
136,720,2015,283.5,298.5,10,0,0,-1,46998,5,81,75
76,1574,1994,265.6,279.2,10,0,0,-1,33166,5,77,68
60,970,2015,290.9,306.3,10,0,0,-1,54164,5,83,77
124,1437,1995,290.2,305.4,10,0,0,-1,36166,5,76,76
123,1852,1995,284.7,298.9,10,0,0,-1,62330,5,93,71
49,412,1986,272.2,285.4,10,0,0,-1,37666,5,94,66
45,332,654,320,336,10,0,0,-1,72496,5,96,80
