demandID,SourceID,DestinationID,MinDelay,MaxDelay,Bandwidth,Ishotstandby,DelayDifference,DisjointType,WorkOptCostRangeType,MinCostDelay,MinDelayDelay
210,1362,2070,149.2,156.4,10,1,0,0,19666,5,36,36
165,395,2011,188.6,198.2,10,1,0,0,37998,5,59,48
109,142,1998,149,155,10,1,0,0,15500,5,30,30
148,1358,2014,158.9,166.3,10,1,0,0,17000,5,59,37
117,837,2047,172.8,181.6,10,1,0,0,32832,5,52,44
205,1951,2056,196.9,206.3,10,1,0,0,25666,5,70,47
212,1691,2056,205.1,215.7,10,1,0,0,31832,5,76,53
152,17,1998,188.6,198.2,10,1,0,0,27166,5,63,48
96,1798,2011,181.6,189.2,10,1,0,0,31332,5,79,38
192,1557,2003,188.3,198.1,10,1,0,0,19500,5,56,49
92,12,2006,181.2,190.4,10,1,0,0,36498,5,57,46
207,458,2063,191,201,10,1,0,0,27666,5,66,50
132,369,2023,185.8,194.6,10,1,0,0,26166,5,67,44
90,682,2042,198.9,208.3,10,1,0,0,26166,5,69,47
186,206,1998,193.4,201.8,10,1,0,0,25666,5,42,42
95,1800,2003,158.8,165.6,10,1,0,0,18000,5,64,34
77,1816,2040,199.7,209.9,10,1,0,0,26166,5,51,51
125,1124,2036,210.5,221.5,10,1,0,0,28166,5,62,55
78,1463,2042,221.6,233.2,10,1,0,0,31832,5,65,58
167,603,2035,184.6,194.2,10,1,0,0,19500,5,55,48
98,1727,1991,203.7,213.9,10,1,0,0,29666,5,66,51
197,1044,2072,230.2,241.4,10,1,0,0,27666,5,70,56
123,912,2019,212.8,223.6,10,1,0,0,28166,5,67,54
200,274,2061,209.5,220.5,10,1,0,0,31832,5,61,55
164,401,2034,250.6,262.2,10,1,0,0,30832,5,95,58
68,445,2022,190.1,198.7,10,1,0,0,22500,5,66,43
141,910,2043,235.8,246.6,10,1,0,0,23500,5,90,54
178,719,2049,193.3,203.1,10,1,0,0,21500,5,61,49
61,730,1986,206.3,216.1,10,1,0,0,26666,5,59,49
140,1031,1997,214.8,225.6,10,1,0,0,24500,5,68,54
183,323,2051,196.9,206.3,10,1,0,0,23500,5,70,47
112,1362,2055,201.4,211.8,10,1,0,0,23666,5,61,52
143,1918,2049,189.3,199.1,10,1,0,0,26166,5,57,49
127,659,1989,196.2,205.4,10,1,0,0,23000,5,46,46
208,1609,2066,216.4,226.8,10,1,0,0,26666,5,76,52
146,1082,2011,239.1,251.7,10,1,0,0,36332,5,73,63
99,620,2038,207.1,217.7,10,1,0,0,35332,5,53,53
194,1960,2006,231.2,242.4,10,1,0,0,33332,5,94,56
203,1302,2063,189.8,198.6,10,1,0,0,26166,5,53,44
85,160,1996,248.9,260.3,10,1,0,0,33166,5,68,57
202,1693,2058,235.9,247.3,10,1,0,0,20000,5,80,57
84,740,2047,239.6,251.2,10,1,0,0,36832,5,68,58
188,1911,2012,197.3,207.1,10,1,0,0,28166,5,77,49
93,1929,2003,211.6,221.2,10,1,0,0,28166,5,79,48
107,831,2001,253.5,266.5,10,1,0,0,25000,5,78,65
121,111,2050,233.9,245.3,10,1,0,0,34666,5,80,57
215,148,2057,223,233,10,1,0,0,27166,5,50,50
94,1670,2050,211.5,222.5,10,1,0,0,30166,5,63,55
174,1135,1991,230.7,240.9,10,1,0,0,27000,5,83,51
57,1100,1991,230.7,240.9,10,1,0,0,27000,5,83,51
155,942,2037,236.9,248.3,10,1,0,0,35332,5,82,57
128,1357,2055,205.1,215.7,10,1,0,0,21000,5,53,53
110,1683,2013,220.6,232.2,10,1,0,0,26500,5,65,58
191,732,1994,269.6,283.2,10,1,0,0,41998,5,91,68
87,1687,2021,243.8,256.6,10,1,0,0,51164,5,71,64
115,135,2004,233,245,10,1,0,0,36332,5,99,60
103,797,2028,256.9,270.3,10,1,0,0,25000,5,76,67
158,1378,2047,280.1,294.7,10,1,0,0,51164,5,73,73
81,1918,2007,216.4,226.8,10,1,0,0,30666,5,69,52
102,667,2024,284.5,299.5,10,1,0,0,46498,5,82,75
89,116,2010,229.2,240.4,10,1,0,0,37832,5,78,56
196,1881,2004,245.7,257.9,10,1,0,0,38332,5,106,61
72,1145,2034,263.5,276.5,10,1,0,0,27000,5,75,65
161,1559,2013,266,280,10,1,0,0,33666,5,77,70
105,1303,1990,253.2,266.4,10,1,0,0,44832,5,85,66
181,781,2024,240.1,252.7,10,1,0,0,53164,5,70,63
113,1069,2050,259.6,273.2,10,1,0,0,48998,5,76,68
91,1652,2002,268.7,282.9,10,1,0,0,46998,5,95,71
150,1888,2023,275.9,289.3,10,1,0,0,43998,5,95,67
114,587,2046,259,271,10,1,0,0,33666,5,86,60
214,1763,2060,235.3,247.1,10,1,0,0,39998,5,75,59
201,1747,2063,317.8,334.6,10,1,0,0,62330,5,84,84
173,1722,2000,280.9,294.3,10,1,0,0,50664,5,100,67
147,401,2035,282.6,296.2,10,1,0,0,37332,5,101,68
86,1962,2018,267,281,10,1,0,0,30500,5,78,70
100,1422,2015,269.7,283.9,10,1,0,0,47498,5,71,71
190,512,1986,270.5,283.5,10,1,0,0,44498,5,75,65
136,440,2045,295.8,310.6,10,1,0,0,59830,5,74,74
180,500,2013,277.4,291.8,10,1,0,0,42832,5,72,72
144,845,2042,288.8,303.6,10,1,0,0,55664,5,74,74
159,534,2017,288.2,303.4,10,1,0,0,42332,5,83,76
88,883,2047,285.5,298.5,10,1,0,0,38166,5,97,65
82,1921,2041,272.4,286.8,10,1,0,0,53164,5,78,72
184,684,2023,269.7,283.9,10,1,0,0,47498,5,78,71
118,1473,2003,276.4,290.8,10,1,0,0,46998,5,72,72
189,781,2050,267.3,281.1,10,1,0,0,54664,5,81,69
187,970,1988,279.7,293.9,10,1,0,0,36666,5,88,71
116,485,2012,304,320,10,1,0,0,35666,5,88,80
76,1468,2008,276.8,289.6,10,1,0,0,47998,5,87,64
137,117,2047,272.3,286.1,10,1,0,0,45998,5,86,69
104,815,2041,299.2,314.4,10,1,0,0,44332,5,84,76
168,1480,2015,305.4,319.8,10,1,0,0,39832,5,95,72
133,98,2042,285.8,300.6,10,1,0,0,44832,5,86,74
126,1647,2000,288.3,302.1,10,1,0,0,59830,5,93,69
75,212,2005,265.6,279.2,10,1,0,0,53164,5,82,68
195,1949,2023,294.4,308.8,10,1,0,0,46998,5,100,72
182,420,2039,290.4,304.8,10,1,0,0,29000,5,98,72
106,332,2018,287.7,301.9,10,1,0,0,42332,5,79,71
63,352,2049,282.1,296.7,10,1,0,0,54664,5,85,73
138,452,2022,282,296,10,1,0,0,48998,5,93,70
160,248,2023,289.2,304.4,10,1,0,0,54164,5,84,76
149,352,2040,311.4,327.8,10,1,0,0,55664,5,93,82
175,1332,2010,271.1,283.7,10,1,0,0,30500,5,70,63
129,949,2043,321.4,337.8,10,1,0,0,58164,5,85,82
206,1569,2070,286.1,300.7,10,1,0,0,47498,5,97,73
83,49,2049,274.6,288.2,10,1,0,0,50498,5,91,68
70,1501,1998,289.4,303.8,10,1,0,0,57164,5,81,72
185,1070,2054,294.5,309.5,10,1,0,0,45832,5,92,75
53,743,388,287.1,301.7,10,1,0,0,55664,5,90,73
193,1569,2001,303.9,319.3,10,1,0,0,48998,5,117,77
64,834,2055,306,322,10,1,0,0,49498,5,90,80
130,46,2027,297,311,10,1,0,0,34000,5,111,70
119,531,2050,263.2,276.4,10,1,0,0,31000,5,85,66
60,277,2030,289.7,303.9,10,1,0,0,60330,5,83,71
80,875,2034,329.1,345.7,10,1,0,0,70996,5,83,83
52,560,1481,295.6,311.2,10,1,0,0,48998,5,92,78
162,253,2031,292.1,306.7,10,1,0,0,50998,5,84,73
124,147,2013,280.3,294.1,10,1,0,0,42332,5,90,69
79,988,2039,306.2,321.4,10,1,0,0,56664,5,101,76
176,1791,2025,287.1,301.7,10,1,0,0,38166,5,90,73
204,1890,2057,296.8,311.6,10,1,0,0,37166,5,97,74
209,1251,2063,175,183,10,1,0,0,27166,5,49,40
134,277,2018,280.4,294.8,10,1,0,0,62330,5,80,72
199,1079,2067,364.8,383.6,10,1,0,0,71830,5,111,94
170,1475,2022,312.3,328.1,10,1,0,0,62330,5,89,79
131,646,1994,293.2,308.4,10,1,0,0,35666,5,76,76
177,421,2017,292.4,306.8,10,1,0,0,33500,5,98,72
58,531,2020,293.5,308.5,10,1,0,0,34000,5,97,75
