demandID,SourceID,DestinationID,MinDelay,MaxDelay,Bandwidth,Ishotstandby,DelayDifference,DisjointType,WorkOptCostRangeType,MinCostDelay,MinDelayDelay
4,1737,2019,90.8,92.4,10,0,0,-1,55996,3,94,78
11,231,2004,101,102.5,10,0,0,-1,29832,5,89,89
21,273,2030,90.8,92.4,10,0,0,-1,33998,3,94,78
19,1707,2062,43,44,10,0,0,-1,11500,3,45,35
15,1287,2002,64.8,65.4,10,0,0,-1,24166,3,66,60
14,1700,2062,75,76,10,0,0,-1,14000,3,77,67
22,1715,2004,80,81.5,10,0,0,-1,28332,5,68,68
93,1470,2078,126.6,132.2,10,0,0,-1,14000,5,28,28
13,1784,1997,123.8,126.9,10,0,0,-1,47330,3,130,99
25,1964,2017,104.6,107.3,10,0,0,-1,36832,3,110,83
84,1496,2046,146.2,153.4,10,0,0,-1,17500,5,36,36
16,54,2013,109.4,111.7,10,0,0,-1,37998,5,109,91
32,1521,2076,103.2,104.1,10,0,0,-1,44164,3,109,96
3,1623,2017,93.4,94.2,10,0,0,-1,48664,3,95,87
28,87,2050,65,67,10,0,0,-1,17000,3,69,49
7,1699,1999,73.6,74.3,10,0,0,-1,25832,3,75,68
8,912,2051,128.2,131.1,10,0,0,-1,49330,3,134,105
0,393,964,119.8,121.9,10,0,0,-1,54330,3,134,103
26,362,2053,168.4,171.7,10,0,0,-1,63996,3,175,142
24,385,2045,130.4,131.2,10,0,0,-1,73994,3,132,124
35,1544,128,165.7,173.9,10,0,0,-1,23666,5,55,41
10,1022,2005,63.6,64.8,10,0,0,-1,15000,3,66,54
30,461,2024,122.8,123.4,10,0,0,-1,64662,3,135,118
29,1223,2005,124.6,125.8,10,0,0,-1,37498,5,115,115
20,1577,2059,96.4,98.2,10,0,0,-1,40998,3,100,82
63,1707,2062,139.5,146.5,10,0,0,-1,14500,5,45,35
90,919,2050,148.6,154.2,10,0,0,-1,25166,5,73,28
87,1346,2014,168.1,176.7,10,0,0,-1,17000,5,52,43
64,1209,2058,145.8,152.6,10,0,0,-1,21166,5,54,34
23,1941,1995,123.8,125.9,10,0,0,-1,40332,3,128,107
2,862,2011,155.8,156.9,10,0,0,-1,61496,3,158,147
18,1121,2044,102.6,104.8,10,0,0,-1,32332,5,101,85
31,1188,2044,102.6,104.8,10,0,0,-1,38998,5,97,85
99,1582,2080,172.1,180.7,10,0,0,-1,22166,5,56,43
59,763,1996,206.4,216.8,10,0,0,-1,35498,5,66,52
5,964,2012,89.8,90.9,10,0,0,-1,29666,3,92,81
66,241,2024,155.3,163.1,10,0,0,-1,18500,5,45,39
96,1327,2076,173.5,182.5,10,0,0,-1,18000,5,52,45
53,1259,2058,149.6,157.2,10,0,0,-1,23666,5,47,38
38,358,2049,180.7,188.9,10,0,0,-1,31332,5,70,41
97,1013,2075,189.2,198.4,10,0,0,-1,29832,5,65,46
33,1495,1271,195,205,10,0,0,-1,28166,5,74,50
50,854,1998,216.9,228.3,10,0,0,-1,27166,5,63,57
91,1322,2067,208.1,218.7,10,0,0,-1,36498,5,65,53
49,1022,2005,211.8,222.6,10,0,0,-1,19000,5,66,54
67,1385,2010,204.7,214.9,10,0,0,-1,36498,5,67,51
92,1703,2070,237.3,249.1,10,0,0,-1,40998,5,94,59
47,581,2012,233.3,245.1,10,0,0,-1,49164,5,74,59
40,1207,2036,200.4,210.8,10,0,0,-1,21500,5,74,52
17,1959,1993,129.8,130.4,10,0,0,-1,68662,3,131,125
80,87,2050,201.3,211.1,10,0,0,-1,21500,5,69,49
55,1015,1994,208.7,218.9,10,0,0,-1,45664,5,71,51
77,934,2025,219.5,230.5,10,0,0,-1,38998,5,71,55
73,998,2061,203.4,213.8,10,0,0,-1,25666,5,63,52
72,482,2004,274.4,288.8,10,0,0,-1,60330,5,80,72
6,1426,2039,116.8,119.4,10,0,0,-1,67828,3,122,96
52,1318,2043,193,203,10,0,0,-1,26166,5,50,50
85,737,2013,258.9,272.3,10,0,0,-1,36832,5,77,67
12,1573,2003,111.4,112.7,10,0,0,-1,67162,5,107,101
68,1642,2015,203,213,10,0,0,-1,22000,5,63,50
34,1126,1111,262.6,276.2,10,0,0,-1,52664,5,79,68
62,1287,2002,228,240,10,0,0,-1,31666,5,66,60
1,756,953,152,155.5,10,0,0,-1,49330,3,159,124
78,306,2049,232.5,243.5,10,0,0,-1,39498,5,84,55
45,1322,2006,237.7,249.9,10,0,0,-1,41498,5,73,61
46,1566,2063,235.6,247.2,10,0,0,-1,28500,5,79,58
81,604,2025,231.7,243.9,10,0,0,-1,34332,5,67,61
88,1888,2059,246.4,258.8,10,0,0,-1,28500,5,79,62
89,603,2002,223.6,235.2,10,0,0,-1,30666,5,67,58
57,1323,2061,228.2,239.4,10,0,0,-1,34332,5,68,56
60,869,2038,250.5,263.5,10,0,0,-1,24500,5,75,65
95,1594,2079,253.5,266.5,10,0,0,-1,41998,5,65,65
37,1625,2025,261.5,274.5,10,0,0,-1,41332,5,86,65
61,1700,2062,257.9,271.3,10,0,0,-1,26000,5,77,67
65,66,2029,232.3,244.1,10,0,0,-1,23500,5,73,59
44,1578,2036,261.2,274.4,10,0,0,-1,45332,5,90,66
58,675,2022,252.4,264.8,10,0,0,-1,30666,5,74,62
48,1559,2012,257.2,270.4,10,0,0,-1,45998,5,79,66
71,87,2017,240.4,252.8,10,0,0,-1,27000,5,73,62
54,660,2026,255.9,269.3,10,0,0,-1,24500,5,85,67
94,158,2076,254.9,268.3,10,0,0,-1,37832,5,74,67
98,1894,2080,268.3,282.1,10,0,0,-1,54664,5,82,69
27,547,2023,137.2,138.6,10,0,0,-1,62162,3,140,126
83,728,2025,265,279,10,0,0,-1,34166,5,76,70
75,1108,2057,230,242,10,0,0,-1,24500,5,78,60
36,926,1599,276.4,290.8,10,0,0,-1,62330,5,82,72
42,1699,1999,258.6,272.2,10,0,0,-1,37332,5,75,68
86,1168,2056,230,242,10,0,0,-1,33666,5,68,60
9,1090,2039,91.6,92.3,10,0,0,-1,52496,3,110,86
70,507,2033,288.2,303.4,10,0,0,-1,38832,5,83,76
69,524,2023,273,287,10,0,0,-1,28000,5,84,70
51,1905,1994,333.7,349.9,10,0,0,-1,54498,5,115,81
39,930,2041,298.6,314.2,10,0,0,-1,41832,5,88,78
79,401,2031,265.6,279.2,10,0,0,-1,28000,5,82,68
74,808,2015,248.6,260.2,10,0,0,-1,26500,5,69,58
43,977,2048,286.8,301.6,10,0,0,-1,42666,5,87,74
82,84,2015,277,291,10,0,0,-1,41332,5,88,70
56,784,2051,311.4,325.8,10,0,0,-1,49998,5,117,72
41,1426,2039,381.2,400.4,10,0,0,-1,75996,5,122,96
76,991,2040,293.8,308.6,10,0,0,-1,37666,5,94,74
