demandID,SourceID,DestinationID,MinDelay,MaxDelay,Bandwidth,Ishotstandby,DelayDifference,DisjointType,WorkOptCostRangeType,MinCostDelay,MinDelayDelay
79,259,452,186.6,196.2,10,0,0,-1,22666,5,57,48
82,160,452,254.9,268.3,10,0,0,-1,34832,5,77,67
5,410,452,92.6,96.3,10,0,0,-1,48830,3,100,63
137,243,452,205.1,215.7,10,0,0,-1,45664,5,62,53
4,198,467,57.8,58.4,10,0,0,-1,15000,5,55,53
2,171,467,83.8,84.4,10,0,0,-1,21666,5,81,79
3,199,467,63.8,64.4,10,0,0,-1,21666,5,61,59
136,311,452,227.3,239.1,10,0,0,-1,44664,5,82,59
188,1,452,186.6,196.2,10,0,0,-1,18500,5,57,48
27,46,452,179.2,188.4,10,0,0,-1,18500,5,55,46
48,282,452,186.5,195.5,10,0,0,-1,18000,5,54,45
210,163,452,276.8,289.6,10,0,0,-1,53830,5,107,64
36,15,452,290.2,305.4,10,0,0,-1,46498,5,85,76
73,270,467,191,201,10,0,0,-1,17000,5,56,50
117,104,467,187.3,197.1,10,0,0,-1,23666,5,55,49
63,79,460,179.1,187.7,10,0,0,-1,16000,5,52,43
153,410,452,270.1,282.7,10,0,0,-1,52164,5,100,63
147,198,467,202.1,212.7,10,0,0,-1,17000,5,55,53
199,262,452,238.4,250.8,10,0,0,-1,27166,5,71,62
124,296,452,291.9,307.3,10,0,0,-1,51498,5,87,77
92,395,466,196.6,206.2,10,0,0,-1,23166,5,67,48
148,426,466,200.3,210.1,10,0,0,-1,19000,5,68,49
88,210,452,223.6,235.2,10,0,0,-1,33832,5,67,58
140,395,467,199.6,209.2,10,0,0,-1,23166,5,67,48
206,94,458,182.9,192.3,10,0,0,-1,29332,5,67,47
189,101,452,268,282,10,0,0,-1,48164,5,90,70
8,242,464,97.4,99.7,10,0,0,-1,42830,3,100,79
67,405,455,204.1,214.7,10,0,0,-1,21500,5,53,53
23,161,438,235.6,247.2,10,0,0,-1,36998,5,79,58
193,319,466,196.6,206.2,10,0,0,-1,21500,5,67,48
198,164,452,234.7,246.9,10,0,0,-1,53496,5,70,61
26,425,444,202.3,212.1,10,0,0,-1,16500,5,65,49
174,157,467,161.4,169.8,10,0,0,-1,18500,5,48,42
159,272,462,213.5,224.5,10,0,0,-1,23166,5,61,55
128,255,452,268,282,10,0,0,-1,54830,5,79,70
192,272,462,213.5,224.5,10,0,0,-1,23166,5,61,55
104,271,458,197.7,207.9,10,0,0,-1,18000,5,75,51
160,3,452,268,282,10,0,0,-1,37332,5,79,70
101,157,460,160.6,168.2,10,0,0,-1,17000,5,47,38
110,222,452,256.9,270.3,10,0,0,-1,49664,5,76,67
211,312,452,279.1,293.7,10,0,0,-1,57330,5,96,73
61,222,452,256.9,270.3,10,0,0,-1,49664,5,76,67
39,282,467,209.5,220.5,10,0,0,-1,19000,5,61,55
59,199,467,224.3,236.1,10,0,0,-1,25666,5,61,59
43,208,452,279.1,293.7,10,0,0,-1,50664,5,82,73
90,307,462,208.7,218.9,10,0,0,-1,18000,5,71,51
31,250,460,217.9,229.3,10,0,0,-1,31332,5,67,57
98,395,456,215.1,225.7,10,0,0,-1,25666,5,72,53
87,249,460,217.2,228.4,10,0,0,-1,24666,5,66,56
115,328,454,241,253,10,0,0,-1,42498,5,79,60
209,294,458,224.6,236.2,10,0,0,-1,27166,5,82,58
89,59,452,290.2,305.4,10,0,0,-1,51498,5,95,76
213,319,456,218.1,228.7,10,0,0,-1,24000,5,72,53
185,66,467,213.2,224.4,10,0,0,-1,20500,5,62,56
138,159,460,228.3,240.1,10,0,0,-1,26166,5,69,59
9,218,452,97.2,98.1,10,0,0,-1,64828,3,99,90
13,26,445,221.9,233.3,10,0,0,-1,20000,5,82,57
45,388,458,256.2,269.4,10,0,0,-1,52830,5,78,66
157,132,461,215.4,225.8,10,0,0,-1,19000,5,72,52
141,162,456,265.6,279.2,10,0,0,-1,50664,5,82,68
122,54,467,231.7,243.9,10,0,0,-1,28166,5,67,61
75,47,467,242.8,255.6,10,0,0,-1,28166,5,70,64
202,248,461,243.1,255.7,10,0,0,-1,21500,5,73,63
181,327,454,270.6,284.2,10,0,0,-1,51664,5,87,68
28,327,454,270.6,284.2,10,0,0,-1,51664,5,87,68
47,211,467,253.9,267.3,10,0,0,-1,29166,5,73,67
167,131,462,257.9,271.3,10,0,0,-1,28166,5,73,67
175,197,462,216.1,226.7,10,0,0,-1,20500,5,72,53
127,384,455,223.9,235.3,10,0,0,-1,28000,5,62,57
62,353,457,272.3,286.1,10,0,0,-1,44998,5,86,69
179,329,465,246.5,259.5,10,0,0,-1,41332,5,71,65
125,283,458,227.3,239.1,10,0,0,-1,27166,5,83,59
207,155,458,253.2,266.4,10,0,0,-1,41832,5,90,66
33,280,460,234.6,246.2,10,0,0,-1,27166,5,67,58
215,81,458,219.9,231.3,10,0,0,-1,33832,5,81,57
164,324,452,329.1,345.7,10,0,0,-1,76330,5,102,83
203,235,456,222.2,233.4,10,0,0,-1,34832,5,56,56
7,162,462,97.8,99.9,10,0,0,-1,55662,3,101,81
52,69,458,250.5,263.5,10,0,0,-1,43832,5,89,65
66,322,466,274.3,288.1,10,0,0,-1,47498,5,88,69
57,40,452,417.7,439.9,10,0,0,-1,121824,5,118,111
169,104,461,237.6,249.2,10,0,0,-1,28166,5,78,58
155,229,456,240.7,252.9,10,0,0,-1,35832,5,61,61
123,22,460,279,293,10,0,0,-1,48998,5,79,70
118,93,461,219.1,229.7,10,0,0,-1,28666,5,73,53
114,292,458,212.5,223.5,10,0,0,-1,23500,5,64,55
154,279,460,245.8,258.6,10,0,0,-1,35832,5,73,64
108,428,466,281.7,295.9,10,0,0,-1,43332,5,90,71
14,56,445,264.3,278.1,10,0,0,-1,23500,5,102,69
105,357,455,249,261,10,0,0,-1,50498,5,80,60
161,398,454,296.5,311.5,10,0,0,-1,54164,5,94,75
1,202,449,133.8,134.4,10,0,0,-1,50164,5,131,129
54,210,460,245.8,258.6,10,0,0,-1,36332,5,73,64
29,285,460,256.9,270.3,10,0,0,-1,42998,5,76,67
60,407,455,226.3,238.1,10,0,0,-1,47832,5,59,59
195,244,461,285.7,299.9,10,0,0,-1,51498,5,94,71
49,171,467,298.3,314.1,10,0,0,-1,39166,5,81,79
83,53,467,294.6,310.2,10,0,0,-1,40832,5,84,78
177,242,464,315.3,331.1,10,0,0,-1,50164,5,100,79
78,48,460,253.2,266.4,10,0,0,-1,38332,5,75,66
40,232,454,294.9,310.3,10,0,0,-1,55830,5,102,77
86,386,453,272.7,286.9,10,0,0,-1,45832,5,81,71
50,21,458,323.5,340.5,10,0,0,-1,77994,5,109,85
38,213,461,237.6,249.2,10,0,0,-1,24000,5,81,58
99,320,455,241.7,253.9,10,0,0,-1,43166,5,88,61
56,367,455,278.1,292.7,10,0,0,-1,51332,5,73,73
20,161,445,351.4,369.8,10,0,0,-1,57498,5,117,92
102,229,460,260.6,274.2,10,0,0,-1,39832,5,77,68
152,217,467,309.4,325.8,10,0,0,-1,55664,5,88,82
129,94,459,254.4,266.8,10,0,0,-1,39332,5,83,62
208,218,452,342,360,10,0,0,-1,111824,5,99,90
158,36,461,302.3,318.1,10,0,0,-1,48166,5,89,79
6,264,456,99.2,101.1,10,0,0,-1,52496,5,88,84
190,221,467,320.5,337.5,10,0,0,-1,63330,5,91,85
77,154,462,319.7,335.9,10,0,0,-1,64498,5,100,81
197,372,466,300.2,315.4,10,0,0,-1,48332,5,95,76
183,9,462,264.2,277.4,10,0,0,-1,42332,5,85,66
165,297,458,356.8,375.6,10,0,0,-1,87160,5,118,94
145,297,458,356.8,375.6,10,0,0,-1,87160,5,118,94
18,243,451,290.9,306.3,10,0,0,-1,54164,5,83,77
135,371,455,271.3,285.1,10,0,0,-1,44666,5,96,69
0,161,445,100.8,101.9,10,0,0,-1,66828,3,117,92
132,432,455,333.6,351.2,10,0,0,-1,68996,5,99,88
205,14,459,365.4,383.8,10,0,0,-1,60832,5,117,92
25,159,446,325.5,342.5,10,0,0,-1,41666,5,110,85
180,269,461,254.4,266.8,10,0,0,-1,35666,5,85,62
46,374,454,337.2,354.4,10,0,0,-1,64164,5,105,86
172,81,461,267.2,280.4,10,0,0,-1,39832,5,89,66
70,297,462,362.2,381.4,10,0,0,-1,84660,5,102,96
166,297,462,362.2,381.4,10,0,0,-1,84660,5,102,96
214,89,460,286.5,301.5,10,0,0,-1,43332,5,84,75
111,181,460,279.1,293.7,10,0,0,-1,47332,5,92,73
96,88,460,290.2,305.4,10,0,0,-1,50498,5,85,76
156,424,455,289.2,304.4,10,0,0,-1,78828,5,76,76
35,410,453,319.5,334.5,10,0,0,-1,60664,5,117,75
16,228,451,290.9,306.3,10,0,0,-1,36666,5,83,77
65,88,460,290.2,305.4,10,0,0,-1,50498,5,85,76
144,54,461,282,296,10,0,0,-1,35666,5,93,70
194,118,462,301.3,317.1,10,0,0,-1,44832,5,88,79
91,28,458,302.3,318.1,10,0,0,-1,72162,5,103,79
55,126,461,294.9,310.3,10,0,0,-1,43166,5,87,77
17,188,445,286.4,300.8,10,0,0,-1,47498,5,92,72
81,373,466,355.7,373.9,10,0,0,-1,67498,5,110,91
95,127,457,298.3,314.1,10,0,0,-1,45832,5,85,79
170,264,456,329.8,346.6,10,0,0,-1,58998,5,88,84
22,310,445,308.6,324.2,10,0,0,-1,52498,5,102,78
173,162,462,320.7,336.9,10,0,0,-1,71164,5,101,81
119,178,453,349.4,367.8,10,0,0,-1,85828,5,101,92
168,49,467,331.6,349.2,10,0,0,-1,63996,5,94,88
107,422,455,322.5,339.5,10,0,0,-1,81162,5,85,85
41,37,459,373.6,393.2,10,0,0,-1,94994,5,108,98
176,310,461,307.9,323.3,10,0,0,-1,53998,5,100,77
74,261,461,265.5,278.5,10,0,0,-1,36500,5,88,65
72,38,461,372.6,392.2,10,0,0,-1,102160,5,108,98
116,288,458,282.8,297.6,10,0,0,-1,62996,5,98,74
142,153,458,349.4,367.8,10,0,0,-1,110158,5,116,92
12,398,444,346.4,364.8,10,0,0,-1,69164,5,98,92
146,241,460,308.7,324.9,10,0,0,-1,57498,5,90,81
93,376,452,446.1,468.7,10,0,0,-1,135490,5,138,113
71,32,458,319.8,336.6,10,0,0,-1,70496,5,108,84
32,151,459,372.8,391.6,10,0,0,-1,81830,5,119,94
68,353,465,314,330,10,0,0,-1,60498,5,98,80
182,323,456,355,373,10,0,0,-1,99828,5,109,90
126,211,461,304.2,319.4,10,0,0,-1,47166,5,99,76
84,135,459,339.5,356.5,10,0,0,-1,55832,5,110,85
187,420,460,369.6,389.2,10,0,0,-1,111492,5,112,98
201,211,461,304.2,319.4,10,0,0,-1,47166,5,99,76
200,205,454,385.6,405.2,10,0,0,-1,125324,5,121,98
34,220,460,327.2,344.4,10,0,0,-1,74662,5,95,86
139,325,460,380.2,399.4,10,0,0,-1,123158,5,122,96
53,70,459,387.6,407.2,10,0,0,-1,86828,5,108,98
37,412,455,352.1,370.7,10,0,0,-1,96326,5,93,93
196,31,462,345.6,363.2,10,0,0,-1,77830,5,107,88
204,180,457,379,399,10,0,0,-1,101660,5,109,100
24,3,451,353.8,372.6,10,0,0,-1,79328,5,100,94
130,52,458,349.4,367.8,10,0,0,-1,100492,5,116,92
76,97,461,330.9,348.3,10,0,0,-1,77328,5,107,87
100,313,458,353.1,371.7,10,0,0,-1,111160,5,117,93
85,40,462,462.1,486.7,10,0,0,-1,127990,5,130,123
162,304,462,371.6,391.2,10,0,0,-1,102992,5,107,98
212,51,460,364.2,383.4,10,0,0,-1,70664,5,105,96
150,125,459,351.4,369.8,10,0,0,-1,60832,5,117,92
42,97,459,369.1,387.7,10,0,0,-1,81830,5,114,93
10,122,137,396.1,416.7,10,0,0,-1,90662,5,118,103
94,301,456,450.6,474.2,10,0,0,-1,128158,5,132,118
121,6,463,367.4,385.8,10,0,0,-1,113824,5,119,92
133,265,462,370.6,388.2,10,0,0,-1,107158,5,132,88
80,60,461,393.8,414.6,10,0,0,-1,83996,5,123,104
131,87,461,345.7,363.9,10,0,0,-1,92328,5,104,91
184,43,463,511.2,538.4,10,0,0,-1,142322,5,144,136
134,44,460,488,514,10,0,0,-1,138156,5,137,130
109,232,457,394.8,415.6,10,0,0,-1,117492,5,129,104
191,205,466,431.8,454.6,10,0,0,-1,135656,5,124,114
103,100,459,413.5,434.5,10,0,0,-1,103328,5,126,105
15,47,448,402.8,423.6,10,0,0,-1,83328,5,120,104
51,317,462,382.7,402.9,10,0,0,-1,124658,5,124,101
30,174,462,408.6,430.2,10,0,0,-1,114658,5,127,108
178,99,462,416,438,10,0,0,-1,128990,5,129,110
11,135,447,413.9,435.3,10,0,0,-1,97494,5,131,107
120,63,459,432,454,10,0,0,-1,109992,5,135,110
58,264,459,436,458,10,0,0,-1,110992,5,123,110
64,42,460,517.6,545.2,10,0,0,-1,151488,5,145,138
44,204,462,449.2,472.4,10,0,0,-1,134656,5,135,116
106,43,460,529.3,557.1,10,0,0,-1,153156,5,154,139
113,376,465,481.9,507.3,10,0,0,-1,140490,5,139,127
186,196,462,456.7,480.9,10,0,0,-1,141322,5,141,121
69,138,459,457.2,480.4,10,0,0,-1,125824,5,144,116
97,203,459,461.6,485.2,10,0,0,-1,130990,5,152,118
112,139,459,440.6,462.2,10,0,0,-1,128990,5,149,108
171,113,463,472.8,497.6,10,0,0,-1,139156,5,138,124
163,43,462,551.5,580.5,10,0,0,-1,172986,5,160,145
143,44,459,576.3,606.1,10,0,0,-1,172654,5,157,149
21,202,449,483.3,509.1,10,0,0,-1,128324,5,131,129
19,242,447,483.3,507.1,10,0,0,-1,124158,5,149,119
151,301,459,571.8,600.6,10,0,0,-1,171654,5,168,144
149,205,459,540.1,566.7,10,0,0,-1,158322,5,166,133
