demandID,SourceID,DestinationID,MinDelay,MaxDelay,Bandwidth,Ishotstandby,DelayDifference,DisjointType,WorkOptCostRangeType,MinCostDelay,MinDelayDelay
65,138,472,179.2,188.4,10,1,0,0,34332,5,55,46
1,38,451,120.2,121.1,10,1,0,0,33332,3,122,113
49,230,460,197.7,207.9,10,1,0,0,20500,5,60,51
122,142,466,203.3,213.1,10,1,0,0,29666,5,71,49
147,337,459,277.1,291.7,10,1,0,0,55664,5,80,73
52,421,474,224.6,236.2,10,1,0,0,33166,5,58,58
34,390,475,236.4,248.8,10,1,0,0,29166,5,62,62
74,390,475,236.4,248.8,10,1,0,0,29166,5,62,62
100,6,465,204,214,10,1,0,0,35332,5,69,50
72,427,472,224.5,235.5,10,1,0,0,39832,5,66,55
195,425,459,243.8,256.6,10,1,0,0,52664,5,71,64
141,316,468,214.5,225.5,10,1,0,0,29166,5,66,55
204,280,476,227.8,238.6,10,1,0,0,49164,5,82,54
136,280,476,227.8,238.6,10,1,0,0,49164,5,82,54
229,359,464,209.7,219.9,10,1,0,0,26500,5,62,51
222,187,458,227.3,239.1,10,1,0,0,38832,5,68,59
154,97,458,241.4,253.8,10,1,0,0,43832,5,74,62
137,19,466,236.6,248.2,10,1,0,0,46498,5,80,58
103,427,459,225.3,237.1,10,1,0,0,39332,5,66,59
194,222,466,225.5,236.5,10,1,0,0,45498,5,77,55
87,181,461,229.6,241.2,10,1,0,0,48498,5,67,58
244,275,470,221.4,231.8,10,1,0,0,29000,5,70,52
29,241,458,204.4,214.8,10,1,0,0,32666,5,55,52
61,35,462,173.8,182.6,10,1,0,0,21500,5,57,44
166,324,464,235.6,247.2,10,1,0,0,35166,5,69,58
225,177,470,236.4,248.8,10,1,0,0,41832,5,69,62
245,280,466,247.5,260.5,10,1,0,0,52664,5,72,65
167,275,470,221.4,231.8,10,1,0,0,29000,5,70,52
130,435,458,321.5,338.5,10,1,0,0,64664,5,92,85
246,240,462,208.1,218.7,10,1,0,0,25000,5,56,53
45,416,463,263.9,277.3,10,1,0,0,49998,5,67,67
171,222,464,240.3,252.1,10,1,0,0,48498,5,81,59
215,377,471,279,293,10,1,0,0,58164,5,96,70
186,283,472,255.1,267.7,10,1,0,0,41332,5,74,63
232,315,476,202.6,212.2,10,1,0,0,28666,5,73,48
25,413,449,313.2,328.4,10,1,0,0,59830,5,108,76
197,116,466,233.6,245.2,10,1,0,0,45498,5,77,58
181,49,462,216.2,227.4,10,1,0,0,32666,5,65,56
189,49,462,216.2,227.4,10,1,0,0,32666,5,65,56
203,2,470,219.2,230.4,10,1,0,0,36166,5,68,56
199,394,472,260.6,274.2,10,1,0,0,46498,5,90,68
33,316,462,218.2,229.4,10,1,0,0,31166,5,67,56
53,270,468,288.4,302.8,10,1,0,0,63830,5,83,72
59,57,468,219.9,231.3,10,1,0,0,39332,5,66,57
115,396,469,220.6,232.2,10,1,0,0,40832,5,77,58
202,241,462,215.5,226.5,10,1,0,0,33666,5,58,55
97,180,471,261.1,273.7,10,1,0,0,54830,5,72,63
96,401,476,261.5,274.5,10,1,0,0,48998,5,86,65
170,359,466,228.2,239.4,10,1,0,0,28500,5,67,56
22,383,441,258.5,271.5,10,1,0,0,32166,5,83,65
106,32,467,274.4,288.8,10,1,0,0,53498,5,72,72
144,239,462,215.5,226.5,10,1,0,0,27000,5,69,55
159,259,467,281.4,295.8,10,1,0,0,47832,5,87,72
205,128,464,225.6,237.2,10,1,0,0,36832,5,69,58
231,295,460,347.4,365.8,10,1,0,0,73330,5,99,92
111,7,462,242.6,254.2,10,1,0,0,33666,5,86,58
212,227,467,258.8,271.6,10,1,0,0,43832,5,86,64
221,392,463,268,282,10,1,0,0,38666,5,79,70
150,296,470,310.4,326.8,10,1,0,0,64664,5,89,82
125,46,473,220.6,232.2,10,1,0,0,28000,5,64,58
42,378,469,277.1,291.7,10,1,0,0,61996,5,93,73
146,120,468,186.6,196.2,10,1,0,0,22500,5,57,48
240,156,474,237.7,249.9,10,1,0,0,54164,5,73,61
73,324,465,298.5,313.5,10,1,0,0,45666,5,86,75
98,96,468,241.4,253.8,10,1,0,0,37166,5,74,62
78,352,461,299.3,315.1,10,1,0,0,69830,5,90,79
69,378,464,277.1,291.7,10,1,0,0,62996,5,80,73
90,423,464,283.7,297.9,10,1,0,0,51498,5,82,71
233,414,470,299.3,315.1,10,1,0,0,66496,5,86,79
208,57,474,249.5,262.5,10,1,0,0,41332,5,74,65
36,84,471,289.1,303.7,10,1,0,0,55498,5,92,73
230,282,466,297.4,311.8,10,1,0,0,56998,5,92,72
43,317,470,266,280,10,1,0,0,41332,5,90,70
228,123,458,253.3,265.1,10,1,0,0,42332,5,94,59
176,336,463,304.6,320.2,10,1,0,0,57998,5,78,78
175,316,467,266.9,280.3,10,1,0,0,36166,5,86,67
188,316,467,266.9,280.3,10,1,0,0,36166,5,86,67
207,259,463,286.5,301.5,10,1,0,0,49832,5,84,75
160,30,470,277.1,291.7,10,1,0,0,62664,5,80,73
95,295,461,354.8,373.6,10,1,0,0,72830,5,105,94
209,64,458,264.3,278.1,10,1,0,0,40166,5,78,69
138,258,476,294.4,308.8,10,1,0,0,54998,5,100,72
118,314,471,213.1,223.7,10,1,0,0,26000,5,70,53
79,336,475,306.7,322.9,10,1,0,0,54998,5,81,81
38,35,470,206.7,216.9,10,1,0,0,27000,5,69,51
50,118,475,255.8,268.6,10,1,0,0,33166,5,83,64
250,59,469,231.7,243.9,10,1,0,0,28500,5,83,61
234,69,474,256.9,270.3,10,1,0,0,30500,5,76,67
57,259,461,230.9,242.3,10,1,0,0,38332,5,81,57
163,186,461,266.6,280.2,10,1,0,0,36166,5,81,68
178,57,461,262.9,276.3,10,1,0,0,42832,5,80,67
62,190,458,308.7,324.9,10,1,0,0,68830,5,90,81
196,306,471,334.9,352.3,10,1,0,0,72330,5,106,87
102,39,468,229.3,241.1,10,1,0,0,34166,5,70,59
242,35,471,218.7,228.9,10,1,0,0,28000,5,81,51
248,45,470,256.2,269.4,10,1,0,0,41166,5,78,66
192,328,468,294.8,309.6,10,1,0,0,63830,5,85,74
60,328,472,298.5,313.5,10,1,0,0,64664,5,99,75
179,97,469,264.3,278.1,10,1,0,0,46832,5,81,69
114,156,461,251.1,263.7,10,1,0,0,58664,5,81,63
92,120,471,235.2,246.4,10,1,0,0,29000,5,84,56
236,330,465,328.1,344.7,10,1,0,0,58332,5,94,83
180,327,468,305.9,321.3,10,1,0,0,63830,5,88,77
124,142,470,274.7,288.9,10,1,0,0,43166,5,83,71
64,365,467,352.1,370.7,10,1,0,0,74330,5,101,93
135,114,458,328.9,346.3,10,1,0,0,74330,5,94,87
224,355,470,336.3,354.1,10,1,0,0,68164,5,96,89
253,71,472,256.9,270.3,10,1,0,0,39166,5,76,67
84,223,467,321.7,337.9,10,1,0,0,63164,5,103,81
216,223,467,321.7,337.9,10,1,0,0,63164,5,103,81
83,39,469,244.8,257.6,10,1,0,0,35166,5,75,64
162,241,471,260.4,272.8,10,1,0,0,41666,5,65,62
173,134,464,314.3,330.1,10,1,0,0,62164,5,101,79
44,161,474,264.3,278.1,10,1,0,0,47832,5,78,69
99,85,471,355.7,373.9,10,1,0,0,72164,5,110,91
143,148,470,311.7,327.9,10,1,0,0,57998,5,93,81
107,427,467,273.2,286.4,10,1,0,0,49332,5,85,66
165,206,460,275.4,289.8,10,1,0,0,35500,5,81,72
187,413,466,383.1,401.7,10,1,0,0,74830,5,132,93
127,191,458,349.4,367.8,10,1,0,0,70664,5,101,92
80,316,461,221.8,232.6,10,1,0,0,30666,5,76,54
198,51,460,305,321,10,1,0,0,52998,5,89,80
104,51,474,305,321,10,1,0,0,54498,5,89,80
108,412,463,415.3,437.1,10,1,0,0,75664,5,121,109
113,394,465,338.3,356.1,10,1,0,0,61498,5,98,89
67,135,469,324.2,341.4,10,1,0,0,69330,5,95,86
28,56,474,308.7,324.9,10,1,0,0,54498,5,90,81
217,221,473,302,318,10,1,0,0,50832,5,86,80
172,8,474,294.4,308.8,10,1,0,0,47832,5,100,72
210,284,469,232.9,244.3,10,1,0,0,35166,5,68,57
149,208,472,290.2,305.4,10,1,0,0,43666,5,85,76
48,270,471,331,347,10,1,0,0,76830,5,110,80
126,435,469,347.4,365.8,10,1,0,0,68164,5,99,92
155,367,469,346.6,364.2,10,1,0,0,78330,5,99,88
31,107,470,300.9,316.3,10,1,0,0,46166,5,93,77
214,128,459,281.1,295.7,10,1,0,0,43332,5,93,73
121,117,460,298.1,312.7,10,1,0,0,47832,5,101,73
54,234,468,264.8,277.6,10,1,0,0,37666,5,89,64
134,213,468,330.9,348.3,10,1,0,0,53332,5,96,87
70,9,474,305.5,320.5,10,1,0,0,55498,5,103,75
200,222,473,331.6,349.2,10,1,0,0,59998,5,94,88
151,128,462,275.3,289.1,10,1,0,0,44332,5,89,69
30,211,469,316.8,333.6,10,1,0,0,51832,5,106,84
237,421,472,224.5,235.5,10,1,0,0,33166,5,66,55
17,194,456,268,282,10,1,0,0,40666,5,79,70
55,7,473,300.2,315.4,10,1,0,0,43166,5,106,76
168,366,461,346.7,364.9,10,1,0,0,79496,5,105,91
184,106,471,320.3,336.1,10,1,0,0,53832,5,88,79
16,7,455,275.9,289.3,10,1,0,0,39666,5,95,67
211,145,468,376.6,396.2,10,1,0,0,67664,5,112,98
191,367,470,364.7,382.9,10,1,0,0,81330,5,109,91
56,193,470,323.1,339.7,10,1,0,0,51332,5,99,83
177,51,461,318.4,334.8,10,1,0,0,55998,5,95,82
140,157,471,297.4,311.8,10,1,0,0,71330,5,103,72
193,338,475,395.5,416.5,10,1,0,0,77330,5,105,105
219,423,474,269,283,10,1,0,0,55998,5,70,70
77,367,463,385.6,405.2,10,1,0,0,82830,5,109,98
133,145,467,378.8,397.6,10,1,0,0,69664,5,125,94
183,213,472,334.6,352.2,10,1,0,0,55332,5,97,88
243,169,465,351,369,10,1,0,0,68830,5,108,90
251,359,473,243.1,255.7,10,1,0,0,28000,5,63,63
223,62,471,305.5,320.5,10,1,0,0,51332,5,103,75
40,86,471,389,409,10,1,0,0,82830,5,119,100
247,297,460,243.8,256.6,10,1,0,0,48498,5,71,64
148,158,475,327.4,343.8,10,1,0,0,68830,5,106,82
47,341,473,409.6,431.2,10,1,0,0,81830,5,108,108
190,53,462,323.5,340.5,10,1,0,0,70830,5,94,85
27,43,460,303.3,319.1,10,1,0,0,52998,5,90,79
58,166,460,345.7,363.9,10,1,0,0,55332,5,100,91
132,117,461,311.5,326.5,10,1,0,0,54332,5,103,75
161,104,472,367.9,387.3,10,1,0,0,73164,5,106,97
206,104,468,364.2,383.4,10,1,0,0,73164,5,105,96
105,12,462,324,340,10,1,0,0,62998,5,108,80
76,104,468,364.2,383.4,10,1,0,0,73164,5,105,96
139,167,472,367.9,387.3,10,1,0,0,63998,5,106,97
21,231,457,295.2,310.4,10,1,0,0,47166,5,90,76
129,171,471,372.1,390.7,10,1,0,0,65498,5,102,93
75,11,468,342.5,359.5,10,1,0,0,68164,5,110,85
158,212,471,364.7,382.9,10,1,0,0,56166,5,119,91
86,180,470,249.1,261.7,10,1,0,0,57830,5,79,63
220,369,474,261.6,275.2,10,1,0,0,84994,5,68,68
241,234,471,313.4,327.8,10,1,0,0,45666,5,119,72
109,260,465,254.9,268.3,10,1,0,0,38166,5,74,67
226,167,474,393.8,414.6,10,1,0,0,74998,5,113,104
91,13,473,366.8,385.6,10,1,0,0,59832,5,124,94
128,91,460,386.4,406.8,10,1,0,0,76998,5,111,102
112,145,470,413.2,434.4,10,1,0,0,77664,5,127,106
255,115,462,349.9,367.3,10,1,0,0,73664,5,115,87
14,97,450,352.4,370.8,10,1,0,0,63832,5,104,92
81,214,474,382.7,402.9,10,1,0,0,72498,5,110,101
19,348,442,364.4,382.8,10,1,0,0,59666,5,108,92
110,115,469,361.7,379.9,10,1,0,0,74664,5,119,91
39,74,468,390.1,410.7,10,1,0,0,76164,5,112,103
85,77,461,385,405,10,1,0,0,71498,5,109,100
120,77,461,385,405,10,1,0,0,71498,5,109,100
227,38,461,336.9,354.3,10,1,0,0,52832,5,96,87
174,167,470,400.8,421.6,10,1,0,0,76998,5,120,104
15,385,444,327.4,343.8,10,1,0,0,43000,5,104,82
46,11,474,372.1,390.7,10,1,0,0,77664,5,121,93
145,53,460,349.4,367.8,10,1,0,0,76996,5,101,92
116,5,460,370.4,388.8,10,1,0,0,74498,5,122,92
35,76,469,387.1,407.7,10,1,0,0,77164,5,112,103
68,89,472,453,477,10,1,0,0,92830,5,129,120
119,74,460,419.7,441.9,10,1,0,0,86164,5,120,111
89,170,471,423.9,445.3,10,1,0,0,84664,5,135,107
123,54,471,391.6,411.2,10,1,0,0,83830,5,127,98
26,257,440,434.2,455.4,10,1,0,0,77164,5,146,106
142,89,469,464.8,489.6,10,1,0,0,93830,5,146,124
20,78,454,427.1,449.7,10,1,0,0,71332,5,122,113
24,124,450,382.6,402.2,10,1,0,0,59666,5,118,98
218,76,461,414.6,436.2,10,1,0,0,84664,5,117,108
101,293,476,452.5,475.5,10,1,0,0,118826,5,142,115
23,388,444,379.2,398.4,10,1,0,0,64332,5,120,96
18,190,454,404.9,426.3,10,1,0,0,83830,5,116,107
63,116,476,233.6,245.2,10,1,0,0,42498,5,77,58
201,8,465,192.9,202.3,10,1,0,0,36332,5,66,47
93,289,461,310.4,326.8,10,1,0,0,56998,5,93,82
185,377,470,273,287,10,1,0,0,62164,5,84,70
