demandID,SourceID,DestinationID,MinDelay,MaxDelay,Bandwidth,Ishotstandby,DelayDifference,DisjointType,WorkOptCostRangeType,MinCostDelay,MinDelayDelay
33,1153,2063,110.4,112.7,10,0,0,-1,31832,5,103,92
38,1428,2084,62,64,10,0,0,-1,13500,3,66,46
154,764,2072,111.6,117.2,10,0,0,-1,11500,5,36,28
36,886,2087,103.4,105.7,10,0,0,-1,32998,3,110,85
30,549,2057,126.8,130.4,10,0,0,-1,52830,3,134,98
19,925,2063,80.8,82.9,10,0,0,-1,25166,3,85,64
32,243,2058,164.8,168.4,10,0,0,-1,46664,3,172,136
23,1897,2001,124.6,125.8,10,0,0,-1,37498,3,127,115
17,479,2058,115.6,118.3,10,0,0,-1,44164,3,127,94
28,1815,2061,130.2,131.1,10,0,0,-1,50830,3,141,123
102,1727,2050,118,124,10,0,0,-1,16500,5,37,30
37,652,2077,117.6,121.3,10,0,0,-1,47496,3,125,88
1,1659,696,76.2,77.1,10,0,0,-1,24166,3,78,69
157,840,2072,127.6,133.2,10,0,0,-1,15000,5,28,28
116,855,2012,131.4,137.8,10,0,0,-1,15000,5,45,32
133,1708,2049,115.6,121.2,10,0,0,-1,33998,5,40,28
35,1287,2017,78,80.5,10,0,0,-1,21166,5,74,58
27,1315,2017,106.6,109.8,10,0,0,-1,30332,5,104,81
34,1810,2047,87.8,88.4,10,0,0,-1,22166,3,101,83
12,1208,1995,78,79,10,0,0,-1,22000,3,80,70
114,408,2008,161,169,10,0,0,-1,30832,5,53,40
56,1517,2050,175.5,184.5,10,0,0,-1,16500,5,54,45
79,1176,2056,153.6,159.2,10,0,0,-1,15000,5,78,28
4,951,1189,151.2,152.6,10,0,0,-1,36832,3,154,140
21,1479,2024,90.2,91.6,10,0,0,-1,19000,3,93,79
13,646,2006,58.6,60.3,10,0,0,-1,17500,3,61,45
68,1444,2010,143.9,151.3,10,0,0,-1,20166,5,37,37
9,1656,2024,69.8,70.4,10,0,0,-1,18500,3,71,65
6,1816,2005,114.4,115.7,10,0,0,-1,45164,3,138,104
31,1689,2059,75.6,76.3,10,0,0,-1,16500,3,77,70
26,1240,2064,61.2,62.6,10,0,0,-1,16500,3,64,50
166,765,2083,163.4,171.8,10,0,0,-1,20166,5,49,42
18,768,1994,95.4,98.7,10,0,0,-1,41164,3,102,69
0,58,1686,117.6,119.8,10,0,0,-1,55496,3,122,100
78,1686,1997,210.1,220.7,10,0,0,-1,29332,5,67,53
11,1154,2004,97.2,98.1,10,0,0,-1,38498,3,106,90
22,1953,2032,138.4,139.2,10,0,0,-1,42498,3,140,132
164,1428,2084,190.2,199.4,10,0,0,-1,17000,5,66,46
127,1240,2064,199,209,10,0,0,-1,18000,5,64,50
16,847,2031,155.6,158.3,10,0,0,-1,61162,3,161,134
148,898,2070,201.4,211.8,10,0,0,-1,28832,5,61,52
10,1686,1997,64.2,65.6,10,0,0,-1,29498,3,67,53
3,396,1689,98.6,101.3,10,0,0,-1,53996,3,104,77
29,1032,2009,86.8,87.9,10,0,0,-1,34332,3,88,78
2,1376,338,73.4,76.2,10,0,0,-1,22000,3,79,51
14,1463,2013,80.8,83.4,10,0,0,-1,24166,5,68,60
139,1654,2007,186.9,196.3,10,0,0,-1,29166,5,60,47
124,1494,2038,199.7,209.9,10,0,0,-1,30332,5,62,51
99,1338,2058,209.3,219.1,10,0,0,-1,22000,5,77,49
51,1093,2063,175.4,183.8,10,0,0,-1,17000,5,50,42
129,1019,2038,220.1,230.7,10,0,0,-1,24666,5,77,53
109,1502,2000,198.7,208.9,10,0,0,-1,21000,5,61,51
80,1227,2056,218.9,228.3,10,0,0,-1,19500,5,92,47
152,1715,2081,197,207,10,0,0,-1,23666,5,62,50
163,37,2084,200.4,210.8,10,0,0,-1,22166,5,66,52
88,959,2025,228.3,240.1,10,0,0,-1,47664,5,69,59
167,1725,2086,200.3,210.1,10,0,0,-1,24666,5,49,49
168,1216,2074,182.1,190.7,10,0,0,-1,22166,5,76,43
82,856,2049,199.4,209.8,10,0,0,-1,24666,5,59,52
141,1344,2021,194.7,204.9,10,0,0,-1,25666,5,57,51
84,646,2006,183.5,192.5,10,0,0,-1,20500,5,61,45
42,1376,338,216.7,226.9,10,0,0,-1,23000,5,79,51
8,165,2020,157,159,10,0,0,-1,60162,3,170,141
158,586,2077,202.3,212.1,10,0,0,-1,36498,5,72,49
60,1344,2013,203.7,213.9,10,0,0,-1,26166,5,57,51
69,1368,2069,212.5,223.5,10,0,0,-1,31832,5,64,55
59,275,2021,202.1,212.7,10,0,0,-1,19000,5,59,53
65,872,2013,222.2,233.4,10,0,0,-1,30832,5,71,56
72,1081,2045,233.7,245.9,10,0,0,-1,28166,5,69,61
71,867,2048,240.1,252.7,10,0,0,-1,33332,5,70,63
94,1059,2064,249.4,261.8,10,0,0,-1,31832,5,70,62
108,1042,2032,318.8,335.6,10,0,0,-1,50164,5,102,84
86,946,2037,247.8,260.6,10,0,0,-1,35832,5,75,64
159,925,2084,226.2,237.4,10,0,0,-1,28166,5,56,56
101,587,2005,235,247,10,0,0,-1,47664,5,73,60
142,397,1997,265.6,279.2,10,0,0,-1,46664,5,82,68
63,1371,2057,244.3,256.1,10,0,0,-1,33166,5,73,59
73,1310,2027,257.6,271.2,10,0,0,-1,23500,5,74,68
70,1424,2070,268,282,10,0,0,-1,46164,5,79,70
44,1264,143,247.7,259.9,10,0,0,-1,36666,5,83,61
47,1184,2035,254.2,267.4,10,0,0,-1,38498,5,76,66
136,1599,2022,219.9,231.3,10,0,0,-1,21500,5,75,57
156,1396,2073,273,287,10,0,0,-1,54330,5,84,70
48,997,2012,268.6,282.2,10,0,0,-1,41498,5,85,68
39,408,1401,244.8,257.6,10,0,0,-1,35332,5,72,64
104,1167,2043,245.1,257.7,10,0,0,-1,33332,5,75,63
162,1151,2084,241.3,253.1,10,0,0,-1,23500,5,81,59
90,1085,2058,281.2,292.4,10,0,0,-1,37332,5,132,56
130,1349,2023,242.7,254.9,10,0,0,-1,31666,5,78,61
110,657,2056,254,266,10,0,0,-1,34832,5,92,60
77,664,2025,233.7,245.9,10,0,0,-1,28166,5,76,61
121,397,2061,305.6,321.2,10,0,0,-1,51164,5,95,78
58,1316,2069,273.7,287.9,10,0,0,-1,31166,5,82,71
87,1463,2013,248,260,10,0,0,-1,28666,5,68,60
146,785,2045,254.9,268.3,10,0,0,-1,42998,5,74,67
131,478,2003,272.7,286.9,10,0,0,-1,43498,5,71,71
150,1287,2017,239.6,251.2,10,0,0,-1,27666,5,74,58
128,409,2036,270.7,284.9,10,0,0,-1,40498,5,79,71
45,1018,2038,283,297,10,0,0,-1,35332,5,94,70
144,1968,1994,229.2,240.4,10,0,0,-1,30666,5,78,56
115,221,2010,291.9,307.3,10,0,0,-1,33832,5,77,77
118,1792,2029,247.8,260.6,10,0,0,-1,28166,5,83,64
67,1752,2004,254.5,267.5,10,0,0,-1,28166,5,95,65
61,1138,2051,299.2,312.4,10,0,0,-1,30166,5,111,66
91,1167,2049,271,285,10,0,0,-1,36832,5,82,70
153,1770,2072,274.4,288.8,10,0,0,-1,42498,5,96,72
155,200,2083,282.8,297.6,10,0,0,-1,40332,5,74,74
89,1580,2058,247.6,259.2,10,0,0,-1,43998,5,93,58
151,1218,2075,277,291,10,0,0,-1,41998,5,88,70
15,725,2019,102,103,10,0,0,-1,50496,3,104,94
93,732,2011,252.5,265.5,10,0,0,-1,34832,5,75,65
83,1208,1995,269,283,10,0,0,-1,29000,5,80,70
105,284,2055,274.4,288.8,10,0,0,-1,47664,5,80,72
50,1251,2052,268,282,10,0,0,-1,27000,5,77,70
20,1986,1999,91.8,92.4,10,0,0,-1,32332,5,90,87
100,925,2063,257.8,270.6,10,0,0,-1,32666,5,85,64
95,1085,2014,266.6,278.2,10,0,0,-1,37332,5,119,58
54,1629,2039,295.9,311.3,10,0,0,-1,37832,5,88,77
113,1280,2025,279.1,293.7,10,0,0,-1,31166,5,82,73
43,396,1689,311.9,327.3,10,0,0,-1,60330,5,104,77
85,1370,2032,292.9,308.3,10,0,0,-1,30500,5,85,77
55,589,2043,299.7,313.9,10,0,0,-1,49664,5,108,71
149,1163,2053,300.8,313.6,10,0,0,-1,32666,5,118,64
107,872,2051,277,291,10,0,0,-1,36832,5,76,70
74,1739,2031,269.2,282.4,10,0,0,-1,30666,5,91,66
76,1495,2014,252.2,265.4,10,0,0,-1,43498,5,82,66
98,1438,2055,281.4,295.8,10,0,0,-1,49664,5,87,72
145,938,2062,276.4,290.8,10,0,0,-1,28000,5,82,72
138,1689,2059,266,280,10,0,0,-1,24000,5,77,70
140,757,2044,268,282,10,0,0,-1,32166,5,83,70
46,78,2064,319.1,335.7,10,0,0,-1,32166,5,83,83
160,928,2084,289.1,303.7,10,0,0,-1,45498,5,73,73
75,1656,2024,246.5,259.5,10,0,0,-1,25500,5,71,65
161,1790,2078,308.3,324.1,10,0,0,-1,38332,5,95,79
24,397,2061,91.6,93.3,10,0,0,-1,55662,3,95,78
147,1790,2038,323.1,339.7,10,0,0,-1,36332,5,99,83
64,837,2005,323.8,340.6,10,0,0,-1,46998,5,97,84
106,1722,2063,297.9,313.3,10,0,0,-1,52664,5,77,77
132,370,2044,334.6,352.2,10,0,0,-1,63330,5,97,88
126,1581,2066,285.1,299.7,10,0,0,-1,53664,5,80,73
57,1416,2000,318.4,334.8,10,0,0,-1,28000,5,97,82
137,159,2051,308,324,10,0,0,-1,27000,5,80,80
81,1122,2039,294.5,309.5,10,0,0,-1,29500,5,92,75
117,261,2016,307.7,323.9,10,0,0,-1,32166,5,89,81
165,1830,2072,287,301,10,0,0,-1,39332,5,89,70
92,1038,2035,315.1,331.7,10,0,0,-1,46498,5,106,83
41,1659,696,264.3,278.1,10,0,0,-1,32666,5,78,69
123,957,2070,306.6,322.2,10,0,0,-1,39832,5,96,78
122,928,2070,302.9,318.3,10,0,0,-1,46498,5,95,77
103,189,2022,294.6,310.2,10,0,0,-1,36166,5,84,78
125,1709,2017,271.9,285.3,10,0,0,-1,44998,5,91,67
40,354,1068,336.2,353.4,10,0,0,-1,50498,5,104,86
96,1491,2019,273.7,287.9,10,0,0,-1,32166,5,94,71
52,1399,2022,291,305,10,0,0,-1,40832,5,84,70
97,768,1994,288.3,302.1,10,0,0,-1,48498,5,102,69
135,1032,2009,299.6,315.2,10,0,0,-1,43832,5,88,78
7,1392,2009,105.6,106.3,10,0,0,-1,59996,5,100,100
134,731,2044,262.6,276.2,10,0,0,-1,32166,5,81,68
53,865,2029,314.9,330.3,10,0,0,-1,52164,5,107,77
120,1107,2042,307.7,323.9,10,0,0,-1,37666,5,104,81
119,350,2022,302,318,10,0,0,-1,42332,5,86,80
25,115,2013,98,99.5,10,0,0,-1,40830,3,101,86
112,1096,2022,317.4,333.8,10,0,0,-1,48498,5,115,82
62,1460,1997,372.6,392.2,10,0,0,-1,56164,5,108,98
66,1106,2034,333.6,351.2,10,0,0,-1,43332,5,96,88
49,1448,2026,345.5,362.5,10,0,0,-1,53664,5,116,85
111,725,2026,344.3,360.1,10,0,0,-1,54164,5,131,79
5,1264,143,78.6,80.8,10,0,0,-1,44498,3,83,61
143,49,2000,391.9,411.3,10,0,0,-1,49832,5,130,97
