demandID,SourceID,DestinationID,MinDelay,MaxDelay,Bandwidth,Ishotstandby,DelayDifference,DisjointType,WorkOptCostRangeType,MinCostDelay,MinDelayDelay
55,299,462,128.7,134.9,10,0,0,-1,18000,5,45,31
249,300,467,142.9,150.3,10,0,0,-1,24166,5,60,37
61,301,460,180.5,189.5,10,0,0,-1,36332,5,59,45
112,274,460,162,170,10,0,0,-1,28666,5,54,40
10,293,465,94.8,95.9,10,0,0,-1,51496,3,97,86
150,211,474,150.9,158.3,10,0,0,-1,16500,5,51,37
204,58,461,165.1,173.7,10,0,0,-1,20500,5,49,43
214,31,461,186.5,195.5,10,0,0,-1,21500,5,65,45
108,357,467,172.5,181.5,10,0,0,-1,21000,5,51,45
2,280,472,118.8,120.9,10,0,0,-1,56662,3,123,102
1,23,470,137.4,141.2,10,0,0,-1,62662,3,145,107
50,173,461,257.6,271.2,10,0,0,-1,46498,5,74,68
106,299,473,143.3,149.1,10,0,0,-1,17500,5,65,29
179,143,460,215.1,225.7,10,0,0,-1,34666,5,72,53
259,102,473,156.1,162.7,10,0,0,-1,20000,5,67,33
8,97,471,89.4,93.2,10,0,0,-1,19000,3,98,59
24,343,443,161.4,169.8,10,0,0,-1,24000,5,48,42
9,229,471,81.4,85.2,10,0,0,-1,25666,3,90,51
132,17,460,225.5,236.5,10,0,0,-1,34666,5,77,55
223,107,473,185.7,193.9,10,0,0,-1,21000,5,75,41
243,391,472,164.9,172.3,10,0,0,-1,27166,5,65,37
49,315,467,198.6,208.2,10,0,0,-1,36332,5,69,48
6,225,471,79.4,83.2,10,0,0,-1,25666,3,87,49
196,225,460,162.6,170.2,10,0,0,-1,31166,5,60,38
130,222,467,168.8,177.6,10,0,0,-1,27166,5,67,44
257,219,460,258.2,271.4,10,0,0,-1,57164,5,80,66
139,183,474,154.6,162.2,10,0,0,-1,19500,5,52,38
7,63,469,109,111.5,10,0,0,-1,53996,3,114,89
48,387,473,172,180,10,0,0,-1,29166,5,42,40
81,249,467,180.1,188.7,10,0,0,-1,23000,5,43,43
155,186,467,213.4,223.8,10,0,0,-1,37332,5,73,52
201,158,462,206.4,216.8,10,0,0,-1,25000,5,54,52
156,158,462,206.4,216.8,10,0,0,-1,25000,5,54,52
233,388,475,224.3,236.1,10,0,0,-1,39332,5,65,59
88,287,461,182.8,191.6,10,0,0,-1,25000,5,64,44
151,278,460,250.8,263.6,10,0,0,-1,63830,5,78,64
91,246,460,258.2,271.4,10,0,0,-1,52998,5,80,66
3,243,464,86.8,88.9,10,0,0,-1,52496,3,91,70
253,314,473,196.8,205.6,10,0,0,-1,29666,5,78,44
241,363,467,202.3,212.1,10,0,0,-1,30166,5,70,49
26,123,445,217.5,228.5,10,0,0,-1,39332,5,69,55
36,308,460,254.5,267.5,10,0,0,-1,59664,5,79,65
188,210,473,161.8,168.6,10,0,0,-1,21000,5,70,34
107,370,473,196.8,205.6,10,0,0,-1,42998,5,78,44
127,239,469,174,182,10,0,0,-1,24000,5,70,40
70,223,470,171.2,178.4,10,0,0,-1,27000,5,74,36
142,416,461,179.9,189.3,10,0,0,-1,29666,5,53,47
0,274,459,68.2,69.6,10,0,0,-1,24666,3,71,57
250,289,461,230.9,242.3,10,0,0,-1,39832,5,77,57
126,133,461,213.7,223.9,10,0,0,-1,28000,5,76,51
113,133,461,213.7,223.9,10,0,0,-1,28000,5,76,51
140,78,460,280.4,294.8,10,0,0,-1,57998,5,86,72
198,57,469,159.2,166.4,10,0,0,-1,24500,5,66,36
162,168,461,219.8,230.6,10,0,0,-1,34166,5,74,54
202,318,466,191.6,201.2,10,0,0,-1,37332,5,54,48
84,392,466,193.9,203.3,10,0,0,-1,35832,5,67,47
111,339,466,206.4,216.8,10,0,0,-1,44998,5,58,52
173,34,462,276.7,290.9,10,0,0,-1,53998,5,73,71
11,5,467,78.6,80.8,10,0,0,-1,35664,3,83,61
4,5,467,78.6,80.8,10,0,0,-1,35664,3,83,61
199,97,466,210.7,220.9,10,0,0,-1,27000,5,65,51
256,146,462,243.4,255.8,10,0,0,-1,34166,5,64,62
125,97,462,244,256,10,0,0,-1,30000,5,70,60
194,286,468,205,215,10,0,0,-1,27500,5,70,50
83,10,461,250.2,263.4,10,0,0,-1,35666,5,72,66
240,318,470,192.8,201.6,10,0,0,-1,42832,5,74,44
252,288,475,177.1,185.7,10,0,0,-1,31166,5,61,43
236,257,461,276.1,290.7,10,0,0,-1,58164,5,79,73
42,413,461,202.1,212.7,10,0,0,-1,31666,5,59,53
12,22,470,136.4,140.2,10,0,0,-1,69328,3,144,106
133,305,460,295.2,310.4,10,0,0,-1,77996,5,90,76
58,243,464,280,294,10,0,0,-1,58664,5,91,70
221,41,466,273,287,10,0,0,-1,55498,5,76,70
95,329,467,209.5,220.5,10,0,0,-1,34666,5,78,55
235,179,467,254.1,266.7,10,0,0,-1,60164,5,84,63
78,366,461,267.9,281.3,10,0,0,-1,55664,5,87,67
177,146,461,253.1,265.7,10,0,0,-1,38166,5,83,63
75,297,475,226.5,237.5,10,0,0,-1,33166,5,78,55
234,163,460,321.1,337.7,10,0,0,-1,76330,5,97,83
165,247,461,275.3,289.1,10,0,0,-1,47332,5,89,69
33,264,462,280.4,294.8,10,0,0,-1,48332,5,74,72
244,247,461,275.3,289.1,10,0,0,-1,47332,5,89,69
193,339,467,224.3,236.1,10,0,0,-1,48998,5,82,59
239,34,469,285,299,10,0,0,-1,58498,5,96,70
171,66,470,226.1,236.7,10,0,0,-1,58498,5,83,53
92,361,462,299.3,313.1,10,0,0,-1,60664,5,101,69
200,183,473,184,192,10,0,0,-1,28500,5,76,40
5,334,466,124.8,126.9,10,0,0,-1,71328,3,129,108
13,216,474,119,120.5,10,0,0,-1,62162,3,122,107
197,246,462,302.6,318.2,10,0,0,-1,58998,5,80,78
160,238,472,210.1,220.7,10,0,0,-1,31500,5,67,53
141,240,468,244.4,256.8,10,0,0,-1,39166,5,77,62
60,166,462,310,326,10,0,0,-1,59998,5,82,80
213,358,471,266.8,279.6,10,0,0,-1,50166,5,95,64
158,261,473,221,231,10,0,0,-1,30500,5,64,50
128,16,467,236,248,10,0,0,-1,31500,5,91,60
79,105,473,244.9,256.3,10,0,0,-1,55498,5,91,57
208,303,466,284.1,298.7,10,0,0,-1,61664,5,87,73
215,48,473,293,307,10,0,0,-1,62998,5,104,70
23,207,452,311.3,327.1,10,0,0,-1,64998,5,98,79
255,158,471,218.7,228.9,10,0,0,-1,33500,5,82,51
118,295,462,326.1,342.7,10,0,0,-1,63998,5,90,83
80,154,470,289,303,10,0,0,-1,69498,5,100,70
14,230,467,79.2,80.6,10,0,0,-1,40664,3,82,68
43,327,473,191.4,199.8,10,0,0,-1,30500,5,78,42
105,69,473,191.4,199.8,10,0,0,-1,30500,5,56,42
69,304,462,332.2,349.4,10,0,0,-1,75830,5,100,86
238,35,461,338.2,355.4,10,0,0,-1,91494,5,106,86
98,67,469,244.3,256.1,10,0,0,-1,46832,5,89,59
63,155,462,310,326,10,0,0,-1,57332,5,82,80
102,36,461,341.9,359.3,10,0,0,-1,90828,5,107,87
242,293,464,325.5,342.5,10,0,0,-1,72830,5,96,85
195,65,461,290.1,304.7,10,0,0,-1,65664,5,93,73
170,193,470,285.3,299.1,10,0,0,-1,84330,5,99,69
224,379,472,226.3,238.1,10,0,0,-1,51498,5,59,59
191,276,468,251.8,264.6,10,0,0,-1,54998,5,79,64
59,99,462,314.3,330.1,10,0,0,-1,60832,5,89,79
45,312,473,198.8,207.6,10,0,0,-1,32500,5,58,44
161,269,466,321.1,337.7,10,0,0,-1,61998,5,89,83
159,154,461,330.8,347.6,10,0,0,-1,68998,5,104,84
181,243,470,310,324,10,0,0,-1,72164,5,121,70
103,35,468,336.9,354.3,10,0,0,-1,93994,5,102,87
186,269,466,321.1,337.7,10,0,0,-1,61998,5,89,83
82,66,468,266.6,280.2,10,0,0,-1,57498,5,83,68
100,310,471,222.4,232.8,10,0,0,-1,48832,5,83,52
251,148,468,262.9,276.3,10,0,0,-1,57498,5,82,67
38,147,469,259.1,271.7,10,0,0,-1,49332,5,89,63
68,5,467,247.7,259.9,10,0,0,-1,44332,5,83,61
167,5,467,247.7,259.9,10,0,0,-1,44332,5,83,61
120,366,475,258.5,271.5,10,0,0,-1,57164,5,83,65
229,311,473,221,231,10,0,0,-1,42666,5,86,50
19,274,459,224.9,236.3,10,0,0,-1,41666,5,71,57
212,392,472,227.8,238.6,10,0,0,-1,45832,5,82,54
44,291,467,276.1,290.7,10,0,0,-1,67164,5,79,73
129,214,468,296.2,311.4,10,0,0,-1,64998,5,91,76
46,295,470,294,308,10,0,0,-1,87828,5,105,70
248,66,474,243.4,255.8,10,0,0,-1,56998,5,76,62
230,66,469,266.5,279.5,10,0,0,-1,58498,5,95,65
72,153,461,341.9,359.3,10,0,0,-1,78164,5,107,87
54,151,470,289,303,10,0,0,-1,80996,5,100,70
109,244,466,314.4,328.8,10,0,0,-1,67830,5,112,72
17,396,449,195.3,205.1,10,0,0,-1,34666,5,63,49
86,378,461,268.7,282.9,10,0,0,-1,58664,5,77,71
93,166,475,310.3,326.1,10,0,0,-1,58998,5,97,79
117,96,462,327.6,343.2,10,0,0,-1,73164,5,105,78
116,101,462,326.2,341.4,10,0,0,-1,69164,5,109,76
124,393,467,223.5,234.5,10,0,0,-1,48998,5,84,55
67,244,466,314.4,328.8,10,0,0,-1,67830,5,112,72
260,142,474,292.8,307.6,10,0,0,-1,61332,5,93,74
57,17,469,278.2,291.4,10,0,0,-1,47666,5,100,66
104,341,472,236,248,10,0,0,-1,46666,5,74,60
115,50,473,300.4,314.8,10,0,0,-1,89662,5,106,72
20,364,458,257.2,270.4,10,0,0,-1,47832,5,79,66
185,163,462,365.5,384.5,10,0,0,-1,80830,5,97,95
178,346,473,285.6,299.2,10,0,0,-1,63998,5,102,68
206,318,471,237.2,248.4,10,0,0,-1,51832,5,87,56
211,307,466,306.3,322.1,10,0,0,-1,76330,5,85,79
254,49,473,296.7,310.9,10,0,0,-1,93828,5,105,71
232,195,474,247.1,259.7,10,0,0,-1,62498,5,77,63
225,95,461,334.5,351.5,10,0,0,-1,81496,5,105,85
168,155,468,318.4,334.8,10,0,0,-1,63332,5,97,82
231,194,468,311,327,10,0,0,-1,74164,5,95,80
182,330,474,273,287,10,0,0,-1,60832,5,84,70
144,305,461,349.3,367.1,10,0,0,-1,86496,5,109,89
35,41,471,318.6,334.2,10,0,0,-1,99660,5,109,78
110,97,471,256.3,268.1,10,0,0,-1,45500,5,98,59
22,423,448,292.9,308.3,10,0,0,-1,72330,5,85,77
216,128,467,336.5,353.5,10,0,0,-1,108992,5,107,85
148,166,469,318.3,334.1,10,0,0,-1,70498,5,109,79
220,39,462,402.5,423.5,10,0,0,-1,121658,5,107,105
31,160,471,289,303,10,0,0,-1,63832,5,101,70
32,147,472,273,287,10,0,0,-1,60332,5,84,70
134,67,473,250.6,262.2,10,0,0,-1,57332,5,94,58
247,167,471,289,303,10,0,0,-1,63832,5,101,70
157,293,465,329.2,346.4,10,0,0,-1,74330,5,97,86
34,257,473,293,307,10,0,0,-1,72162,5,104,70
66,155,475,310.3,326.1,10,0,0,-1,57332,5,97,79
143,163,466,332.2,349.4,10,0,0,-1,78330,5,92,86
136,154,475,321.4,337.8,10,0,0,-1,66498,5,100,82
137,229,471,226.7,236.9,10,0,0,-1,44666,5,90,51
138,227,468,263.5,276.5,10,0,0,-1,46666,5,88,65
166,94,475,299.2,314.4,10,0,0,-1,78162,5,94,76
174,361,475,299.6,313.2,10,0,0,-1,67330,5,116,68
222,234,461,282.6,296.2,10,0,0,-1,53332,5,99,68
154,205,467,368.2,387.4,10,0,0,-1,116492,5,109,96
71,11,467,298.8,313.6,10,0,0,-1,49832,5,99,74
27,113,445,413.3,435.1,10,0,0,-1,137990,5,123,109
153,37,468,385,405,10,0,0,-1,125824,5,115,100
184,230,461,290.7,304.9,10,0,0,-1,54832,5,99,71
89,225,471,219.3,229.1,10,0,0,-1,44666,5,87,49
121,204,473,341.1,357.7,10,0,0,-1,114324,5,117,83
47,27,461,375.8,394.6,10,0,0,-1,105660,5,122,94
147,20,462,399.4,419.8,10,0,0,-1,109160,5,112,102
90,63,469,354.3,372.1,10,0,0,-1,76830,5,114,89
209,230,467,265.6,279.2,10,0,0,-1,51332,5,82,68
192,281,461,382.6,402.2,10,0,0,-1,116492,5,118,98
246,320,471,305.1,319.7,10,0,0,-1,77664,5,108,73
123,268,467,361.2,380.4,10,0,0,-1,88496,5,102,96
258,321,475,341.2,358.4,10,0,0,-1,81496,5,109,86
73,163,474,350.7,368.9,10,0,0,-1,89496,5,105,91
203,266,468,362.8,381.6,10,0,0,-1,90496,5,109,94
16,40,452,389,409,10,0,0,-1,115326,5,119,100
62,38,462,433,455,10,0,0,-1,137324,5,124,110
217,78,474,310,326,10,0,0,-1,93328,5,94,80
65,330,472,310,326,10,0,0,-1,97826,5,94,80
172,101,475,326.5,341.5,10,0,0,-1,73164,5,124,75
149,242,468,351.7,369.9,10,0,0,-1,103160,5,106,91
245,150,471,318.6,334.2,10,0,0,-1,87162,5,109,78
53,167,472,298.9,314.3,10,0,0,-1,96994,5,91,77
145,191,474,343.2,360.4,10,0,0,-1,125656,5,111,86
18,319,457,286,300,10,0,0,-1,51666,5,97,70
226,38,468,441.4,463.8,10,0,0,-1,138324,5,139,112
21,15,453,299.5,314.5,10,0,0,-1,47500,5,97,75
175,154,474,306.3,322.1,10,0,0,-1,100494,5,93,79
15,10,339,379.7,399.9,10,0,0,-1,107160,5,107,101
56,166,473,324.6,340.2,10,0,0,-1,103828,5,92,78
114,95,473,339.4,355.8,10,0,0,-1,110660,5,96,82
164,270,471,344.5,361.5,10,0,0,-1,99328,5,116,85
37,163,468,373.9,393.3,10,0,0,-1,121658,5,112,97
207,304,473,346.8,363.6,10,0,0,-1,119324,5,120,84
219,393,470,242,254,10,0,0,-1,65164,5,80,60
87,96,472,349.8,366.6,10,0,0,-1,115326,5,123,84
85,154,471,333.4,349.8,10,0,0,-1,105994,5,113,82
180,306,468,389,409,10,0,0,-1,129158,5,119,100
205,293,469,395.9,415.3,10,0,0,-1,120992,5,138,97
94,205,473,398.2,417.4,10,0,0,-1,134656,5,117,96
77,334,466,420.6,442.2,10,0,0,-1,133658,5,129,108
218,205,472,405.8,426.6,10,0,0,-1,136656,5,125,104
152,76,469,384.9,404.3,10,0,0,-1,120992,5,123,97
29,436,445,287.5,302.5,10,0,0,-1,65664,5,85,75
51,164,468,392.4,412.8,10,0,0,-1,127492,5,117,102
99,267,475,399.1,419.7,10,0,0,-1,118992,5,121,103
96,267,474,384,404,10,0,0,-1,122824,5,114,100
169,22,470,430.2,451.4,10,0,0,-1,148656,5,144,106
74,77,471,370.4,388.8,10,0,0,-1,120158,5,122,92
189,332,468,436.8,459.6,10,0,0,-1,128326,5,129,114
146,26,475,396,416,10,0,0,-1,118992,5,126,100
183,216,474,410.9,432.3,10,0,0,-1,131490,5,122,107
39,23,470,433.9,455.3,10,0,0,-1,152988,5,145,107
76,77,472,380.3,400.1,10,0,0,-1,125658,5,113,99
135,23,466,432.7,454.9,10,0,0,-1,142156,5,125,111
52,281,473,387.5,406.5,10,0,0,-1,131324,5,109,95
176,118,473,500.2,525.4,10,0,0,-1,182986,5,160,126
163,408,470,225.3,237.1,10,0,0,-1,77496,5,66,59
237,335,474,423.4,443.8,10,0,0,-1,141488,5,148,102
210,325,474,437.1,459.7,10,0,0,-1,165488,5,132,113
25,94,457,374.8,393.6,10,0,0,-1,104494,5,121,94
97,20,473,414,434,10,0,0,-1,132990,5,122,100
228,21,475,444.1,466.7,10,0,0,-1,134824,5,139,113
119,25,475,455.2,478.4,10,0,0,-1,136490,5,142,116
41,280,472,398.4,418.8,10,0,0,-1,139990,5,123,102
190,349,473,419.1,439.7,10,0,0,-1,141656,5,141,103
101,326,468,504.7,530.9,10,0,0,-1,179154,5,151,131
122,293,472,409.8,430.6,10,0,0,-1,135824,5,129,104
131,267,473,413.4,433.8,10,0,0,-1,132990,5,116,102
40,140,472,433.4,455.8,10,0,0,-1,133658,5,131,112
28,18,458,371.7,389.9,10,0,0,-1,107994,5,126,91
227,116,467,564.9,594.3,10,0,0,-1,215650,5,168,147
64,24,474,443.8,466.6,10,0,0,-1,149322,5,136,114
30,38,455,481.1,505.7,10,0,0,-1,149822,5,149,123
187,23,471,478.3,502.1,10,0,0,-1,160156,5,158,119
