demandID,SourceID,DestinationID,MinDelay,MaxDelay,Bandwidth,Ishotstandby,DelayDifference,DisjointType,WorkOptCostRangeType,MinCostDelay,MinDelayDelay
387,844,603,27,45,1,1,14.4,0,29,5,18,18
389,452,565,28.5,47.5,1,1,15.2,0,26,5,19,19
386,843,706,24,40,1,1,12.8,0,25,5,16,11
148,1032,870,42,70,1,1,22.4,0,31,5,28,28
248,333,318,36,60,1,1,19.2,0,31,5,24,21
40,135,124,27,45,1,1,14.4,0,20,5,18,18
243,805,823,40.5,67.5,1,1,21.6,0,37,5,27,27
278,138,207,52.5,87.5,1,1,28,0,39,5,35,34
164,212,126,27,45,1,1,14.4,0,25,5,18,18
356,346,376,30,50,1,1,16,0,39,5,20,20
290,298,302,52.5,87.5,1,1,28,0,37,5,35,34
300,302,75,46.5,77.5,1,1,24.8,0,48,5,31,31
174,904,557,33,55,1,1,17.6,0,20,5,22,22
344,750,491,39,65,1,1,20.8,0,35,5,26,26
285,556,455,27,45,1,1,14.4,0,19,5,18,15
182,666,697,46.5,77.5,1,1,24.8,0,42,5,31,30
329,767,845,43.5,72.5,1,1,23.2,0,43,5,29,29
264,472,525,25.5,42.5,1,1,13.6,0,35,5,17,17
169,299,25,46.5,77.5,1,1,24.8,0,33,5,31,29
303,391,395,46.5,77.5,1,1,24.8,0,55,5,31,30
155,366,0,30,50,1,1,16,0,28,5,20,20
255,145,127,61.5,102.5,1,1,32.8,0,39,5,41,41
52,223,30,40.5,67.5,1,1,21.6,0,44,5,27,24
30,840,760,42,70,1,1,22.4,0,34,5,28,28
35,186,19,67.5,112.5,1,1,36,0,43,5,45,43
265,813,519,39,65,1,1,20.8,0,23,5,26,26
74,499,647,28.5,47.5,1,1,15.2,0,29,5,19,19
149,283,225,58.5,97.5,1,1,31.2,0,27,5,39,39
6,528,521,30,50,1,1,16,0,27,5,20,20
18,780,59,48,80,1,1,25.6,0,41,5,32,32
209,389,421,49.5,82.5,1,1,26.4,0,40,5,33,31
342,615,768,51,85,1,1,27.2,0,41,5,34,34
65,598,798,51,85,1,1,27.2,0,33,5,34,34
194,470,767,45,75,1,1,24,0,32,5,30,30
83,520,587,28.5,47.5,1,1,15.2,0,28,5,19,19
143,12,324,40.5,67.5,1,1,21.6,0,35,5,27,25
288,659,693,57,95,1,1,30.4,0,54,5,38,35
228,764,844,51,85,1,1,27.2,0,44,5,34,34
102,379,431,63,105,1,1,33.6,0,48,5,42,42
41,152,61,40.5,67.5,1,1,21.6,0,35,5,27,27
53,446,1058,36,60,1,1,19.2,0,31,5,24,24
9,352,4,34.5,57.5,1,1,18.4,0,38,5,23,23
36,96,311,58.5,97.5,1,1,31.2,0,34,5,39,37
58,756,634,48,80,1,1,25.6,0,35,5,32,32
190,559,956,48,80,1,1,25.6,0,42,5,32,29
184,526,750,42,70,1,1,22.4,0,31,5,28,27
23,541,1031,37.5,62.5,1,1,20,0,25,5,25,25
337,508,504,31.5,52.5,1,1,16.8,0,38,5,21,21
279,58,248,42,70,1,1,22.4,0,39,5,28,28
116,821,740,52.5,87.5,1,1,28,0,42,5,35,35
262,822,866,46.5,77.5,1,1,24.8,0,30,5,31,31
183,31,286,37.5,62.5,1,1,20,0,24,5,25,25
377,535,1044,34.5,57.5,1,1,18.4,0,26,5,23,20
84,909,539,48,80,1,1,25.6,0,50,5,32,29
105,531,576,39,65,1,1,20.8,0,32,5,26,23
305,669,477,40.5,67.5,1,1,21.6,0,33,5,27,27
328,754,28,63,105,1,1,33.6,0,53,5,42,40
339,608,545,52.5,87.5,1,1,28,0,49,5,35,35
28,516,79,51,85,1,1,27.2,0,37,5,34,34
233,1036,848,46.5,77.5,1,1,24.8,0,44,5,31,31
380,494,651,54,90,1,1,28.8,0,49,5,36,33
301,37,631,78,130,1,1,41.6,0,57,5,52,52
4,530,928,24,40,1,1,12.8,0,21,5,16,16
246,19,1032,52.5,87.5,1,1,28,0,45,5,35,35
16,129,41,49.5,82.5,1,1,26.4,0,40,5,33,31
172,98,194,46.5,77.5,1,1,24.8,0,37,5,31,30
5,63,282,66,110,1,1,35.2,0,56,5,44,44
210,660,808,84,140,1,1,44.8,0,60,5,56,56
349,720,170,63,105,1,1,33.6,0,50,5,42,41
179,978,871,82.5,137.5,1,1,44,0,46,5,55,45
2,621,825,40.5,67.5,1,1,21.6,0,42,5,27,24
317,26,153,46.5,77.5,1,1,24.8,0,32,5,42,28
15,810,34,61.5,102.5,1,1,32.8,0,51,5,41,41
232,127,649,72,120,1,1,38.4,0,40,5,48,40
307,165,283,55.5,92.5,1,1,29.6,0,41,5,37,37
60,870,451,55.5,92.5,1,1,29.6,0,43,5,37,37
358,677,79,49.5,82.5,1,1,26.4,0,34,5,33,33
347,857,507,60,100,1,1,32,0,43,5,40,34
197,801,914,64.5,107.5,1,1,34.4,0,66,5,43,43
56,506,993,64.5,107.5,1,1,34.4,0,37,5,43,37
115,711,740,61.5,102.5,1,1,32.8,0,45,5,41,36
136,468,54,73.5,122.5,1,1,39.2,0,58,5,49,49
364,764,617,57,95,1,1,30.4,0,38,5,38,38
175,935,526,40.5,67.5,1,1,21.6,0,40,5,27,25
73,897,841,52.5,87.5,1,1,28,0,48,5,35,27
127,371,4,63,105,1,1,33.6,0,56,5,42,38
44,4,454,46.5,77.5,1,1,24.8,0,34,5,31,29
226,604,903,79.5,132.5,1,1,42.4,0,54,5,53,52
46,839,544,60,100,1,1,32,0,56,5,40,37
54,525,955,57,95,1,1,30.4,0,52,5,38,32
97,99,604,84,140,1,1,44.8,0,53,5,56,54
272,490,171,66,110,1,1,35.2,0,61,5,44,39
150,686,704,61.5,102.5,1,1,32.8,0,32,5,41,33
20,530,753,49.5,82.5,1,1,26.4,0,32,5,33,30
10,693,786,76.5,127.5,1,1,40.8,0,60,5,51,48
38,797,413,58.5,97.5,1,1,31.2,0,42,5,39,36
381,651,612,91.5,152.5,1,1,48.8,0,65,5,61,59
205,414,635,60,100,1,1,32,0,37,4,60,33
336,178,58,63,105,1,1,33.6,0,36,5,42,41
241,212,988,79.5,132.5,1,1,42.4,0,49,5,53,45
269,454,394,51,85,1,1,27.2,0,43,5,34,34
316,983,766,36,60,1,1,19.2,0,35,5,24,24
291,21,51,79.5,132.5,1,1,42.4,0,58,5,53,46
153,465,766,34.5,57.5,1,1,18.4,0,38,5,23,23
113,90,98,54,90,1,1,28.8,0,38,5,36,30
225,35,506,63,105,1,1,33.6,0,67,5,42,30
129,111,484,48,80,1,1,25.6,0,42,5,32,27
295,797,523,54,90,1,1,28.8,0,52,5,36,33
310,888,89,70.5,117.5,1,1,37.6,0,50,5,53,38
29,668,19,75,125,1,1,40,0,58,5,50,49
49,963,680,72,120,1,1,38.4,0,44,5,48,34
376,60,688,63,105,1,1,33.6,0,57,5,42,40
325,920,963,61.5,102.5,1,1,32.8,0,49,5,41,37
235,730,9,63,105,1,1,33.6,0,50,5,42,42
230,637,94,85.5,142.5,1,1,45.6,0,66,5,57,49
324,920,865,61.5,102.5,1,1,32.8,0,41,5,41,27
191,1025,615,70.5,117.5,1,1,37.6,0,39,5,47,38
66,276,915,70.5,117.5,1,1,37.6,0,52,5,47,40
173,1051,613,81,135,1,1,43.2,0,55,5,54,42
198,71,333,82.5,137.5,1,1,44,0,50,5,55,48
89,825,481,81,135,1,1,43.2,0,65,5,54,43
68,616,506,67.5,112.5,1,1,36,0,72,5,45,41
186,283,958,72,120,1,1,38.4,0,45,5,48,43
176,400,841,93,155,1,1,49.6,0,76,5,62,55
27,1042,76,51,85,1,1,27.2,0,51,5,34,33
236,670,148,82.5,137.5,1,1,44,0,55,5,55,53
123,664,1009,90,150,1,1,48,0,60,5,60,57
326,230,4,52.5,87.5,1,1,28,0,39,5,35,29
100,711,520,69,115,1,1,36.8,0,37,5,46,32
141,263,975,73.5,122.5,1,1,39.2,0,60,5,49,44
90,789,753,73.5,122.5,1,1,39.2,0,52,5,49,42
79,44,332,64.5,107.5,1,1,34.4,0,40,5,43,36
351,947,756,105,175,1,1,56,0,80,5,70,68
63,1066,62,58.5,97.5,1,1,31.2,0,62,5,39,39
161,276,615,99,165,1,1,52.8,0,60,5,66,59
312,16,801,72,120,1,1,38.4,0,60,5,48,43
332,171,709,54,90,1,1,28.8,0,59,5,36,36
158,131,177,82.5,137.5,1,1,44,0,40,5,55,49
263,455,924,57,95,1,1,30.4,0,44,5,38,35
367,884,198,97.5,162.5,1,1,52,0,51,5,65,62
3,16,1020,60,100,1,1,32,0,47,5,40,33
108,925,28,81,135,1,1,43.2,0,53,5,54,53
220,526,369,63,105,1,1,33.6,0,60,5,42,35
181,659,1062,94.5,157.5,1,1,50.4,0,75,5,63,57
234,727,766,94.5,157.5,1,1,50.4,0,65,5,63,55
45,248,199,61.5,102.5,1,1,32.8,0,32,5,41,32
224,161,475,94.5,157.5,1,1,50.4,0,56,5,63,56
134,856,307,73.5,122.5,1,1,39.2,0,65,5,49,49
67,24,35,105,175,1,1,56,0,71,5,70,59
1,71,385,87,145,1,1,46.4,0,78,5,58,47
140,10,985,60,100,1,1,32,0,42,5,40,33
250,931,216,88.5,147.5,1,1,47.2,0,58,5,59,54
125,8,564,79.5,132.5,1,1,42.4,0,48,5,53,43
43,656,103,96,160,1,1,51.2,0,60,5,64,62
359,766,198,93,155,1,1,49.6,0,59,5,62,58
223,823,922,31.5,52.5,1,1,16.8,0,36,5,21,21
24,155,593,100.5,167.5,1,1,53.6,0,63,5,67,58
213,587,529,55.5,92.5,1,1,29.6,0,38,5,37,30
94,129,416,87,145,1,1,46.4,0,55,5,58,50
80,309,981,99,165,1,1,52.8,0,70,5,82,61
201,370,718,106.5,177.5,1,1,56.8,0,76,5,71,69
330,821,779,73.5,122.5,1,1,39.2,0,53,5,49,46
88,615,683,91.5,152.5,1,1,48.8,0,77,5,61,58
126,664,227,93,155,1,1,49.6,0,69,5,62,61
293,532,230,90,150,1,1,48,0,54,5,60,57
365,983,867,87,145,1,1,46.4,0,61,5,58,53
120,807,688,70.5,117.5,1,1,37.6,0,44,5,47,39
62,772,387,84,140,1,1,44.8,0,82,5,56,56
81,502,198,112.5,187.5,1,1,60,0,74,5,75,72
227,1003,62,58.5,97.5,1,1,31.2,0,63,5,39,39
109,164,996,79.5,132.5,1,1,42.4,0,42,5,53,42
335,696,387,103.5,172.5,1,1,55.2,0,85,5,69,58
286,344,905,114,190,1,1,60.8,0,63,5,76,74
371,481,485,79.5,132.5,1,1,42.4,0,53,5,53,48
268,732,650,93,155,1,1,49.6,0,66,5,62,50
162,974,31,93,155,1,1,49.6,0,48,5,62,61
189,891,848,85.5,142.5,1,1,45.6,0,67,5,57,55
343,713,507,84,140,1,1,44.8,0,69,5,56,55
128,793,991,112.5,187.5,1,1,60,0,71,5,87,73
297,688,526,93,155,1,1,49.6,0,67,5,62,47
39,894,395,51,85,1,1,27.2,0,50,5,34,34
372,990,478,79.5,132.5,1,1,42.4,0,68,5,53,47
130,636,434,78,130,1,1,41.6,0,61,5,52,46
33,1063,1035,73.5,122.5,1,1,39.2,0,56,5,49,44
76,210,1055,115.5,192.5,1,1,61.6,0,74,5,77,60
70,534,914,81,135,1,1,43.2,0,72,5,54,50
142,518,18,81,135,1,1,43.2,0,56,5,54,48
388,588,475,84,140,1,1,44.8,0,63,5,56,45
370,606,506,88.5,147.5,1,1,47.2,0,73,5,59,58
121,733,1013,102,170,1,1,54.4,0,61,5,68,51
85,504,544,94.5,157.5,1,1,50.4,0,77,5,63,52
369,72,462,66,110,1,1,35.2,0,49,5,44,37
309,281,935,124.5,207.5,1,1,66.4,0,75,5,83,73
69,423,469,105,175,1,1,56,0,71,5,70,68
196,968,181,94.5,157.5,1,1,50.4,0,63,5,63,58
107,848,176,100.5,167.5,1,1,53.6,0,79,5,67,66
245,943,780,82.5,137.5,1,1,44,0,68,5,55,44
64,779,665,111,185,1,1,59.2,0,65,5,74,73
157,984,59,84,140,1,1,44.8,0,76,5,56,55
221,930,757,106.5,177.5,1,1,56.8,0,75,5,71,64
167,58,472,105,175,1,1,56,0,58,5,70,56
296,216,981,120,200,1,1,64,0,82,5,96,73
106,610,340,76.5,127.5,1,1,40.8,0,67,5,51,51
139,609,754,106.5,177.5,1,1,56.8,0,70,5,71,64
231,894,696,76.5,127.5,1,1,40.8,0,63,5,51,48
75,1005,937,88.5,147.5,1,1,47.2,0,69,5,65,51
289,70,263,76.5,127.5,1,1,40.8,0,56,5,51,42
360,324,890,99,165,1,1,52.8,0,71,5,66,54
200,461,71,76.5,127.5,1,1,40.8,0,53,5,51,48
229,1044,145,85.5,142.5,1,1,45.6,0,68,5,57,56
261,911,190,81,135,1,1,43.2,0,60,5,54,51
251,387,1068,100.5,167.5,1,1,53.6,0,73,5,67,61
124,475,302,105,175,1,1,56,0,78,5,70,69
104,885,694,102,170,1,1,54.4,0,70,5,68,62
131,853,666,108,180,1,1,57.6,0,91,5,72,69
188,52,1032,94.5,157.5,1,1,50.4,0,59,5,63,51
357,563,37,73.5,122.5,1,1,39.2,0,49,5,49,48
320,290,722,123,205,1,1,65.6,0,72,5,82,60
273,170,423,90,150,1,1,48,0,75,5,60,48
96,413,289,129,215,1,1,68.8,0,59,5,86,73
271,551,286,90,150,1,1,48,0,50,5,60,59
193,943,372,75,125,1,1,40,0,54,5,50,37
375,786,38,84,140,1,1,44.8,0,65,5,56,52
253,74,789,99,165,1,1,52.8,0,80,5,66,64
382,469,27,84,140,1,1,44.8,0,50,5,56,51
383,482,63,78,130,1,1,41.6,0,61,5,52,42
51,530,153,93,155,1,1,49.6,0,58,5,62,58
282,164,752,99,165,1,1,52.8,0,52,5,66,54
187,720,905,139.5,232.5,1,1,74.4,0,88,5,93,90
138,674,786,84,140,1,1,44.8,0,59,5,56,53
156,888,761,82.5,137.5,1,1,44,0,58,5,55,42
151,352,243,121.5,202.5,1,1,64.8,0,74,5,81,65
218,766,849,106.5,177.5,1,1,56.8,0,80,5,71,67
331,374,642,118.5,197.5,1,1,63.2,0,84,5,79,63
152,430,658,121.5,202.5,1,1,64.8,0,82,5,81,65
133,959,511,84,140,1,1,44.8,0,74,5,56,53
237,603,47,85.5,142.5,1,1,45.6,0,59,5,57,53
249,1067,96,82.5,137.5,1,1,44,0,64,5,55,54
294,909,975,88.5,147.5,1,1,47.2,0,62,5,59,55
217,520,680,75,125,1,1,40,0,54,5,50,46
57,798,655,69,115,1,1,36.8,0,51,5,46,40
117,376,538,109.5,182.5,1,1,58.4,0,83,5,73,71
21,795,25,82.5,137.5,1,1,44,0,58,5,55,49
256,296,814,91.5,152.5,1,1,48.8,0,70,5,61,54
379,508,258,97.5,162.5,1,1,52,0,70,5,65,59
72,728,89,132,220,1,1,70.4,0,80,5,94,74
363,866,0,69,115,1,1,36.8,0,48,5,46,37
178,938,361,72,120,1,1,38.4,0,59,5,48,39
171,541,1066,75,125,1,1,40,0,65,5,50,47
180,154,849,109.5,182.5,1,1,58.4,0,77,5,73,66
302,162,526,117,195,1,1,62.4,0,67,5,78,59
384,786,740,96,160,1,1,51.2,0,61,5,64,62
366,969,392,72,120,1,1,38.4,0,67,5,48,40
207,677,610,100.5,167.5,1,1,53.6,0,68,5,67,55
292,785,472,97.5,162.5,1,1,52,0,64,5,65,54
111,655,974,109.5,182.5,1,1,58.4,0,54,5,73,63
211,436,79,114,190,1,1,60.8,0,67,5,76,62
318,471,318,99,165,1,1,52.8,0,57,5,66,55
165,102,1011,103.5,172.5,1,1,55.2,0,53,5,69,51
299,835,626,100.5,167.5,1,1,53.6,0,66,5,67,64
260,554,258,114,190,1,1,60.8,0,71,5,75,68
8,333,416,102,170,1,1,54.4,0,57,5,68,57
313,941,649,85.5,142.5,1,1,45.6,0,54,5,57,51
145,161,758,108,180,1,1,57.6,0,55,5,72,65
110,375,486,111,185,1,1,59.2,0,84,5,74,64
215,785,21,96,160,1,1,51.2,0,79,5,64,55
341,871,961,99,165,1,1,52.8,0,67,5,66,62
206,322,867,120,200,1,1,64,0,65,5,80,67
55,835,599,99,165,1,1,52.8,0,64,5,66,55
137,534,12,73.5,122.5,1,1,39.2,0,50,5,49,41
340,470,1042,90,150,1,1,48,0,69,5,60,57
61,1011,847,114,190,1,1,60.8,0,75,5,87,71
103,332,745,100.5,167.5,1,1,53.6,0,62,5,67,58
306,1053,258,100.5,167.5,1,1,53.6,0,72,5,67,63
37,603,478,82.5,137.5,1,1,44,0,66,5,55,49
77,236,411,100.5,167.5,1,1,53.6,0,61,5,67,60
238,362,152,112.5,187.5,1,1,60,0,66,5,75,61
368,597,63,97.5,162.5,1,1,52,0,72,5,65,63
374,6,750,112.5,187.5,1,1,60,0,66,5,75,64
252,212,941,129,215,1,1,68.8,0,60,5,86,63
160,54,403,127.5,212.5,1,1,68,0,76,5,85,81
212,882,307,132,220,1,1,70.4,0,82,5,88,87
214,487,355,102,170,1,1,54.4,0,80,5,68,47
258,186,796,132,220,1,1,70.4,0,73,5,88,68
354,755,453,93,155,1,1,49.6,0,59,5,62,51
355,339,309,120,200,1,1,64,0,78,5,80,66
144,817,257,118.5,197.5,1,1,63.2,0,78,5,79,77
42,908,368,82.5,137.5,1,1,44,0,69,5,55,47
222,920,270,63,105,1,1,33.6,0,49,5,42,40
159,779,985,111,185,1,1,59.2,0,73,5,74,71
219,611,75,93,155,1,1,49.6,0,65,5,62,54
31,756,105,105,175,1,1,56,0,67,5,70,61
50,795,604,114,190,1,1,60.8,0,72,5,76,71
298,343,228,114,190,1,1,60.8,0,81,5,76,62
319,574,896,112.5,187.5,1,1,60,0,83,5,75,69
283,105,512,93,155,1,1,49.6,0,46,5,62,46
308,75,531,115.5,192.5,1,1,61.6,0,73,5,77,68
101,817,281,133.5,222.5,1,1,71.2,0,85,5,107,84
17,445,120,109.5,182.5,1,1,58.4,0,85,5,73,59
202,868,267,85.5,142.5,1,1,45.6,0,53,5,57,53
7,759,373,94.5,157.5,1,1,50.4,0,86,5,63,56
135,94,444,99,165,1,1,52.8,0,70,5,66,46
353,983,959,103.5,172.5,1,1,55.2,0,75,5,69,58
92,196,402,117,195,1,1,62.4,0,64,5,78,72
192,536,812,109.5,182.5,1,1,58.4,0,68,5,73,54
168,233,565,126,210,1,1,67.2,0,72,5,84,67
14,337,175,121.5,202.5,1,1,64.8,0,57,5,81,65
274,670,575,114,190,1,1,60.8,0,80,5,76,62
373,521,696,93,155,1,1,49.6,0,69,5,62,50
19,726,664,144,240,1,1,76.8,0,75,5,96,82
239,486,1017,126,210,1,1,67.2,0,79,5,84,68
247,148,627,135,225,1,1,72,0,66,5,90,76
177,991,807,114,190,1,1,60.8,0,70,5,76,65
166,471,926,94.5,157.5,1,1,50.4,0,56,5,63,52
0,54,346,105,175,1,1,56,0,87,5,70,59
254,801,925,127.5,212.5,1,1,68,0,84,5,85,73
322,368,275,115.5,192.5,1,1,61.6,0,78,5,77,61
311,402,449,94.5,157.5,1,1,50.4,0,69,5,63,56
346,1053,441,118.5,197.5,1,1,63.2,0,100,5,79,67
287,645,781,103.5,172.5,1,1,55.2,0,56,5,69,58
95,356,318,114,190,1,1,60.8,0,69,5,76,60
98,824,234,55.5,92.5,1,1,29.6,0,37,5,37,37
34,236,410,114,190,1,1,60.8,0,67,5,76,57
118,431,521,129,215,1,1,68.8,0,75,5,86,71
257,852,33,111,185,1,1,59.2,0,58,5,74,63
333,706,609,114,190,1,1,60.8,0,70,5,76,65
242,486,224,124.5,207.5,1,1,66.4,0,83,5,83,72
240,417,284,112.5,187.5,1,1,60,0,77,5,75,61
321,903,154,120,200,1,1,64,0,81,5,80,76
122,533,947,97.5,162.5,1,1,52,0,73,5,65,55
93,58,412,123,205,1,1,65.6,0,72,5,82,68
119,928,914,100.5,167.5,1,1,53.6,0,75,5,67,57
334,608,147,130.5,217.5,1,1,69.6,0,74,5,87,82
78,1008,18,93,155,1,1,49.6,0,72,5,62,53
385,564,120,106.5,177.5,1,1,56.8,0,79,5,71,61
338,25,530,126,210,1,1,67.2,0,66,5,84,69
25,972,67,105,175,1,1,56,0,79,5,70,50
59,809,275,118.5,197.5,1,1,63.2,0,70,5,79,74
185,936,750,132,220,1,1,70.4,0,82,5,88,77
154,555,766,115.5,192.5,1,1,61.6,0,80,5,77,69
259,714,177,118.5,197.5,1,1,63.2,0,72,5,79,65
352,425,731,132,220,1,1,70.4,0,82,5,88,72
204,520,731,117,195,1,1,62.4,0,67,5,78,72
208,234,474,109.5,182.5,1,1,58.4,0,62,5,73,57
132,884,462,99,165,1,1,52.8,0,64,5,66,58
345,852,92,135,225,1,1,72,0,66,5,90,75
284,928,340,90,150,1,1,48,0,65,5,60,51
22,881,426,94.5,157.5,1,1,50.4,0,80,5,63,52
362,532,181,118.5,197.5,1,1,63.2,0,67,5,79,73
350,1019,909,115.5,192.5,1,1,61.6,0,78,5,77,63
12,1035,423,87,145,1,1,46.4,0,75,5,58,49
267,539,272,96,160,1,1,51.2,0,74,5,64,60
82,24,804,133.5,222.5,1,1,71.2,0,77,5,89,71
270,728,71,135,225,1,1,72,0,85,5,90,76
195,623,450,108,180,1,1,57.6,0,67,5,72,60
71,984,812,136.5,227.5,1,1,72.8,0,102,5,91,72
11,840,688,108,180,1,1,57.6,0,72,5,72,66
323,73,402,136.5,227.5,1,1,72.8,0,83,5,91,76
348,430,351,42,70,1,1,22.4,0,42,5,28,28
266,380,795,138,230,1,1,73.6,0,87,5,92,76
277,601,133,120,200,1,1,64,0,65,5,80,64
244,671,722,136.5,227.5,1,1,72.8,0,95,5,91,74
163,998,188,135,225,1,1,72,0,93,5,90,86
147,399,573,120,200,1,1,64,0,80,5,80,66
199,642,92,124.5,207.5,1,1,66.4,0,77,5,83,68
275,809,307,132,220,1,1,70.4,0,87,5,88,85
86,826,107,126,210,1,1,67.2,0,77,5,84,78
13,937,1018,105,175,1,1,56,0,74,5,70,64
280,1015,559,118.5,197.5,1,1,63.2,0,80,5,79,56
87,1008,224,123,205,1,1,65.6,0,89,5,82,68
276,993,768,136.5,227.5,1,1,72.8,0,87,5,91,77
91,387,286,132,220,1,1,70.4,0,88,5,88,72
216,826,963,130.5,217.5,1,1,69.6,0,77,5,87,76
146,396,462,144,240,1,1,76.8,0,90,5,96,75
99,471,682,103.5,172.5,1,1,55.2,0,71,5,69,56
32,728,267,130.5,217.5,1,1,69.6,0,77,5,87,73
48,866,431,120,200,1,1,64,0,85,5,80,71
281,376,73,156,260,1,1,83.2,0,100,5,104,86
114,707,181,133.5,222.5,1,1,71.2,0,78,5,89,72
26,1055,844,138,230,1,1,73.6,0,86,5,92,76
47,578,38,129,215,1,1,68.8,0,91,5,86,72
