demandID,SourceID,DestinationID,MinDelay,MaxDelay,Bandwidth,Ishotstandby,DelayDifference,DisjointType,WorkOptCostRangeType,MinCostDelay,MinDelayDelay
137,62,474,173.8,182.6,10,0,0,-1,18000,5,55,44
3,398,475,49,50,10,0,0,-1,24332,3,51,41
6,273,469,144.6,145.8,10,0,0,-1,55996,3,147,135
1,180,470,61.8,62.9,10,0,0,-1,16000,3,64,53
8,199,473,113.6,114.8,10,0,0,-1,49996,3,127,104
47,92,467,183.4,191.8,10,0,0,-1,18000,5,76,42
174,193,473,162.7,170.9,10,0,0,-1,17000,5,62,41
5,361,469,80.8,81.9,10,0,0,-1,22666,5,79,72
4,77,470,125.4,126.7,10,0,0,-1,47664,3,128,115
90,62,475,177.5,186.5,10,0,0,-1,20000,5,56,45
139,1,459,192.3,202.1,10,0,0,-1,17500,5,60,49
69,398,475,161.7,169.9,10,0,0,-1,25666,5,51,41
38,180,470,207.1,217.7,10,0,0,-1,18500,5,64,53
117,216,456,236.7,248.9,10,0,0,-1,32500,5,61,61
23,263,457,255.2,268.4,10,0,0,-1,37832,5,77,66
182,104,472,202.7,212.9,10,0,0,-1,20000,5,65,51
97,308,471,212.4,222.8,10,0,0,-1,26166,5,53,52
36,2,473,214.5,225.5,10,0,0,-1,27166,5,76,55
7,20,470,134.6,135.8,10,0,0,-1,54330,3,137,125
156,117,457,247.1,259.7,10,0,0,-1,37332,5,77,63
120,39,475,196,206,10,0,0,-1,29666,5,61,50
95,146,470,236.4,248.8,10,0,0,-1,39332,5,62,62
67,63,461,188.6,198.2,10,0,0,-1,29666,5,68,48
48,60,461,196,206,10,0,0,-1,25500,5,70,50
179,362,456,247.5,260.5,10,0,0,-1,38332,5,72,65
180,351,470,206.8,217.6,10,0,0,-1,21000,5,61,54
113,316,470,210.5,221.5,10,0,0,-1,21000,5,62,55
62,301,463,203,213,10,0,0,-1,39998,5,60,50
83,262,456,281.1,295.7,10,0,0,-1,56998,5,84,73
145,4,458,258.9,272.3,10,0,0,-1,43498,5,78,67
44,65,458,258.9,272.3,10,0,0,-1,45998,5,78,67
127,341,469,206.1,216.7,10,0,0,-1,20000,5,59,53
77,27,471,252,264,10,0,0,-1,34166,5,72,60
2,237,472,161.8,162.9,10,0,0,-1,72328,3,164,153
169,255,456,321.8,338.6,10,0,0,-1,62998,5,95,84
76,104,475,221.2,232.4,10,0,0,-1,25000,5,70,56
105,329,471,237.3,249.1,10,0,0,-1,28666,5,78,59
166,169,474,224.9,236.3,10,0,0,-1,25000,5,71,57
133,106,468,252,264,10,0,0,-1,32666,5,90,60
176,117,468,248.3,260.1,10,0,0,-1,39332,5,89,59
33,181,475,229.3,241.1,10,0,0,-1,25000,5,70,59
85,340,470,268.7,282.9,10,0,0,-1,33166,5,77,71
63,108,462,284.5,299.5,10,0,0,-1,45998,5,82,75
119,242,459,244.1,256.7,10,0,0,-1,38166,5,88,63
170,242,459,244.1,256.7,10,0,0,-1,38166,5,88,63
74,58,459,244.1,256.7,10,0,0,-1,44832,5,88,63
157,438,470,262.3,276.1,10,0,0,-1,34666,5,76,69
66,37,468,257.2,270.4,10,0,0,-1,28500,5,79,66
94,438,471,267.9,281.3,10,0,0,-1,34666,5,68,67
185,172,466,243.3,255.1,10,0,0,-1,40832,5,84,59
81,89,466,247,259,10,0,0,-1,47498,5,85,60
167,88,466,250.7,262.9,10,0,0,-1,54164,5,86,61
132,406,458,280.7,294.9,10,0,0,-1,45998,5,89,71
98,159,471,270.5,283.5,10,0,0,-1,39166,5,65,65
165,4,471,296.4,310.8,10,0,0,-1,49998,5,102,72
160,365,471,245.7,257.9,10,0,0,-1,33666,5,62,61
31,173,458,286.5,301.5,10,0,0,-1,52498,5,98,75
148,362,472,273.4,287.8,10,0,0,-1,37332,5,79,72
84,181,464,255.2,268.4,10,0,0,-1,28500,5,77,66
99,15,466,244.8,257.6,10,0,0,-1,31500,5,72,64
107,203,471,274.2,287.4,10,0,0,-1,42832,5,78,66
35,86,460,268.3,282.1,10,0,0,-1,59664,5,93,69
32,71,467,279.6,293.2,10,0,0,-1,33500,5,102,68
71,6,457,344,362,10,0,0,-1,65330,5,101,90
75,191,469,285.1,299.7,10,0,0,-1,43332,5,88,73
18,28,442,276.3,290.1,10,0,0,-1,49832,5,90,69
92,136,460,278.7,292.9,10,0,0,-1,47998,5,98,71
96,216,475,281.1,295.7,10,0,0,-1,35500,5,73,73
60,207,468,279.4,293.8,10,0,0,-1,38166,5,85,72
183,391,471,241,253,10,0,0,-1,33666,5,79,60
56,213,468,283.1,297.7,10,0,0,-1,44832,5,86,73
134,107,466,280.3,294.1,10,0,0,-1,44832,5,94,69
172,397,471,255.8,268.6,10,0,0,-1,33666,5,83,64
142,123,458,299.6,315.2,10,0,0,-1,57498,5,78,78
70,31,457,344,362,10,0,0,-1,67830,5,101,90
108,113,458,308.7,324.9,10,0,0,-1,55998,5,104,81
93,160,470,295.6,311.2,10,0,0,-1,49332,5,78,78
178,5,474,332.9,350.3,10,0,0,-1,63164,5,98,87
82,339,471,333.5,350.5,10,0,0,-1,48332,5,85,85
184,205,469,274,288,10,0,0,-1,32500,5,81,70
91,229,468,287.3,301.1,10,0,0,-1,43166,5,96,69
27,152,456,429.1,451.7,10,0,0,-1,125326,5,124,113
41,4,463,349.3,367.1,10,0,0,-1,62498,5,98,89
109,59,463,282.7,296.9,10,0,0,-1,45666,5,82,71
87,256,458,347.7,365.9,10,0,0,-1,66664,5,102,91
100,53,470,276.7,290.9,10,0,0,-1,43832,5,89,71
88,183,475,314.4,330.8,10,0,0,-1,52332,5,93,82
104,87,472,295.2,310.4,10,0,0,-1,64330,5,90,76
51,343,471,286.4,300.8,10,0,0,-1,39666,5,73,72
136,214,471,301.5,316.5,10,0,0,-1,41166,5,99,75
152,163,470,314.1,330.7,10,0,0,-1,45666,5,101,83
158,122,474,307,323,10,0,0,-1,52332,5,80,80
0,43,290,178.4,179.2,10,0,0,-1,70162,3,180,172
124,13,458,321.8,338.6,10,0,0,-1,48166,5,95,84
89,188,466,328.9,346.3,10,0,0,-1,71830,5,94,87
164,67,462,328.5,345.5,10,0,0,-1,62664,5,99,85
80,392,469,265.3,279.1,10,0,0,-1,39332,5,79,69
59,45,467,338.8,355.6,10,0,0,-1,53332,5,118,84
45,184,475,355.1,373.7,10,0,0,-1,64998,5,104,93
150,381,470,357.5,376.5,10,0,0,-1,67164,5,101,95
50,228,466,315.6,331.2,10,0,0,-1,53332,5,100,78
177,215,473,319.4,335.8,10,0,0,-1,39500,5,93,82
24,109,475,287.8,302.6,10,0,0,-1,56498,5,88,74
106,163,475,318.1,334.7,10,0,0,-1,50666,5,94,83
54,83,463,327.1,343.7,10,0,0,-1,53166,5,94,83
103,232,466,329.9,347.3,10,0,0,-1,54332,5,95,87
28,10,456,421.7,443.9,10,0,0,-1,111994,5,122,111
128,361,469,277.4,291.8,10,0,0,-1,40166,5,79,72
86,422,471,371.5,390.5,10,0,0,-1,72164,5,96,95
125,106,464,317.4,333.8,10,0,0,-1,50166,5,96,82
143,186,460,367.5,386.5,10,0,0,-1,80830,5,122,95
79,89,464,317.4,333.8,10,0,0,-1,63498,5,96,82
78,70,465,317,333,10,0,0,-1,48166,5,101,80
116,87,473,310,326,10,0,0,-1,67830,5,94,80
114,149,475,381,401,10,0,0,-1,84830,5,111,100
12,28,454,307,323,10,0,0,-1,51332,5,91,80
72,0,474,334.2,351.4,10,0,0,-1,45000,5,97,86
39,46,471,353.3,371.1,10,0,0,-1,48666,5,113,89
53,153,456,455,479,10,0,0,-1,143824,5,131,120
110,432,469,347.7,365.9,10,0,0,-1,76830,5,98,91
58,101,471,357,375,10,0,0,-1,63998,5,114,90
57,0,473,334.2,351.4,10,0,0,-1,44500,5,97,86
102,422,469,381,401,10,0,0,-1,77164,5,107,100
122,0,469,346.5,363.5,10,0,0,-1,45000,5,108,85
22,122,455,366.2,385.4,10,0,0,-1,62332,5,96,96
151,131,471,342.1,358.7,10,0,0,-1,51666,5,113,83
11,120,449,335.9,353.3,10,0,0,-1,46500,5,87,87
26,127,467,392.8,413.6,10,0,0,-1,80830,5,112,104
138,228,473,356.4,374.8,10,0,0,-1,60332,5,103,92
149,45,469,392.4,412.8,10,0,0,-1,63832,5,113,102
37,259,461,410.6,432.2,10,0,0,-1,96162,5,128,108
34,232,471,368.1,386.7,10,0,0,-1,60332,5,117,93
42,164,470,377,397,10,0,0,-1,61832,5,118,100
73,348,471,355.7,373.9,10,0,0,-1,64998,5,110,91
153,139,471,375.5,394.5,10,0,0,-1,60332,5,100,95
61,155,458,455,479,10,0,0,-1,110828,5,131,120
159,219,470,399.2,420.4,10,0,0,-1,71498,5,113,106
14,307,444,334,350,10,0,0,-1,56832,5,112,80
43,142,464,390.4,410.8,10,0,0,-1,64332,5,110,102
155,108,473,354,372,10,0,0,-1,61998,5,111,90
173,130,469,368.7,386.9,10,0,0,-1,62832,5,114,91
126,67,475,366.6,384.2,10,0,0,-1,76664,5,124,88
40,8,459,448.8,471.6,10,0,0,-1,105662,5,141,114
49,115,472,354.4,372.8,10,0,0,-1,70664,5,106,92
140,384,469,394.8,415.6,10,0,0,-1,83830,5,110,104
181,199,473,396.8,417.6,10,0,0,-1,77830,5,127,104
115,42,463,415.9,437.3,10,0,0,-1,83330,5,118,107
21,157,453,336.6,354.2,10,0,0,-1,46000,5,99,88
130,337,471,400.1,420.7,10,0,0,-1,75164,5,103,103
64,44,471,434.7,456.9,10,0,0,-1,74498,5,135,111
13,200,450,421.7,443.9,10,0,0,-1,88996,5,122,111
29,174,464,365.5,384.5,10,0,0,-1,77664,5,109,95
19,253,451,384.7,404.9,10,0,0,-1,60166,5,112,101
17,243,451,377.3,397.1,10,0,0,-1,66832,5,110,99
129,34,458,403.2,424.4,10,0,0,-1,93328,5,117,106
168,396,470,298.2,313.4,10,0,0,-1,47832,5,93,76
154,224,456,477.2,502.4,10,0,0,-1,136992,5,142,126
112,259,470,399.2,420.4,10,0,0,-1,88162,5,124,106
30,199,465,404.2,425.4,10,0,0,-1,82330,5,118,106
118,199,465,404.2,425.4,10,0,0,-1,82330,5,118,106
15,158,452,340.8,357.6,10,0,0,-1,48500,5,103,84
65,175,470,376.2,395.4,10,0,0,-1,81330,5,117,96
141,99,474,416.7,438.9,10,0,0,-1,87830,5,117,111
46,321,470,402.9,424.3,10,0,0,-1,87330,5,114,107
146,98,470,395.5,416.5,10,0,0,-1,82330,5,105,105
121,140,469,392.4,412.8,10,0,0,-1,70498,5,117,102
162,286,466,377.5,396.5,10,0,0,-1,79996,5,121,95
16,366,444,346.2,363.4,10,0,0,-1,48500,5,114,86
144,285,471,419.6,441.2,10,0,0,-1,85830,5,128,108
25,141,469,440.5,463.5,10,0,0,-1,77498,5,130,115
123,10,458,443.9,467.3,10,0,0,-1,107494,5,128,117
101,346,471,417.9,439.3,10,0,0,-1,84664,5,110,107
163,18,464,423.7,445.9,10,0,0,-1,95162,5,124,111
147,129,465,402.1,422.7,10,0,0,-1,98328,5,124,103
52,152,471,488.8,513.6,10,0,0,-1,127826,5,154,124
131,127,466,445.7,467.9,10,0,0,-1,111660,5,146,111
111,77,470,438.5,461.5,10,0,0,-1,108994,5,128,115
10,74,449,439.5,462.5,10,0,0,-1,99162,5,115,115
171,33,472,474.8,499.6,10,0,0,-1,113494,5,135,124
20,386,447,427.8,450.6,10,0,0,-1,99328,5,120,114
135,235,468,501.4,527.8,10,0,0,-1,127826,5,145,132
186,153,459,506.8,533.6,10,0,0,-1,153990,5,145,134
175,224,466,482.1,506.7,10,0,0,-1,131492,5,150,123
55,9,469,496.4,520.8,10,0,0,-1,125826,5,158,122
9,182,385,510.5,537.5,10,0,0,-1,130160,5,146,135
68,127,470,497.2,522.4,10,0,0,-1,129326,5,157,126
161,20,470,474.5,499.5,10,0,0,-1,124326,5,137,125
