demandID,SourceID,DestinationID,MinDelay,MaxDelay,Bandwidth,Ishotstandby,DelayDifference,DisjointType,WorkOptCostRangeType,MinCostDelay,MinDelayDelay
40,1134,2041,185.6,195.2,10,1,0,0,26166,5,56,48
149,892,2080,171.1,179.7,10,1,0,0,18500,5,58,43
86,1065,2036,181.3,189.1,10,1,0,0,16500,5,76,39
85,1915,2009,205.7,215.9,10,1,0,0,29666,5,68,51
105,1316,2027,199.7,209.9,10,1,0,0,28166,5,51,51
94,1117,1999,237.7,249.9,10,1,0,0,22000,5,63,61
125,1276,2032,205.4,215.8,10,1,0,0,28666,5,74,52
55,1180,2049,251.2,264.4,10,1,0,0,28666,5,73,66
145,1428,2081,232.3,244.1,10,1,0,0,39498,5,65,59
139,266,2075,298.6,314.2,10,1,0,0,60830,5,88,78
148,1155,2077,221.2,232.4,10,1,0,0,28666,5,70,56
136,1128,2079,246.8,259.6,10,1,0,0,31666,5,74,64
75,1898,2067,246.5,259.5,10,1,0,0,25000,5,71,65
39,1077,2017,237.9,249.3,10,1,0,0,39332,5,84,57
106,787,2008,253.1,265.7,10,1,0,0,54164,5,78,63
49,754,2007,256.2,269.4,10,1,0,0,47998,5,78,66
120,1430,2011,239.9,251.3,10,1,0,0,28166,5,86,57
116,1738,2012,274.3,288.1,10,1,0,0,26000,5,88,69
93,592,2027,252.2,265.4,10,1,0,0,31166,5,74,66
36,483,341,273.2,286.4,10,1,0,0,69330,5,95,66
65,1768,2049,279.1,293.7,10,1,0,0,50664,5,102,73
133,1287,2087,258.7,270.9,10,1,0,0,32166,5,61,61
100,764,2030,268,282,10,1,0,0,34666,5,79,70
141,1392,2091,264.3,278.1,10,1,0,0,52164,5,69,69
52,751,2067,245.1,257.7,10,1,0,0,26000,5,75,63
128,1730,2004,242.4,254.8,10,1,0,0,25500,5,76,62
64,312,2037,270.3,284.1,10,1,0,0,38332,5,84,69
109,1820,2007,331.5,348.5,10,1,0,0,42166,5,102,85
131,230,2024,267,281,10,1,0,0,28000,5,70,70
150,1078,2087,253.8,266.6,10,1,0,0,33166,5,66,64
102,771,2023,324.3,340.1,10,1,0,0,61330,5,111,79
42,87,2013,304,318,10,1,0,0,39666,5,115,70
104,960,2013,294.2,307.4,10,1,0,0,43332,5,135,66
44,947,2004,244.4,256.8,10,1,0,0,27000,5,77,62
132,1312,2064,279.4,293.8,10,1,0,0,45832,5,72,72
152,1957,2082,339.4,355.8,10,1,0,0,54664,5,118,82
134,806,2088,278.4,292.8,10,1,0,0,45498,5,84,72
51,1973,2027,303,319,10,1,0,0,29000,5,87,80
47,1079,2005,262.9,276.3,10,1,0,0,30000,5,69,67
50,1704,2042,269.7,283.9,10,1,0,0,35166,5,78,71
74,414,2056,309.9,325.3,10,1,0,0,39666,5,100,77
63,1526,2042,284.5,299.5,10,1,0,0,35166,5,82,75
83,767,1998,319.1,335.7,10,1,0,0,36166,5,95,83
82,851,2048,308.2,323.4,10,1,0,0,49498,5,108,76
62,1407,2060,279.4,293.8,10,1,0,0,42832,5,85,72
119,1672,2016,296.9,310.3,10,1,0,0,39666,5,99,67
138,1524,2092,294.2,309.4,10,1,0,0,50498,5,89,76
87,1742,2008,343.3,359.1,10,1,0,0,59164,5,113,79
66,936,2069,300.6,316.2,10,1,0,0,47998,5,78,78
57,385,2023,322.5,339.5,10,1,0,0,43166,5,85,85
122,158,2066,323.1,339.7,10,1,0,0,58164,5,99,83
110,98,2028,325.5,342.5,10,1,0,0,33000,5,96,85
144,496,2092,315.1,331.7,10,1,0,0,63830,5,83,83
88,1646,2066,310.3,326.1,10,1,0,0,37166,5,109,79
143,889,2089,262.8,273.6,10,1,0,0,37332,5,82,54
79,155,2018,286.1,300.7,10,1,0,0,37666,5,92,73
43,781,2014,352.4,370.8,10,1,0,0,54998,5,107,92
78,1806,2043,320.8,337.6,10,1,0,0,43166,5,92,84
113,1210,2004,289.8,304.6,10,1,0,0,30000,5,90,74
123,1000,2053,321.1,337.7,10,1,0,0,44832,5,97,83
97,1896,2041,335.2,352.4,10,1,0,0,46832,5,103,86
108,1874,2048,341,359,10,1,0,0,43166,5,118,90
67,778,1998,311.7,327.9,10,1,0,0,33000,5,96,81
147,105,2088,320.8,337.6,10,1,0,0,40166,5,94,84
84,477,2030,348.6,366.2,10,1,0,0,44666,5,111,88
61,310,2013,334.9,350.3,10,1,0,0,47332,5,111,77
127,890,2063,289.5,304.5,10,1,0,0,46998,5,87,75
72,1855,2003,320.1,336.7,10,1,0,0,48832,5,83,83
77,937,2001,315.4,331.8,10,1,0,0,60164,5,82,82
71,363,2050,367.2,384.4,10,1,0,0,60664,5,136,86
118,1319,2019,327.9,345.3,10,1,0,0,59164,5,87,87
115,250,2064,330.5,347.5,10,1,0,0,41666,5,101,85
95,1897,2000,350,368,10,1,0,0,44166,5,107,90
114,22,2017,315,331,10,1,0,0,42166,5,99,80
69,1280,2014,261.3,275.1,10,1,0,0,40832,5,69,69
80,258,2016,319.4,335.8,10,1,0,0,38000,5,101,82
92,337,2061,370.2,389.4,10,1,0,0,68830,5,111,96
151,1174,2087,357.4,375.8,10,1,0,0,59164,5,94,92
54,1267,2003,314.2,329.4,10,1,0,0,52498,5,82,76
73,1295,2000,381,401,10,1,0,0,66664,5,111,100
126,1183,2054,319.7,335.9,10,1,0,0,38666,5,101,81
121,1248,2003,316.7,332.9,10,1,0,0,41666,5,83,81
111,860,2019,323.6,339.2,10,1,0,0,64330,5,113,78
81,1723,2064,377.2,396.4,10,1,0,0,80162,5,118,96
48,223,2050,334.2,351.4,10,1,0,0,67830,5,103,86
60,1450,2066,369.9,389.3,10,1,0,0,52332,5,108,97
38,1146,2003,294.2,309.4,10,1,0,0,32000,5,76,76
56,1148,2013,346,362,10,1,0,0,47832,5,130,80
68,1269,2003,344.6,362.2,10,1,0,0,67830,5,94,88
