demandID,SourceID,DestinationID,MinDelay,MaxDelay,Bandwidth,Ishotstandby,DelayDifference,DisjointType,WorkOptCostRangeType,MinCostDelay,MinDelayDelay
161,968,2069,160.9,166.3,10,0,0,-1,15000,5,72,27
14,1370,2013,91.8,95.4,10,0,0,-1,17500,3,104,63
35,826,2045,61.8,64.4,10,0,0,-1,17500,3,67,41
4,977,2048,115.8,118.9,10,0,0,-1,49830,3,122,91
141,1969,2045,185.8,194.6,10,0,0,-1,45164,5,44,44
22,1372,2013,123.8,127.4,10,0,0,-1,30832,3,136,95
11,1098,2033,132.8,136.4,10,0,0,-1,54996,3,140,104
31,872,2047,85.8,88.9,10,0,0,-1,32332,3,92,61
10,40,2017,72.2,74.1,10,0,0,-1,24166,3,76,57
16,1652,2017,97.6,100.3,10,0,0,-1,32832,3,103,76
17,1268,2012,67.4,68.2,10,0,0,-1,26332,3,69,61
13,1705,2017,73.6,76.3,10,0,0,-1,19500,3,79,52
27,1415,2055,135.8,136.9,10,0,0,-1,64162,3,138,127
33,1446,2018,77.8,78.9,10,0,0,-1,34998,3,80,69
170,765,2068,194,204,10,0,0,-1,27666,5,50,50
25,83,2004,122.4,124.2,10,0,0,-1,50330,3,135,108
3,1578,2031,70.8,72.4,10,0,0,-1,17500,3,74,58
37,862,2064,124,126.5,10,0,0,-1,61662,5,117,104
8,375,2055,142.6,144.8,10,0,0,-1,57662,3,147,125
152,1882,1986,174.4,182.8,10,0,0,-1,14500,5,61,42
175,516,2063,157.7,165.9,10,0,0,-1,21000,5,47,41
0,1135,1753,207.8,211.4,10,0,0,-1,93326,3,215,179
5,1198,2030,86,89.5,10,0,0,-1,19500,3,93,58
2,838,118,122.6,124.8,10,0,0,-1,60496,3,127,105
148,826,2045,177.7,185.9,10,0,0,-1,19500,5,67,41
32,375,2026,120.4,121.7,10,0,0,-1,58162,3,123,110
18,1557,2016,75,76,10,0,0,-1,39498,3,77,67
117,1823,2018,168,176,10,0,0,-1,30332,5,60,40
6,1448,2038,110.8,111.9,10,0,0,-1,53330,3,113,102
21,1473,1995,122.2,124.1,10,0,0,-1,50830,5,107,107
89,1429,2022,176.4,184.8,10,0,0,-1,30332,5,63,42
29,1800,2022,64.2,66.1,10,0,0,-1,19500,3,68,49
52,869,2028,164.2,171.4,10,0,0,-1,18500,5,67,36
143,1748,2006,185.8,194.6,10,0,0,-1,26166,5,82,44
30,572,2053,173.6,176.3,10,0,0,-1,60830,3,184,152
83,722,1994,179.9,189.3,10,0,0,-1,27166,5,60,47
34,46,2046,70.4,71.2,10,0,0,-1,31332,3,75,64
28,45,2039,66,67.5,10,0,0,-1,26166,3,69,54
103,1478,2048,170.8,179.6,10,0,0,-1,19500,5,52,44
7,1929,2009,180.8,182.4,10,0,0,-1,88326,3,184,168
24,1902,2002,89.4,90.7,10,0,0,-1,48830,3,94,79
74,1947,1992,179.5,188.5,10,0,0,-1,29832,5,45,45
81,967,2034,169.8,178.6,10,0,0,-1,27166,5,50,44
97,743,2042,221.5,232.5,10,0,0,-1,25666,5,84,55
160,1581,2057,222.6,234.2,10,0,0,-1,43498,5,66,58
145,827,2035,188.3,198.1,10,0,0,-1,24500,5,55,49
140,1670,1994,198.4,208.8,10,0,0,-1,23000,5,58,52
127,1002,2012,216.7,226.9,10,0,0,-1,32332,5,79,51
102,1226,1986,216.5,225.5,10,0,0,-1,25666,5,95,45
38,1902,2069,82.4,83.7,10,0,0,-1,45330,3,85,72
60,678,1993,197.1,205.7,10,0,0,-1,20000,5,81,43
12,643,1986,79.8,82.4,10,0,0,-1,37332,3,85,59
138,603,1995,211,221,10,0,0,-1,29666,5,57,50
1,1047,618,152.4,154.2,10,0,0,-1,65496,3,156,138
58,781,2053,228.3,240.1,10,0,0,-1,32666,5,69,59
124,1800,2022,200.3,210.1,10,0,0,-1,22000,5,68,49
63,1705,2017,219.4,229.8,10,0,0,-1,24000,5,79,52
61,1568,2020,205.1,215.7,10,0,0,-1,21500,5,62,53
131,1370,2042,206.7,216.9,10,0,0,-1,21500,5,69,51
26,1507,1989,90.8,91.4,10,0,0,-1,34666,3,97,86
19,1516,1989,118.8,119.4,10,0,0,-1,54664,3,125,114
64,488,1997,220.6,232.2,10,0,0,-1,31666,5,64,58
48,1048,2005,207.6,217.2,10,0,0,-1,21500,5,78,48
9,1125,1988,78.2,80.6,10,0,0,-1,34998,3,83,59
167,659,2062,239.1,251.7,10,0,0,-1,26666,5,69,63
55,605,2016,232.7,244.9,10,0,0,-1,44998,5,68,61
56,1125,1988,242.3,254.1,10,0,0,-1,35332,5,83,59
20,786,2025,109,112,10,0,0,-1,55496,3,115,85
110,502,2001,217.8,228.6,10,0,0,-1,27500,5,72,54
23,530,1986,90.8,93.4,10,0,0,-1,39832,5,70,70
93,1140,2019,232.3,244.1,10,0,0,-1,42498,5,73,59
67,919,2027,207.5,216.5,10,0,0,-1,25000,5,83,45
162,1080,2062,234.3,246.1,10,0,0,-1,27666,5,78,59
109,1101,2018,243.4,255.8,10,0,0,-1,41498,5,76,62
95,1284,2017,229,241,10,0,0,-1,41998,5,67,60
82,518,2046,244.8,257.6,10,0,0,-1,34166,5,75,64
49,1121,2010,181.1,189.7,10,0,0,-1,35832,5,65,43
72,712,2045,247.4,259.8,10,0,0,-1,32666,5,80,62
105,46,2044,197.7,207.9,10,0,0,-1,33332,5,51,51
57,1104,1994,253.9,267.3,10,0,0,-1,24000,5,73,67
106,779,2033,215,225,10,0,0,-1,21500,5,80,50
176,843,2067,235.7,247.9,10,0,0,-1,35332,5,71,61
122,1369,2014,216.9,228.3,10,0,0,-1,22000,5,60,57
128,854,2046,244.9,256.3,10,0,0,-1,25000,5,102,57
62,643,1986,244.3,256.1,10,0,0,-1,40332,5,85,59
86,1895,2005,237,249,10,0,0,-1,33832,5,75,60
45,1578,2031,230.6,242.2,10,0,0,-1,24000,5,74,58
168,1017,2063,224.7,234.9,10,0,0,-1,24000,5,87,51
75,1268,2012,233.7,245.9,10,0,0,-1,32332,5,69,61
116,944,2034,269.7,283.9,10,0,0,-1,39332,5,77,71
133,872,2047,256.7,268.9,10,0,0,-1,39332,5,92,61
139,487,2034,230.3,242.1,10,0,0,-1,29500,5,71,59
113,1200,2046,226.2,237.4,10,0,0,-1,29666,5,56,56
144,1039,2039,245.4,257.8,10,0,0,-1,31666,5,87,62
153,1934,2040,223.6,235.2,10,0,0,-1,21500,5,58,58
41,630,114,253.1,265.7,10,0,0,-1,31000,5,83,63
130,1935,1986,237.3,249.1,10,0,0,-1,29166,5,78,59
173,907,2065,262.9,276.3,10,0,0,-1,38832,5,70,67
157,153,2031,228.9,240.3,10,0,0,-1,31166,5,57,57
50,643,1993,264.2,277.4,10,0,0,-1,42832,5,86,66
177,716,2057,310.3,326.1,10,0,0,-1,49998,5,97,79
115,1969,2040,249.5,262.5,10,0,0,-1,48164,5,92,65
65,922,2034,248,260,10,0,0,-1,39332,5,86,60
100,530,1986,285,299,10,0,0,-1,43332,5,70,70
47,1198,2030,249.6,261.2,10,0,0,-1,26000,5,93,58
53,1304,2003,268.6,282.2,10,0,0,-1,37832,5,85,68
121,691,2047,277,291,10,0,0,-1,29000,5,88,70
149,70,2049,227.3,239.1,10,0,0,-1,38332,5,59,59
71,383,1987,258.8,271.6,10,0,0,-1,26000,5,67,64
15,232,2053,135.8,136.9,10,0,0,-1,64162,3,139,127
147,47,2046,239,251,10,0,0,-1,33166,5,71,60
46,1129,2009,242.6,254.2,10,0,0,-1,30000,5,86,58
76,1557,2016,257.9,271.3,10,0,0,-1,47998,5,77,67
80,1037,2012,250.2,263.4,10,0,0,-1,44998,5,72,66
59,40,2017,229.9,241.3,10,0,0,-1,32666,5,76,57
43,1962,1970,343.6,361.2,10,0,0,-1,68330,5,106,88
171,613,2065,262.2,275.4,10,0,0,-1,32666,5,84,66
174,510,2067,318.1,334.7,10,0,0,-1,68996,5,94,83
166,1804,2061,288.8,303.6,10,0,0,-1,55664,5,74,74
104,1771,2054,265.8,278.6,10,0,0,-1,41166,5,84,64
36,1462,2052,138.8,139.4,10,0,0,-1,52996,3,140,134
163,589,2070,254.4,266.8,10,0,0,-1,28500,5,87,62
51,1275,2052,281.4,295.8,10,0,0,-1,31500,5,87,72
169,1902,2069,279.4,293.8,10,0,0,-1,52164,5,85,72
118,45,2039,214.8,225.6,10,0,0,-1,33666,5,69,54
96,32,2010,247.1,259.7,10,0,0,-1,36166,5,82,63
132,765,2024,268,282,10,0,0,-1,39666,5,83,70
44,1653,2054,273.2,286.4,10,0,0,-1,41666,5,86,66
134,1038,2031,285.4,299.8,10,0,0,-1,40332,5,91,72
159,470,2066,269,283,10,0,0,-1,39332,5,70,70
164,1474,2068,286.5,301.5,10,0,0,-1,55164,5,75,75
101,1967,2003,299.2,314.4,10,0,0,-1,68496,5,94,76
146,46,2046,244.8,257.6,10,0,0,-1,39832,5,75,64
68,1370,2013,269.1,281.7,10,0,0,-1,28500,5,104,63
108,1902,2002,305.3,321.1,10,0,0,-1,57664,5,94,79
114,830,1998,300.9,316.3,10,0,0,-1,50998,5,77,77
136,1446,2018,266.3,280.1,10,0,0,-1,47998,5,80,69
165,1083,2060,266.2,279.4,10,0,0,-1,39332,5,88,66
119,613,2041,268.4,280.8,10,0,0,-1,35166,5,101,62
84,1490,1987,312.7,328.9,10,0,0,-1,51998,5,94,81
125,615,2033,285.6,299.2,10,0,0,-1,32500,5,85,68
158,1488,2059,311.4,327.8,10,0,0,-1,65330,5,90,82
172,1035,2063,318.8,335.6,10,0,0,-1,63830,5,92,84
90,1269,1989,263.1,275.7,10,0,0,-1,33166,5,74,63
69,1340,1994,283.3,297.1,10,0,0,-1,30000,5,78,69
126,1385,2003,302.9,318.3,10,0,0,-1,42832,5,95,77
150,1017,2030,275.8,288.6,10,0,0,-1,31000,5,103,64
77,1607,2052,362.2,381.4,10,0,0,-1,60998,5,103,96
54,524,1997,316.8,333.6,10,0,0,-1,67330,5,90,84
112,1949,1995,307.6,323.2,10,0,0,-1,48998,5,97,78
156,1015,2047,299.6,315.2,10,0,0,-1,37166,5,89,78
92,1633,2032,311.7,327.9,10,0,0,-1,42666,5,96,81
129,1287,1994,327.9,345.3,10,0,0,-1,49998,5,93,87
73,1652,2017,308.2,323.4,10,0,0,-1,48332,5,103,76
151,902,2054,333.6,349.2,10,0,0,-1,50332,5,98,78
155,357,2056,313.6,329.2,10,0,0,-1,43666,5,78,78
78,404,2056,338.3,356.1,10,0,0,-1,41166,5,114,89
111,1262,1989,314.9,330.3,10,0,0,-1,45832,5,88,77
107,486,2036,326.5,343.5,10,0,0,-1,40500,5,97,85
91,1458,2018,280.4,294.8,10,0,0,-1,45832,5,86,72
88,1779,2052,344,362,10,0,0,-1,54332,5,101,90
154,1162,2034,310.6,326.2,10,0,0,-1,45832,5,85,78
79,377,1986,374.2,393.4,10,0,0,-1,66330,5,96,96
123,708,2030,354.5,371.5,10,0,0,-1,64164,5,125,85
87,786,2025,344.5,361.5,10,0,0,-1,66830,5,115,85
98,1357,1994,311.8,326.6,10,0,0,-1,46832,5,98,74
94,1410,2010,318.1,334.7,10,0,0,-1,62664,5,94,83
39,1896,268,309,325,10,0,0,-1,45332,5,93,80
70,213,2037,291,305,10,0,0,-1,43166,5,102,70
137,978,2029,323.3,339.1,10,0,0,-1,61664,5,110,79
40,717,1470,341,359,10,0,0,-1,68164,5,98,90
142,1016,2037,330.5,347.5,10,0,0,-1,39500,5,110,85
66,1055,2051,345.2,362.4,10,0,0,-1,45166,5,113,86
99,1017,2031,315.3,331.1,10,0,0,-1,34500,5,102,79
85,408,2041,351.3,369.1,10,0,0,-1,52332,5,111,89
120,1356,2039,311.9,327.3,10,0,0,-1,43666,5,104,77
135,438,2039,366.2,385.4,10,0,0,-1,81996,5,118,96
42,1304,325,326,342,10,0,0,-1,53832,5,110,80
