demandID,SourceID,DestinationID,MinDelay,MaxDelay,Bandwidth,Ishotstandby,DelayDifference,DisjointType,WorkOptCostRangeType,MinCostDelay,MinDelayDelay
54,339,477,170.4,178.8,10,1,0,0,21500,5,42,42
38,388,475,203.1,213.7,10,1,0,0,21000,5,53,53
140,413,469,216.8,227.6,10,1,0,0,21000,5,71,54
110,210,469,212.1,222.7,10,1,0,0,38332,5,69,53
124,203,477,151.9,159.3,10,1,0,0,20500,5,52,37
113,54,467,228.5,239.5,10,1,0,0,33166,5,80,55
43,106,473,192.2,201.4,10,1,0,0,23000,5,68,46
135,59,468,234.5,245.5,10,1,0,0,38832,5,86,55
134,428,470,210.1,220.7,10,1,0,0,35832,5,64,53
93,428,480,188.6,198.2,10,1,0,0,36332,5,59,48
49,432,469,210.1,220.7,10,1,0,0,30166,5,69,53
32,420,478,220.2,231.4,10,1,0,0,40332,5,69,56
104,432,469,210.1,220.7,10,1,0,0,30166,5,69,53
89,314,477,218.5,229.5,10,1,0,0,39832,5,55,55
42,154,477,188.9,198.3,10,1,0,0,30666,5,62,47
114,422,475,214.1,224.7,10,1,0,0,23500,5,64,53
91,390,475,262.3,276.1,10,1,0,0,40332,5,69,69
80,104,477,225.9,237.3,10,1,0,0,38832,5,57,57
126,25,473,204.6,214.2,10,1,0,0,34666,5,60,48
117,73,467,287.7,301.9,10,1,0,0,47332,5,96,71
24,202,457,184.6,194.2,10,1,0,0,28500,5,48,48
34,418,478,262.7,274.9,10,1,0,0,56164,5,98,61
63,167,466,308.9,324.3,10,1,0,0,53498,5,101,77
51,53,466,283,297,10,1,0,0,50164,5,94,70
122,6,467,314.1,330.7,10,1,0,0,64830,5,90,83
82,309,469,352.7,370.9,10,1,0,0,61164,5,107,91
106,313,477,266.6,280.2,10,1,0,0,49998,5,68,68
31,98,481,228,240,10,1,0,0,45332,5,66,60
120,120,483,275,289,10,1,0,0,45166,5,70,70
36,161,469,305.2,320.4,10,1,0,0,51998,5,84,76
87,144,477,296.2,311.4,10,1,0,0,56164,5,76,76
86,75,472,327.4,343.8,10,1,0,0,60664,5,106,82
138,328,483,267.6,281.2,10,1,0,0,43166,5,70,68
27,229,448,303.3,319.1,10,1,0,0,58664,5,79,79
84,307,475,306.7,322.9,10,1,0,0,45332,5,84,81
26,63,460,232.9,244.3,10,1,0,0,37166,5,79,57
129,359,473,275.2,288.4,10,1,0,0,58330,5,97,66
111,88,483,282.4,296.8,10,1,0,0,58998,5,72,72
30,29,483,303.6,319.2,10,1,0,0,60664,5,93,78
131,101,470,259.9,273.3,10,1,0,0,59330,5,79,67
59,73,476,312.6,328.2,10,1,0,0,49332,5,106,78
28,432,452,210.5,221.5,10,1,0,0,34166,5,62,55
96,391,469,208.4,218.8,10,1,0,0,42498,5,52,52
61,371,477,342.5,359.5,10,1,0,0,58164,5,98,85
77,359,468,267.1,279.7,10,1,0,0,58830,5,97,63
15,411,440,312,328,10,1,0,0,78162,5,96,80
109,432,479,192,202,10,1,0,0,31666,5,57,50
127,321,482,292.5,307.5,10,1,0,0,64164,5,90,75
56,112,474,286.7,300.9,10,1,0,0,64330,5,95,71
107,111,483,284.2,297.4,10,1,0,0,67664,5,106,66
60,29,473,318.2,333.4,10,1,0,0,57664,5,113,76
95,368,469,334.2,351.4,10,1,0,0,54498,5,102,86
130,331,469,386,406,10,1,0,0,73664,5,116,100
108,184,481,327.9,345.3,10,1,0,0,65998,5,93,87
35,101,471,300.6,316.2,10,1,0,0,63330,5,90,78
136,394,482,297.6,313.2,10,1,0,0,72496,5,87,78
90,425,478,228.6,240.2,10,1,0,0,43832,5,72,58
46,408,478,338.6,356.2,10,1,0,0,67664,5,101,88
83,6,476,339,357,10,1,0,0,69330,5,96,90
47,6,484,342.7,360.9,10,1,0,0,75330,5,97,91
17,190,152,350.7,368.9,10,1,0,0,76996,5,94,91
133,394,468,308.7,324.9,10,1,0,0,68496,5,90,81
58,373,478,275.7,289.9,10,1,0,0,51332,5,84,71
97,372,479,310.4,326.8,10,1,0,0,59498,5,89,82
105,141,478,408.6,430.2,10,1,0,0,87162,5,117,108
119,80,477,351.7,369.9,10,1,0,0,66664,5,91,91
55,168,478,314.3,330.1,10,1,0,0,70496,5,101,79
66,54,475,319.6,335.2,10,1,0,0,43666,5,109,78
44,270,477,355.4,373.8,10,1,0,0,72996,5,92,92
137,76,469,407.9,427.3,10,1,0,0,85330,5,146,97
98,182,473,378.5,397.5,10,1,0,0,73330,5,107,95
48,312,477,329.5,346.5,10,1,0,0,64164,5,85,85
20,100,462,360.5,379.5,10,1,0,0,66664,5,98,95
52,168,483,369.9,387.3,10,1,0,0,77664,5,135,87
62,333,469,440.8,463.6,10,1,0,0,91996,5,117,114
141,394,481,338.5,355.5,10,1,0,0,78496,5,94,85
92,405,475,399.2,420.4,10,1,0,0,79664,5,120,106
75,243,477,362.8,381.6,10,1,0,0,82496,5,109,94
112,125,482,432.1,454.7,10,1,0,0,112160,5,127,113
125,191,475,369.6,389.2,10,1,0,0,66998,5,98,98
115,76,482,401.4,421.8,10,1,0,0,98828,5,142,102
72,369,475,432.5,455.5,10,1,0,0,82164,5,118,115
68,140,475,476.9,502.3,10,1,0,0,97996,5,127,127
29,332,458,443.9,467.3,10,1,0,0,82330,5,128,117
33,418,475,375.1,393.7,10,1,0,0,74164,5,123,93
123,78,477,433.4,455.8,10,1,0,0,90996,5,116,112
53,125,481,432.1,454.7,10,1,0,0,116160,5,127,113
70,180,484,457.3,481.1,10,1,0,0,103994,5,136,119
99,126,484,450.5,473.5,10,1,0,0,120826,5,140,115
50,179,481,431.5,454.5,10,1,0,0,103828,5,121,115
79,407,469,431,453,10,1,0,0,79830,5,134,110
78,407,471,439.2,462.4,10,1,0,0,105660,5,126,116
18,125,459,480.2,505.4,10,1,0,0,114826,5,140,126
22,168,461,450.1,472.7,10,1,0,0,92496,5,145,113
132,180,475,512.8,539.6,10,1,0,0,109494,5,154,134
