demandID,SourceID,DestinationID,MinDelay,MaxDelay,Bandwidth,Ishotstandby,DelayDifference,DisjointType,WorkOptCostRangeType,MinCostDelay,MinDelayDelay
168,198,461,208.4,218.8,10,0,0,-1,28166,5,75,52
55,155,480,140,146,10,0,0,-1,15000,5,36,30
156,347,462,172.3,180.1,10,0,0,-1,15500,5,46,39
231,193,479,140,146,10,0,0,-1,16000,5,37,30
64,271,479,143.7,149.9,10,0,0,-1,21666,5,38,31
223,329,461,234.3,246.1,10,0,0,-1,37832,5,82,59
78,10,463,148.8,155.6,10,0,0,-1,23666,5,34,34
196,87,480,160.3,168.1,10,0,0,-1,17500,5,62,39
136,22,462,141.4,147.8,10,0,0,-1,17500,5,62,32
116,437,461,192.3,202.1,10,0,0,-1,38332,5,49,49
125,438,461,196,206,10,0,0,-1,44998,5,50,50
57,97,473,148.8,155.6,10,0,0,-1,16500,5,57,34
274,10,462,159.5,166.5,10,0,0,-1,24666,5,42,35
2,380,447,93.4,95.7,10,0,0,-1,43330,3,112,75
160,223,473,163.6,171.2,10,0,0,-1,20166,5,61,38
186,285,478,161.4,169.8,10,0,0,-1,22666,5,48,42
254,285,478,161.4,169.8,10,0,0,-1,22666,5,48,42
34,64,477,206.6,216.2,10,0,0,-1,37998,5,77,48
11,70,472,107.2,108.6,10,0,0,-1,40664,3,131,96
129,85,462,168.5,175.5,10,0,0,-1,24666,5,51,35
47,414,461,214.5,225.5,10,0,0,-1,45998,5,55,55
221,207,463,158.5,165.5,10,0,0,-1,18000,5,41,35
262,284,462,180.3,188.1,10,0,0,-1,18000,5,52,39
85,248,478,165.1,173.7,10,0,0,-1,23666,5,49,43
139,164,463,169.6,177.2,10,0,0,-1,24666,5,44,38
269,316,465,187.2,196.4,10,0,0,-1,33832,5,49,46
165,58,467,178.4,186.8,10,0,0,-1,28832,5,65,42
62,21,463,159.9,167.3,10,0,0,-1,18000,5,37,37
249,85,466,167.4,175.8,10,0,0,-1,23666,5,54,42
207,59,471,137.7,143.9,10,0,0,-1,21166,5,54,31
266,164,462,180.3,188.1,10,0,0,-1,24666,5,52,39
248,283,467,158.5,165.5,10,0,0,-1,16000,5,63,35
141,270,479,173.3,181.1,10,0,0,-1,31332,5,46,39
268,89,461,256.5,269.5,10,0,0,-1,42832,5,88,65
158,327,462,196.9,206.3,10,0,0,-1,20500,5,77,47
10,266,467,101.6,103.8,10,0,0,-1,49996,3,105,84
232,263,462,195.7,205.9,10,0,0,-1,33332,5,79,51
176,218,462,181.9,189.3,10,0,0,-1,28832,5,82,37
264,157,462,196.9,206.3,10,0,0,-1,27166,5,77,47
217,80,463,196.9,206.3,10,0,0,-1,26666,5,59,47
206,223,471,185.8,194.6,10,0,0,-1,22166,5,67,44
234,212,462,182.1,190.7,10,0,0,-1,27166,5,73,43
90,249,471,158.5,165.5,10,0,0,-1,16000,5,41,35
193,260,462,150.7,156.9,10,0,0,-1,19000,5,44,31
7,28,478,102.8,104.4,10,0,0,-1,60328,5,90,90
59,297,464,182.9,192.3,10,0,0,-1,24666,5,56,47
124,259,473,165.9,173.3,10,0,0,-1,22666,5,43,37
115,260,466,149.6,157.2,10,0,0,-1,17000,5,47,38
212,326,469,189.5,198.5,10,0,0,-1,17500,5,68,45
113,298,474,171.7,179.9,10,0,0,-1,18000,5,41,41
173,435,479,184.9,194.3,10,0,0,-1,20000,5,47,47
170,297,479,202.9,212.3,10,0,0,-1,26666,5,54,47
71,237,464,194.6,204.2,10,0,0,-1,27166,5,51,48
178,10,474,168,176,10,0,0,-1,24666,5,40,40
53,382,463,192.3,202.1,10,0,0,-1,40998,5,49,49
9,80,463,65.4,67.7,10,0,0,-1,27998,5,59,47
181,54,476,232.8,243.6,10,0,0,-1,49830,5,87,54
233,166,463,201,211,10,0,0,-1,28166,5,62,50
244,285,463,210.3,220.1,10,0,0,-1,27666,5,55,49
61,95,464,219.9,231.3,10,0,0,-1,26666,5,66,57
6,223,473,56.4,58.7,10,0,0,-1,25498,3,61,38
8,223,471,62.4,64.7,10,0,0,-1,25498,3,67,44
89,162,478,213.2,224.4,10,0,0,-1,39998,5,62,56
198,216,475,156.2,163.4,10,0,0,-1,24166,5,59,36
16,344,449,231.7,243.9,10,0,0,-1,46998,5,65,61
226,207,474,177.7,185.9,10,0,0,-1,18000,5,67,41
146,300,473,193.2,202.4,10,0,0,-1,25666,5,46,46
104,155,469,188.1,196.7,10,0,0,-1,18000,5,49,43
77,194,466,175.5,184.5,10,0,0,-1,25666,5,54,45
140,121,464,239,251,10,0,0,-1,30166,5,63,60
73,275,462,240.1,252.7,10,0,0,-1,44498,5,93,63
190,51,462,240.9,252.3,10,0,0,-1,38832,5,87,57
1,270,456,95.4,97.2,10,0,0,-1,32832,5,95,81
152,203,469,185.8,194.6,10,0,0,-1,20000,5,44,44
3,257,456,112.4,114.2,10,0,0,-1,39498,5,112,98
149,87,466,194.6,204.2,10,0,0,-1,21500,5,51,48
201,261,470,191.2,200.4,10,0,0,-1,21000,5,67,46
169,190,479,237.6,249.2,10,0,0,-1,32666,5,58,58
5,80,475,73.4,75.7,10,0,0,-1,27998,5,56,55
127,88,462,245,257,10,0,0,-1,32166,5,90,60
122,21,469,204.3,214.1,10,0,0,-1,21000,5,49,49
205,10,469,193.2,202.4,10,0,0,-1,27666,5,46,46
182,293,461,324.2,341.4,10,0,0,-1,75330,5,92,86
72,101,478,245.4,257.8,10,0,0,-1,51164,5,62,62
43,190,463,241.3,253.1,10,0,0,-1,34666,5,59,59
70,268,465,234.7,246.9,10,0,0,-1,54664,5,70,61
23,161,446,240.3,252.1,10,0,0,-1,48164,5,81,59
49,381,479,218.2,229.4,10,0,0,-1,50330,5,56,56
4,201,478,81,83,10,0,0,-1,50330,5,69,65
224,317,476,204.7,214.9,10,0,0,-1,43498,5,51,51
65,397,477,183.6,193.2,10,0,0,-1,31666,5,48,48
211,228,469,211.7,221.9,10,0,0,-1,23500,5,74,51
275,286,480,250.2,263.4,10,0,0,-1,41332,5,72,66
69,94,465,242.1,254.7,10,0,0,-1,42332,5,72,63
0,162,428,181.4,183.2,10,0,0,-1,81660,5,181,167
199,95,462,254.3,266.1,10,0,0,-1,34666,5,72,59
67,206,462,240.1,252.7,10,0,0,-1,44664,5,70,63
38,268,463,246.5,259.5,10,0,0,-1,54664,5,71,65
42,398,479,199.7,209.9,10,0,0,-1,35332,5,62,51
118,392,462,203.1,213.7,10,0,0,-1,35332,5,71,53
184,164,475,199.2,208.4,10,0,0,-1,30666,5,53,46
171,325,470,237.6,249.2,10,0,0,-1,31166,5,81,58
188,96,471,222.8,233.6,10,0,0,-1,25000,5,54,54
240,221,468,219.1,229.7,10,0,0,-1,30166,5,76,53
280,8,475,200.6,210.2,10,0,0,-1,43998,5,49,48
174,99,470,226.9,238.3,10,0,0,-1,37832,5,80,57
137,125,462,259.8,272.6,10,0,0,-1,43832,5,71,64
166,23,468,234.3,246.1,10,0,0,-1,31166,5,85,59
236,218,469,215.6,225.2,10,0,0,-1,31832,5,86,48
114,136,477,304.6,320.2,10,0,0,-1,65830,5,78,78
75,201,478,260.5,273.5,10,0,0,-1,51164,5,69,65
52,32,462,273.4,287.8,10,0,0,-1,56664,5,79,72
278,335,462,285.3,299.1,10,0,0,-1,43332,5,99,69
163,197,475,222.8,233.6,10,0,0,-1,26500,5,77,54
31,275,450,250.2,263.4,10,0,0,-1,48998,5,72,66
12,152,35,222.9,234.3,10,0,0,-1,50664,5,69,57
145,93,478,265,279,10,0,0,-1,48998,5,76,70
218,35,467,233.9,245.3,10,0,0,-1,32666,5,57,57
281,40,462,258.6,272.2,10,0,0,-1,50498,5,96,68
130,94,476,231.7,243.9,10,0,0,-1,38332,5,67,61
45,406,461,290.1,304.7,10,0,0,-1,66664,5,100,73
100,34,462,259.4,271.8,10,0,0,-1,44332,5,69,62
214,93,479,287.2,302.4,10,0,0,-1,49998,5,83,76
246,189,469,230.2,241.4,10,0,0,-1,26000,5,56,56
126,318,480,267.6,281.2,10,0,0,-1,58164,5,91,68
79,214,464,261.2,274.4,10,0,0,-1,46498,5,69,66
279,245,480,268.7,282.9,10,0,0,-1,55664,5,77,71
44,318,476,249.1,261.7,10,0,0,-1,54164,5,63,63
102,7,469,233.9,245.3,10,0,0,-1,52664,5,57,57
35,159,476,241.7,253.9,10,0,0,-1,47498,5,61,61
277,267,463,253.9,267.3,10,0,0,-1,61330,5,73,67
150,163,473,221.4,231.8,10,0,0,-1,39332,5,58,52
81,45,463,298.3,314.1,10,0,0,-1,50998,5,85,79
83,402,478,214.5,225.5,10,0,0,-1,34666,5,55,55
191,260,472,211.6,221.2,10,0,0,-1,27000,5,59,48
84,217,468,237.6,249.2,10,0,0,-1,31166,5,81,58
155,115,462,273.4,287.8,10,0,0,-1,56664,5,100,72
91,126,480,256.5,269.5,10,0,0,-1,50498,5,65,65
216,134,464,305.6,321.2,10,0,0,-1,53498,5,81,78
147,80,475,226.5,237.5,10,0,0,-1,34666,5,56,55
132,390,479,210.1,220.7,10,0,0,-1,38332,5,67,53
111,413,478,244.1,256.7,10,0,0,-1,42832,5,63,63
259,413,478,244.1,256.7,10,0,0,-1,42832,5,63,63
142,104,480,332.8,349.6,10,0,0,-1,66330,5,106,84
21,11,459,230.2,241.4,10,0,0,-1,28000,5,56,56
94,123,471,252.8,265.6,10,0,0,-1,40498,5,64,64
161,136,478,319.4,335.8,10,0,0,-1,67830,5,82,82
109,204,474,230.9,242.3,10,0,0,-1,35666,5,57,57
88,323,475,285.7,299.9,10,0,0,-1,50498,5,94,71
144,160,463,271.3,285.1,10,0,0,-1,58164,5,69,69
252,143,479,315.3,331.1,10,0,0,-1,49332,5,79,79
19,78,459,226.5,237.5,10,0,0,-1,34666,5,55,55
143,90,464,324.1,340.7,10,0,0,-1,54498,5,86,83
192,201,480,282.7,296.9,10,0,0,-1,58164,5,75,71
235,35,469,256.1,268.7,10,0,0,-1,36666,5,63,63
238,69,462,303,319,10,0,0,-1,54998,5,108,80
112,259,472,230.1,240.7,10,0,0,-1,35666,5,64,53
215,201,463,286.4,300.8,10,0,0,-1,59164,5,76,72
82,70,479,293.9,309.3,10,0,0,-1,57664,5,107,77
138,44,480,346.4,364.8,10,0,0,-1,64664,5,98,92
105,247,467,269.5,282.5,10,0,0,-1,44332,5,93,65
131,118,468,239.3,251.1,10,0,0,-1,38666,5,80,59
76,100,475,259,271,10,0,0,-1,52498,5,83,60
93,217,472,238.9,250.3,10,0,0,-1,34166,5,80,57
41,67,468,250.4,262.8,10,0,0,-1,38666,5,83,62
99,349,474,264.2,277.4,10,0,0,-1,59996,5,86,66
263,415,463,266.3,280.1,10,0,0,-1,58664,5,69,69
227,349,474,264.2,277.4,10,0,0,-1,59996,5,86,66
58,46,467,288,302,10,0,0,-1,46332,5,98,70
92,400,477,231.7,243.9,10,0,0,-1,38500,5,67,61
86,276,467,322.7,338.9,10,0,0,-1,84994,5,103,81
87,268,466,279.1,293.7,10,0,0,-1,58664,5,82,73
135,123,475,259.8,272.6,10,0,0,-1,43832,5,65,64
243,6,467,256.3,268.1,10,0,0,-1,61330,5,59,59
260,300,472,257.4,269.8,10,0,0,-1,38666,5,62,62
229,396,478,227.9,239.3,10,0,0,-1,41332,5,74,57
167,334,475,370.8,389.6,10,0,0,-1,65498,5,117,94
271,329,475,307.1,321.7,10,0,0,-1,48832,5,96,73
257,167,475,310.8,325.6,10,0,0,-1,48832,5,97,74
241,236,467,259,271,10,0,0,-1,51332,5,82,60
219,158,473,273.8,286.6,10,0,0,-1,46832,5,87,64
204,286,473,284.3,298.1,10,0,0,-1,46332,5,75,69
203,423,464,263.3,277.1,10,0,0,-1,41166,5,77,69
200,28,478,349,367,10,0,0,-1,79496,5,90,90
20,215,455,277.6,291.2,10,0,0,-1,37500,5,91,68
54,258,472,259.7,271.9,10,0,0,-1,45332,5,72,61
183,32,475,315.3,331.1,10,0,0,-1,64664,5,80,79
157,230,469,307.1,321.7,10,0,0,-1,48832,5,96,73
220,24,467,270.1,282.7,10,0,0,-1,53832,5,85,63
106,202,475,273.2,286.4,10,0,0,-1,56664,5,72,66
162,132,468,256.5,269.5,10,0,0,-1,63996,5,91,65
187,354,463,329.5,346.5,10,0,0,-1,98326,5,100,85
107,121,469,307.1,321.7,10,0,0,-1,42166,5,73,73
265,303,462,343.7,361.9,10,0,0,-1,90494,5,98,91
282,316,470,271.3,285.1,10,0,0,-1,47832,5,92,69
22,108,458,293.1,307.7,10,0,0,-1,42166,5,73,73
68,186,462,358.5,377.5,10,0,0,-1,81662,5,123,95
222,285,470,280.6,294.2,10,0,0,-1,43666,5,74,68
37,296,470,280.6,294.2,10,0,0,-1,50332,5,74,68
39,248,472,285.6,299.2,10,0,0,-1,43666,5,79,68
120,423,476,283,297,10,0,0,-1,52166,5,96,70
213,230,474,283.9,297.3,10,0,0,-1,71662,5,90,67
36,329,469,321.9,337.3,10,0,0,-1,53832,5,100,77
237,434,462,292.9,308.3,10,0,0,-1,50166,5,85,77
153,312,472,287,301,10,0,0,-1,43666,5,70,70
185,293,462,357.1,375.7,10,0,0,-1,94994,5,106,93
123,101,466,301.9,317.3,10,0,0,-1,77328,5,80,77
95,291,479,372.3,392.1,10,0,0,-1,88662,5,106,99
267,340,473,326.4,342.8,10,0,0,-1,56332,5,82,82
202,12,470,285.7,299.9,10,0,0,-1,43666,5,71,71
121,121,467,284.9,298.3,10,0,0,-1,57164,5,67,67
228,425,479,293.2,308.4,10,0,0,-1,64498,5,88,76
177,256,471,309.4,325.8,10,0,0,-1,65664,5,88,82
189,425,480,293.2,308.4,10,0,0,-1,65498,5,88,76
164,13,475,309.9,325.3,10,0,0,-1,51332,5,80,77
30,380,447,300.5,315.5,10,0,0,-1,63164,5,112,75
18,259,455,317.9,333.3,10,0,0,-1,52166,5,83,77
66,40,474,290.1,304.7,10,0,0,-1,78828,5,94,73
117,133,470,319.4,335.8,10,0,0,-1,57832,5,105,82
251,245,466,305,321,10,0,0,-1,71664,5,89,80
194,93,469,358.3,376.1,10,0,0,-1,65498,5,95,89
110,144,470,319,335,10,0,0,-1,53666,5,80,80
96,92,462,353.4,371.8,10,0,0,-1,90494,5,105,92
208,80,470,267.2,280.4,10,0,0,-1,43666,5,66,66
14,270,456,317.7,333.9,10,0,0,-1,60832,5,95,81
13,9,455,319.3,335.1,10,0,0,-1,60332,5,79,79
159,158,468,315.7,331.9,10,0,0,-1,75662,5,107,81
103,319,474,320.9,336.3,10,0,0,-1,86162,5,100,77
63,76,468,256.1,268.7,10,0,0,-1,45332,5,63,63
26,18,457,309.6,325.2,10,0,0,-1,49666,5,99,78
250,199,474,302.4,316.8,10,0,0,-1,73662,5,95,72
197,319,474,320.9,336.3,10,0,0,-1,86162,5,100,77
97,291,463,376,396,10,0,0,-1,111492,5,106,100
46,416,463,315.4,331.8,10,0,0,-1,72830,5,94,82
134,267,467,299.1,313.7,10,0,0,-1,77330,5,101,73
60,162,470,332.4,348.8,10,0,0,-1,66998,5,88,82
253,416,480,311.7,327.9,10,0,0,-1,72830,5,93,81
24,274,456,363.3,381.1,10,0,0,-1,82162,5,120,89
239,160,471,300.9,316.3,10,0,0,-1,65164,5,77,77
128,209,472,330,346,10,0,0,-1,58332,5,86,80
258,335,472,346.2,363.4,10,0,0,-1,79162,5,109,86
270,185,474,330.8,347.6,10,0,0,-1,78996,5,105,84
40,256,466,312.4,328.8,10,0,0,-1,86494,5,91,82
108,234,467,340.4,356.8,10,0,0,-1,89994,5,104,82
225,266,467,332.8,349.6,10,0,0,-1,95160,5,105,84
151,424,477,315.4,331.8,10,0,0,-1,85662,5,94,82
273,379,477,335.3,353.1,10,0,0,-1,87328,5,89,89
261,206,470,322.7,338.9,10,0,0,-1,58664,5,81,81
272,41,474,338.2,355.4,10,0,0,-1,90662,5,107,86
48,210,467,311.1,325.7,10,0,0,-1,63998,5,91,73
180,234,474,339.4,355.8,10,0,0,-1,91994,5,105,82
101,137,473,388.5,407.5,10,0,0,-1,94328,5,95,95
256,209,474,299.6,313.2,10,0,0,-1,69830,5,74,68
247,172,480,426.7,448.9,10,0,0,-1,120492,5,148,111
56,169,475,381.1,399.7,10,0,0,-1,97494,5,94,93
17,149,456,370.9,390.3,10,0,0,-1,80496,5,105,97
148,354,473,357.9,375.3,10,0,0,-1,105826,5,102,87
179,287,472,352.2,369.4,10,0,0,-1,88328,5,97,86
175,90,469,392.2,411.4,10,0,0,-1,85496,5,119,96
33,322,472,342.5,359.5,10,0,0,-1,92494,5,108,85
119,426,463,356.1,374.7,10,0,0,-1,96994,5,105,93
230,13,474,321.5,336.5,10,0,0,-1,80662,5,77,75
209,107,472,361,379,10,0,0,-1,83662,5,90,90
133,341,467,378.2,397.4,10,0,0,-1,92660,5,96,96
210,332,473,378.2,397.4,10,0,0,-1,100160,5,119,96
80,104,468,406.8,427.6,10,0,0,-1,106992,5,126,104
15,142,458,393,413,10,0,0,-1,91328,5,100,100
245,70,472,369.2,388.4,10,0,0,-1,91994,5,131,96
25,407,448,328.1,344.7,10,0,0,-1,82496,5,101,83
51,45,472,392.9,412.3,10,0,0,-1,92828,5,108,97
98,281,467,426.3,448.1,10,0,0,-1,132990,5,131,109
276,234,472,368.8,387.6,10,0,0,-1,97494,5,122,94
195,428,473,406.8,427.6,10,0,0,-1,121492,5,126,104
32,257,456,380.6,400.2,10,0,0,-1,93828,5,112,98
74,136,470,415.6,437.2,10,0,0,-1,106994,5,131,108
242,307,474,390,410,10,0,0,-1,120658,5,100,100
27,162,453,388.2,407.4,10,0,0,-1,95328,5,103,96
29,141,459,437.4,459.8,10,0,0,-1,105494,5,112,112
28,372,450,316.8,333.6,10,0,0,-1,71664,5,116,84
172,331,474,387.5,406.5,10,0,0,-1,109826,5,118,95
50,426,477,389.4,409.8,10,0,0,-1,118326,5,114,102
154,137,472,431.7,453.9,10,0,0,-1,120326,5,116,111
255,428,477,459.7,483.9,10,0,0,-1,159988,5,133,121
