demandID,SourceID,DestinationID,MinDelay,MaxDelay,Bandwidth,Ishotstandby,DelayDifference,DisjointType,WorkOptCostRangeType,MinCostDelay,MinDelayDelay
55,1948,2011,128.7,134.9,10,0,0,-1,18166,5,31,31
16,421,2017,71.2,72.1,10,0,0,-1,16500,3,87,64
19,192,2002,88.4,89.2,10,0,0,-1,29832,3,90,82
154,222,2070,134.1,140.7,10,0,0,-1,28332,5,33,33
7,1964,2009,69.4,70.2,10,0,0,-1,16000,3,98,63
6,1279,2037,120.6,123.3,10,0,0,-1,53496,3,126,99
18,427,2015,141.2,142.1,10,0,0,-1,56496,3,143,134
22,1183,2013,91,92.5,10,0,0,-1,23666,3,94,79
152,943,2042,153.3,161.1,10,0,0,-1,12500,5,57,39
67,920,1993,137.7,143.9,10,0,0,-1,14000,5,54,31
21,1773,2043,42.6,44.8,10,0,0,-1,21666,3,47,25
25,1749,2065,89.2,91.6,10,0,0,-1,40664,3,94,70
1,109,823,133.4,134.7,10,0,0,-1,67328,5,133,123
8,324,2041,113.4,115.2,10,0,0,-1,30832,5,99,99
0,1083,939,119.8,121.4,10,0,0,-1,50830,3,123,107
11,1892,2030,62.2,65.1,10,0,0,-1,22666,3,68,39
10,430,2044,117.4,119.2,10,0,0,-1,37498,5,103,103
26,1248,2062,120.8,122.9,10,0,0,-1,49330,5,115,104
27,362,2058,89,92.5,10,0,0,-1,22666,3,96,61
24,1738,2038,57.4,59.2,10,0,0,-1,23666,3,61,43
9,622,2027,124.4,126.7,10,0,0,-1,43830,3,132,106
150,1966,2018,145.6,151.2,10,0,0,-1,22166,5,70,28
141,1463,2052,169.8,178.6,10,0,0,-1,28666,5,51,44
85,1609,2017,176.8,185.6,10,0,0,-1,31832,5,58,44
15,336,2034,121.2,125.1,10,0,0,-1,43664,3,129,90
168,1491,2064,160,168,10,0,0,-1,14500,5,52,40
147,1851,2040,180.8,189.6,10,0,0,-1,29332,5,69,44
3,381,2039,117.8,121.9,10,0,0,-1,46164,3,129,85
70,1355,2024,318,334,10,0,0,-1,70496,5,102,80
59,1260,2016,184.9,194.3,10,0,0,-1,28832,5,58,47
162,327,2061,210.1,220.7,10,0,0,-1,15500,5,77,53
134,1622,2029,186.6,196.2,10,0,0,-1,20000,5,57,48
52,1633,2028,227.3,239.1,10,0,0,-1,32332,5,68,59
137,1384,2052,192,202,10,0,0,-1,31332,5,57,50
77,1608,1993,168.1,176.7,10,0,0,-1,23666,5,52,43
145,1947,2047,182.2,191.4,10,0,0,-1,32832,5,58,46
65,1892,2030,173.3,181.1,10,0,0,-1,24166,5,68,39
78,290,2042,219.2,230.4,10,0,0,-1,27166,5,68,56
139,1964,2018,172.6,180.2,10,0,0,-1,16000,5,80,38
4,119,2024,151.8,153.9,10,0,0,-1,64162,3,156,135
5,1481,1996,93.2,96.6,10,0,0,-1,25666,3,110,66
12,920,1993,49.4,51.7,10,0,0,-1,17500,3,54,31
118,72,2041,219.2,230.4,10,0,0,-1,23000,5,68,56
158,1774,2062,189.3,199.1,10,0,0,-1,18000,5,57,49
2,622,822,161.2,164.1,10,0,0,-1,74494,3,167,138
153,1462,2008,190.6,200.2,10,0,0,-1,36332,5,63,48
23,19,2018,93.6,94.3,10,0,0,-1,49996,3,95,88
143,1336,2008,210.8,219.6,10,0,0,-1,24500,5,94,44
44,222,2010,172.8,181.6,10,0,0,-1,33832,5,44,44
90,1989,2007,204,214,10,0,0,-1,27832,5,50,50
17,1717,2018,101.6,102.3,10,0,0,-1,46664,3,103,96
128,1206,1997,210.7,220.9,10,0,0,-1,24166,5,51,51
72,921,2006,190,198,10,0,0,-1,25166,5,64,40
40,1963,2005,178.1,186.7,10,0,0,-1,30332,5,43,43
57,1846,1990,218.9,230.3,10,0,0,-1,33332,5,65,57
31,851,486,197.6,207.2,10,0,0,-1,26166,5,72,48
13,616,1998,122.2,124.1,10,0,0,-1,39164,3,126,107
161,1743,2063,206.7,216.9,10,0,0,-1,38998,5,69,51
130,1738,2038,177.1,185.7,10,0,0,-1,27166,5,61,43
56,1905,2045,245.1,257.7,10,0,0,-1,50830,5,75,63
155,435,2071,227.6,239.2,10,0,0,-1,28666,5,71,58
165,696,2066,216.9,228.3,10,0,0,-1,24166,5,63,57
166,1827,2064,184.6,194.2,10,0,0,-1,18000,5,65,48
82,1884,2030,209.7,219.9,10,0,0,-1,27166,5,72,51
164,1545,2060,238.4,250.8,10,0,0,-1,27166,5,71,62
101,1923,2023,198,208,10,0,0,-1,25666,5,63,50
63,945,2019,226.9,238.3,10,0,0,-1,33332,5,73,57
66,1886,2051,198,208,10,0,0,-1,19000,5,64,50
151,1118,2030,254.9,268.3,10,0,0,-1,23500,5,74,67
132,1122,2027,261.3,275.1,10,0,0,-1,43998,5,75,69
111,908,2003,219.8,230.6,10,0,0,-1,23500,5,54,54
68,1425,2006,252.5,263.5,10,0,0,-1,34166,5,108,55
28,1758,2057,90.2,91.1,10,0,0,-1,34998,3,92,83
64,696,2016,234.7,246.9,10,0,0,-1,26166,5,70,61
167,302,2064,271.7,285.9,10,0,0,-1,42498,5,80,71
114,247,2038,222.2,233.4,10,0,0,-1,38332,5,71,56
81,989,2010,228,240,10,0,0,-1,23500,5,66,60
163,362,2058,260.7,272.9,10,0,0,-1,30166,5,96,61
74,862,1999,232.2,243.4,10,0,0,-1,22500,5,81,56
47,916,2015,298.2,313.4,10,0,0,-1,47498,5,93,76
79,989,2053,266.7,278.9,10,0,0,-1,23500,5,102,61
119,1700,2052,240.1,252.7,10,0,0,-1,29166,5,71,63
136,1043,1990,236.7,248.9,10,0,0,-1,21000,5,72,61
43,1860,2007,205.1,215.7,10,0,0,-1,26666,5,68,53
96,233,2006,213.8,224.6,10,0,0,-1,35332,5,72,54
49,748,2039,241.1,253.7,10,0,0,-1,42498,5,85,63
95,421,2017,245.8,258.6,10,0,0,-1,24500,5,87,64
97,1084,2006,251.2,264.4,10,0,0,-1,30166,5,73,66
75,1563,2029,248.8,261.6,10,0,0,-1,36332,5,76,64
138,901,1995,278.1,292.7,10,0,0,-1,36832,5,81,73
156,325,2066,260.4,272.8,10,0,0,-1,30166,5,93,62
131,1581,2007,254.8,267.6,10,0,0,-1,27666,5,82,64
112,952,2009,257.8,270.6,10,0,0,-1,31666,5,70,64
32,769,719,267,281,10,0,0,-1,44498,5,78,70
149,1482,2043,253.2,264.4,10,0,0,-1,35832,5,102,56
73,1034,1997,247.7,259.9,10,0,0,-1,28666,5,61,61
98,1594,1995,271.7,285.9,10,0,0,-1,32666,5,80,71
71,922,2035,280.3,294.1,10,0,0,-1,36832,5,94,69
160,977,2060,276.3,290.1,10,0,0,-1,29666,5,104,69
35,1012,729,235.4,247.8,10,0,0,-1,39332,5,68,62
42,1481,1996,278.2,291.4,10,0,0,-1,31166,5,110,66
169,57,2062,236.3,248.1,10,0,0,-1,25000,5,77,59
92,249,2048,292.2,307.4,10,0,0,-1,57164,5,99,76
115,76,2043,301.2,316.4,10,0,0,-1,48498,5,96,76
146,946,1992,263.3,277.1,10,0,0,-1,43498,5,77,69
38,1676,2051,248.8,261.6,10,0,0,-1,22500,5,77,64
103,1000,2025,307.3,323.1,10,0,0,-1,37666,5,94,79
117,657,2012,248.5,261.5,10,0,0,-1,31166,5,73,65
30,1708,634,261.1,273.7,10,0,0,-1,32666,5,77,63
50,1207,2035,261.1,273.7,10,0,0,-1,36832,5,91,63
87,1609,2050,250.1,262.7,10,0,0,-1,38332,5,80,63
61,879,2026,330.9,348.3,10,0,0,-1,69996,5,96,87
14,1188,2042,136.8,138.4,10,0,0,-1,49496,3,140,124
91,1638,2005,240,252,10,0,0,-1,35332,5,78,60
105,1906,2017,307.3,323.1,10,0,0,-1,64996,5,79,79
108,1625,2051,271.3,285.1,10,0,0,-1,43998,5,86,69
48,1964,2009,241.1,253.7,10,0,0,-1,24000,5,98,63
102,1864,2031,254.9,268.3,10,0,0,-1,36332,5,74,67
113,475,2012,261.2,274.4,10,0,0,-1,26000,5,83,66
123,1001,2045,256.5,269.5,10,0,0,-1,34332,5,81,65
110,904,2036,271.7,285.9,10,0,0,-1,49664,5,80,71
133,27,2008,238.7,250.9,10,0,0,-1,37832,5,76,61
69,911,2000,283.8,298.6,10,0,0,-1,38332,5,84,74
94,155,2013,305,321,10,0,0,-1,44332,5,89,80
76,1610,2051,286.1,300.7,10,0,0,-1,44998,5,90,73
58,1320,2005,305.3,321.1,10,0,0,-1,59164,5,92,79
148,1841,2022,247.5,260.5,10,0,0,-1,42998,5,72,65
135,3,2006,254.5,267.5,10,0,0,-1,40832,5,75,65
34,1921,1165,257.2,270.4,10,0,0,-1,51664,5,79,66
106,358,2011,268.6,282.2,10,0,0,-1,25000,5,85,68
107,563,2045,272.7,286.9,10,0,0,-1,36832,5,71,71
140,247,2050,279,293,10,0,0,-1,42832,5,70,70
46,307,2053,269.6,283.2,10,0,0,-1,32666,5,86,68
20,1895,1991,89.8,91.4,10,0,0,-1,42830,3,93,77
89,1405,2018,322.5,339.5,10,0,0,-1,55164,5,93,85
157,1749,2065,283,297,10,0,0,-1,50664,5,94,70
29,1168,1335,299.6,315.2,10,0,0,-1,45832,5,89,78
159,690,2069,296.5,311.5,10,0,0,-1,44998,5,91,75
116,1880,2015,306.7,322.9,10,0,0,-1,54164,5,103,81
51,492,2027,303.9,319.3,10,0,0,-1,49998,5,93,77
62,1542,2009,263.8,276.6,10,0,0,-1,38332,5,74,64
120,1272,1996,305.1,319.7,10,0,0,-1,35500,5,108,73
80,1257,2043,269.6,283.2,10,0,0,-1,27500,5,86,68
121,516,2039,277.9,291.3,10,0,0,-1,32666,5,90,67
144,1767,2013,318.8,335.6,10,0,0,-1,42832,5,93,84
37,1567,2011,305.9,321.3,10,0,0,-1,39332,5,109,77
86,1117,2043,262.2,275.4,10,0,0,-1,34166,5,82,66
125,493,2011,293.1,307.7,10,0,0,-1,39332,5,93,73
41,1358,2036,305,321,10,0,0,-1,65830,5,89,80
53,58,2038,278.2,291.4,10,0,0,-1,35666,5,82,66
127,869,2050,314.1,330.7,10,0,0,-1,48498,5,90,83
93,473,2006,295.2,310.4,10,0,0,-1,35166,5,90,76
122,1183,2013,307.3,323.1,10,0,0,-1,36666,5,94,79
88,1840,2023,277.1,291.7,10,0,0,-1,39832,5,81,73
60,744,1990,284.1,298.7,10,0,0,-1,26000,5,87,73
83,1852,2005,272.7,286.9,10,0,0,-1,45998,5,71,71
45,956,2000,294.9,310.3,10,0,0,-1,28500,5,87,77
54,1598,2005,261.9,275.3,10,0,0,-1,39332,5,81,67
84,1591,2022,289.2,304.4,10,0,0,-1,32666,5,84,76
104,296,1996,317.4,333.8,10,0,0,-1,29500,5,106,82
100,1895,1991,300.9,316.3,10,0,0,-1,44332,5,93,77
142,1633,2003,294.9,310.3,10,0,0,-1,42832,5,87,77
129,505,2051,301.8,316.6,10,0,0,-1,40332,5,103,74
109,1788,2033,280.8,295.6,10,0,0,-1,37666,5,81,74
126,19,2018,332.6,350.2,10,0,0,-1,61830,5,95,88
124,1479,2003,331.6,347.2,10,0,0,-1,49498,5,140,78
36,1419,1070,343.7,361.9,10,0,0,-1,65164,5,98,91
99,503,1992,293.8,308.6,10,0,0,-1,30000,5,94,74
33,1409,1186,383.4,403.8,10,0,0,-1,75996,5,108,102
39,879,1992,348.4,366.8,10,0,0,-1,70996,5,100,92
