demandID,SourceID,DestinationID,MinDelay,MaxDelay,Bandwidth,Ishotstandby,DelayDifference,DisjointType,WorkOptCostRangeType,MinCostDelay,MinDelayDelay
111,201,461,194.7,204.9,10,1,0,0,37998,5,51,51
147,297,474,141.2,148.4,10,1,0,0,16000,5,45,36
138,305,471,177.4,185.8,10,1,0,0,14500,5,64,42
82,68,472,205.8,216.6,10,1,0,0,19000,5,60,54
30,12,470,176.5,185.5,10,1,0,0,23666,5,47,45
110,397,474,199.7,209.9,10,1,0,0,22500,5,51,51
142,297,471,178,186,10,1,0,0,17000,5,40,40
121,263,461,191,201,10,1,0,0,40498,5,50,50
25,399,470,275.3,289.1,10,1,0,0,40832,5,69,69
94,142,460,232.7,244.9,10,1,0,0,41498,5,76,61
81,142,462,205.1,215.7,10,1,0,0,40498,5,68,53
85,259,473,204.4,214.8,10,1,0,0,20000,5,63,52
122,193,464,224.6,236.2,10,1,0,0,30166,5,58,58
96,380,469,253,265,10,1,0,0,39832,5,91,60
12,20,447,254.5,267.5,10,1,0,0,50164,5,79,65
23,435,470,301.2,316.4,10,1,0,0,43332,5,76,76
77,441,462,240.4,252.8,10,1,0,0,31166,5,73,62
37,136,473,215.5,226.5,10,1,0,0,20000,5,67,55
73,20,461,276.1,290.7,10,1,0,0,49664,5,73,73
109,428,471,281,295,10,1,0,0,55164,5,92,70
117,304,462,172.1,180.7,10,1,0,0,35998,5,56,43
129,209,462,264.8,277.6,10,1,0,0,49164,5,92,64
101,209,462,264.8,277.6,10,1,0,0,49164,5,92,64
42,41,471,237.2,248.4,10,1,0,0,28666,5,56,56
41,38,466,196.7,206.9,10,1,0,0,29166,5,59,51
144,247,467,233.7,245.9,10,1,0,0,39332,5,72,61
16,61,444,274.6,288.2,10,1,0,0,68162,5,91,68
126,132,473,241.4,253.8,10,1,0,0,30666,5,65,62
55,308,472,272.4,286.8,10,1,0,0,43498,5,78,72
140,172,473,267.3,281.1,10,1,0,0,37832,5,80,69
56,139,469,209.5,220.5,10,1,0,0,27166,5,55,55
99,251,473,248.8,261.6,10,1,0,0,31666,5,73,64
135,203,468,222.6,234.2,10,1,0,0,32666,5,58,58
100,203,468,222.6,234.2,10,1,0,0,32666,5,58,58
146,358,467,267,281,10,1,0,0,36666,5,81,70
103,138,467,191,201,10,1,0,0,29166,5,53,50
49,171,466,218.9,230.3,10,1,0,0,32666,5,65,57
24,302,471,236.6,248.2,10,1,0,0,30666,5,58,58
43,68,471,231.5,242.5,10,1,0,0,24000,5,83,55
50,268,472,215.2,226.4,10,1,0,0,26666,5,64,56
54,397,465,245.4,257.8,10,1,0,0,33500,5,78,62
62,16,461,298.3,314.1,10,1,0,0,61330,5,79,79
127,277,460,382.6,402.2,10,1,0,0,106992,5,118,98
106,162,471,273.6,287.2,10,1,0,0,53164,5,96,68
46,166,475,292.9,308.3,10,1,0,0,47998,5,77,77
17,206,464,265.3,279.1,10,1,0,0,37666,5,69,69
80,52,467,241.1,253.7,10,1,0,0,35166,5,66,63
34,287,473,278.4,292.8,10,1,0,0,40332,5,81,72
53,198,477,307.7,323.9,10,1,0,0,51998,5,81,81
66,416,462,307,323,10,1,0,0,67330,5,91,80
145,44,475,315.1,331.7,10,1,0,0,61164,5,83,83
33,198,461,294.6,310.2,10,1,0,0,47998,5,78,78
86,412,470,356.7,374.9,10,1,0,0,75830,5,91,91
70,124,473,278.4,292.8,10,1,0,0,36166,5,84,72
51,36,473,318.8,335.6,10,1,0,0,54498,5,95,84
20,400,463,324.4,340.8,10,1,0,0,56998,5,107,82
58,79,473,319.1,335.7,10,1,0,0,45332,5,92,83
89,6,471,326,342,10,1,0,0,59664,5,88,80
128,103,473,311.7,327.9,10,1,0,0,61164,5,84,81
120,35,473,359.5,378.5,10,1,0,0,70664,5,106,95
137,48,473,315.1,331.7,10,1,0,0,70330,5,83,83
57,155,473,304.3,320.1,10,1,0,0,47832,5,90,79
95,438,477,358.8,377.6,10,1,0,0,63664,5,105,94
35,85,470,333.6,351.2,10,1,0,0,56998,5,96,88
38,332,466,316.6,332.2,10,1,0,0,70996,5,106,78
68,46,475,336.8,353.6,10,1,0,0,74496,5,102,84
28,312,469,252.2,265.4,10,1,0,0,39166,5,74,66
79,17,461,364.9,384.3,10,1,0,0,84496,5,97,97
143,293,469,318.8,335.6,10,1,0,0,66664,5,100,84
92,37,469,311.4,327.8,10,1,0,0,51832,5,98,82
67,85,469,350.1,368.7,10,1,0,0,63498,5,107,93
119,438,467,406.9,428.3,10,1,0,0,80164,5,118,107
59,20,469,370.6,390.2,10,1,0,0,77664,5,98,98
83,124,469,292.9,308.3,10,1,0,0,46666,5,77,77
134,208,473,363.2,382.4,10,1,0,0,67998,5,96,96
113,115,463,353.7,371.9,10,1,0,0,87662,5,108,91
115,181,467,389.1,409.7,10,1,0,0,70998,5,114,103
27,126,471,332.8,349.6,10,1,0,0,60498,5,84,84
74,291,468,339.1,355.7,10,1,0,0,74996,5,115,83
14,10,453,338.6,356.2,10,1,0,0,58000,5,91,88
105,437,465,369.6,387.2,10,1,0,0,106994,5,134,88
60,47,469,352.1,370.7,10,1,0,0,84162,5,101,93
125,47,469,352.1,370.7,10,1,0,0,84162,5,101,93
26,83,473,282.1,296.7,10,1,0,0,33666,5,85,73
114,115,469,413.5,434.5,10,1,0,0,97662,5,132,105
10,390,442,393.8,414.6,10,1,0,0,91662,5,118,104
39,76,471,436.4,458.8,10,1,0,0,83830,5,118,112
88,51,469,230,242,10,1,0,0,40832,5,60,60
31,82,464,202.4,212.8,10,1,0,0,24000,5,56,52
141,115,467,426,448,10,1,0,0,122492,5,132,110
15,232,451,372.4,390.8,10,1,0,0,66832,5,114,92
76,259,464,198.7,208.9,10,1,0,0,22500,5,51,51
13,176,458,470.5,495.5,10,1,0,0,107828,5,133,125
84,199,465,398,418,10,1,0,0,107494,5,128,100
18,177,469,448.3,472.1,10,1,0,0,122492,5,127,119
11,27,453,453.3,477.1,10,1,0,0,110326,5,122,119
108,1,464,176.5,185.5,10,1,0,0,23500,5,49,45
112,377,474,262.6,276.2,10,1,0,0,56664,5,79,68
