demandID,SourceID,DestinationID,MinDelay,MaxDelay,Bandwidth,Ishotstandby,DelayDifference,DisjointType,WorkOptCostRangeType,MinCostDelay,MinDelayDelay
185,258,470,189.6,199.2,10,1,0,0,24666,5,60,48
159,147,468,166.6,174.2,10,1,0,0,15500,5,64,38
174,241,468,148.8,155.6,10,1,0,0,16000,5,57,34
116,39,471,219.2,230.4,10,1,0,0,38498,5,68,56
104,435,461,204.4,214.8,10,1,0,0,26166,5,64,52
170,117,471,163.4,171.8,10,1,0,0,41664,5,66,42
127,353,474,174.8,183.6,10,1,0,0,20000,5,44,44
221,282,467,177.1,185.7,10,1,0,0,18000,5,61,43
80,386,455,161.6,169.2,10,1,0,0,35332,5,52,38
146,112,457,186.2,195.4,10,1,0,0,32332,5,62,46
230,112,474,201,211,10,1,0,0,33332,5,66,50
77,110,463,171.4,179.8,10,1,0,0,17000,5,58,42
157,377,471,161,169,10,1,0,0,14500,5,53,40
223,434,460,197.2,206.4,10,1,0,0,23000,5,73,46
187,377,471,161,169,10,1,0,0,14500,5,53,40
245,114,471,189.3,199.1,10,1,0,0,44664,5,73,49
145,114,471,189.3,199.1,10,1,0,0,44664,5,73,49
244,416,457,211.8,222.6,10,1,0,0,36832,5,66,54
74,39,469,240.4,252.8,10,1,0,0,41498,5,73,62
176,358,469,209.9,219.3,10,1,0,0,50330,5,83,47
235,248,472,200.7,210.9,10,1,0,0,26666,5,89,51
53,118,468,182.1,190.7,10,1,0,0,37998,5,66,43
250,45,471,226.3,238.1,10,1,0,0,34332,5,67,59
89,220,469,225.3,237.1,10,1,0,0,55330,5,66,59
216,380,455,191.2,200.4,10,1,0,0,36832,5,60,46
237,227,471,234,246,10,1,0,0,35332,5,60,60
90,66,469,192.3,202.1,10,1,0,0,26666,5,49,49
137,66,469,192.3,202.1,10,1,0,0,26666,5,49,49
152,227,471,234,246,10,1,0,0,35332,5,60,60
72,284,463,210.1,220.7,10,1,0,0,35332,5,67,53
52,284,463,210.1,220.7,10,1,0,0,35332,5,67,53
113,390,471,199.9,209.3,10,1,0,0,34832,5,63,47
210,220,468,229,241,10,1,0,0,54330,5,67,60
108,125,468,218.2,229.4,10,1,0,0,40998,5,82,56
228,88,466,245.4,257.8,10,1,0,0,34832,5,78,62
84,284,459,221.2,232.4,10,1,0,0,35332,5,70,56
192,269,456,245.4,257.8,10,1,0,0,36332,5,78,62
242,112,463,197.3,207.1,10,1,0,0,34332,5,65,49
123,375,466,194.9,204.3,10,1,0,0,29666,5,47,47
205,139,460,214.8,225.6,10,1,0,0,36332,5,54,54
132,375,466,194.9,204.3,10,1,0,0,29666,5,47,47
214,375,466,194.9,204.3,10,1,0,0,29666,5,47,47
39,139,448,197.3,207.1,10,1,0,0,33832,5,60,49
229,421,456,267.3,281.1,10,1,0,0,49498,5,81,69
198,151,466,219.8,230.6,10,1,0,0,43498,5,74,54
97,398,474,249.5,262.5,10,1,0,0,37832,5,74,65
121,165,471,278.1,292.7,10,1,0,0,57830,5,81,73
138,39,467,248.5,261.5,10,1,0,0,44998,5,73,65
190,69,471,219.2,230.4,10,1,0,0,27666,5,56,56
48,240,450,203.4,213.8,10,1,0,0,29166,5,78,52
47,435,443,215.5,226.5,10,1,0,0,28166,5,59,55
227,247,457,230.6,242.2,10,1,0,0,34332,5,74,58
124,171,469,251.5,264.5,10,1,0,0,37832,5,65,65
92,119,462,208.4,218.8,10,1,0,0,37332,5,68,52
236,176,469,257.8,270.6,10,1,0,0,40332,5,85,64
133,171,469,251.5,264.5,10,1,0,0,37832,5,65,65
125,207,469,240.4,252.8,10,1,0,0,30666,5,62,62
120,370,455,248.4,260.8,10,1,0,0,70664,5,74,62
219,368,469,276.1,290.7,10,1,0,0,50164,5,79,73
98,378,458,213.5,224.5,10,1,0,0,31666,5,68,55
191,19,466,238.3,250.1,10,1,0,0,43998,5,79,59
110,145,469,236.4,248.8,10,1,0,0,50664,5,69,62
147,207,468,244.1,256.7,10,1,0,0,30166,5,89,63
61,226,471,267.3,281.1,10,1,0,0,48498,5,69,69
142,175,464,232.6,244.2,10,1,0,0,35666,5,78,58
182,424,472,227.3,239.1,10,1,0,0,27500,5,71,59
177,253,472,267,281,10,1,0,0,49164,5,78,70
41,216,451,225.6,237.2,10,1,0,0,30666,5,75,58
131,286,474,288,302,10,1,0,0,48998,5,83,70
175,64,464,215.2,226.4,10,1,0,0,29000,5,66,56
60,113,460,249.3,261.1,10,1,0,0,48498,5,90,59
178,251,466,252.8,265.6,10,1,0,0,36832,5,80,64
193,424,456,186.6,196.2,10,1,0,0,21000,5,60,48
232,123,460,237,249,10,1,0,0,35166,5,75,60
168,313,468,291.9,307.3,10,1,0,0,47998,5,77,77
129,418,460,288.7,302.9,10,1,0,0,67164,5,83,71
37,41,450,236.7,248.9,10,1,0,0,33166,5,87,61
100,253,469,262.9,276.3,10,1,0,0,51164,5,75,67
186,107,466,242.9,254.3,10,1,0,0,41832,5,89,57
166,359,460,266.5,279.5,10,1,0,0,60996,5,81,65
88,90,460,288.8,303.6,10,1,0,0,59664,5,89,74
220,285,458,276.7,290.9,10,1,0,0,47998,5,85,71
71,121,464,233.7,245.9,10,1,0,0,32000,5,71,61
238,191,469,240.1,252.7,10,1,0,0,44498,5,70,63
222,118,464,216.1,226.7,10,1,0,0,49498,5,75,53
59,369,465,280.4,294.8,10,1,0,0,60830,5,86,72
66,370,461,264.3,278.1,10,1,0,0,63664,5,81,69
107,238,460,288.8,303.6,10,1,0,0,55998,5,89,74
209,258,458,293.5,308.5,10,1,0,0,40166,5,91,75
57,287,473,286.1,300.7,10,1,0,0,50832,5,73,73
239,258,459,282.4,296.8,10,1,0,0,41166,5,88,72
78,384,457,309,325,10,1,0,0,53998,5,97,80
68,392,459,263.9,277.3,10,1,0,0,66164,5,83,67
243,368,455,313.6,329.2,10,1,0,0,90994,5,96,78
241,392,472,260.2,273.4,10,1,0,0,59164,5,82,66
28,346,396,334.6,352.2,10,1,0,0,81496,5,97,88
45,17,454,273.2,286.4,10,1,0,0,38666,5,76,66
226,106,463,289.8,304.6,10,1,0,0,56498,5,90,74
38,284,447,250.4,262.8,10,1,0,0,42332,5,83,62
99,259,457,323.1,339.7,10,1,0,0,49832,5,99,83
67,50,460,314.7,330.9,10,1,0,0,55998,5,81,81
91,265,471,333.6,351.2,10,1,0,0,76996,5,112,88
119,132,464,267,281,10,1,0,0,46166,5,80,70
81,177,469,328.1,344.7,10,1,0,0,59498,5,104,83
70,371,458,308.7,324.9,10,1,0,0,67498,5,93,81
200,7,460,340.6,358.2,10,1,0,0,78496,5,103,88
153,12,460,336.9,354.3,10,1,0,0,68498,5,102,87
162,12,460,336.9,354.3,10,1,0,0,68498,5,102,87
62,115,458,293.5,308.5,10,1,0,0,66830,5,91,75
51,115,448,283.3,297.1,10,1,0,0,65330,5,107,69
160,385,460,280,294,10,1,0,0,57664,5,91,70
207,11,460,348,366,10,1,0,0,77664,5,105,90
240,69,466,264.2,277.4,10,1,0,0,40166,5,86,66
154,177,474,358.1,376.7,10,1,0,0,72498,5,107,93
112,197,467,322.5,339.5,10,1,0,0,66164,5,93,85
140,427,460,326.1,342.7,10,1,0,0,75162,5,102,83
117,300,460,322.1,338.7,10,1,0,0,58498,5,83,83
130,87,469,184.6,194.2,10,1,0,0,24166,5,48,48
102,419,460,310.9,326.3,10,1,0,0,93660,5,104,77
141,355,472,300.6,316.2,10,1,0,0,60332,5,78,78
163,287,466,279.9,293.3,10,1,0,0,48832,5,71,67
58,223,461,339.7,355.9,10,1,0,0,74996,5,121,81
94,7,466,319.4,335.8,10,1,0,0,77996,5,98,82
42,417,440,303.2,318.4,10,1,0,0,55498,5,94,76
55,429,461,149.6,157.2,10,1,0,0,17000,5,50,38
64,224,461,332.5,349.5,10,1,0,0,73330,5,103,85
139,106,464,301.2,316.4,10,1,0,0,77328,5,98,76
148,247,462,278.7,292.9,10,1,0,0,49832,5,87,71
217,10,467,344.7,362.9,10,1,0,0,82830,5,99,91
35,39,447,314,330,10,1,0,0,56498,5,98,80
122,104,474,371.2,390.4,10,1,0,0,79496,5,112,96
43,159,446,270,284,10,1,0,0,34000,5,96,70
212,437,460,373.8,392.6,10,1,0,0,86828,5,121,94
165,107,458,267.6,281.2,10,1,0,0,43832,5,84,68
202,278,468,318.1,334.7,10,1,0,0,60998,5,109,83
56,184,469,237.6,249.2,10,1,0,0,43998,5,81,58
161,364,461,153.3,161.1,10,1,0,0,18500,5,51,39
194,303,469,343.6,361.2,10,1,0,0,79496,5,106,88
73,357,473,331.6,349.2,10,1,0,0,74664,5,110,88
105,126,464,307.7,323.9,10,1,0,0,78662,5,91,81
171,183,464,338.2,355.4,10,1,0,0,91494,5,108,86
211,183,464,338.2,355.4,10,1,0,0,91494,5,108,86
155,438,462,404.5,425.5,10,1,0,0,95494,5,121,105
34,279,447,310.7,326.9,10,1,0,0,47832,5,107,81
173,67,464,296.6,312.2,10,1,0,0,71998,5,88,78
79,179,469,384.4,404.8,10,1,0,0,90330,5,123,102
86,420,472,348.7,366.9,10,1,0,0,92494,5,100,91
183,224,458,388,408,10,1,0,0,88830,5,128,100
143,92,460,389.3,409.1,10,1,0,0,100160,5,122,99
215,205,460,325.8,342.6,10,1,0,0,60998,5,91,84
29,267,448,386.9,406.3,10,1,0,0,93994,5,127,97
164,214,469,181.2,190.4,10,1,0,0,20000,5,46,46
195,214,469,181.2,190.4,10,1,0,0,20000,5,46,46
114,369,474,348.6,366.2,10,1,0,0,82330,5,121,88
30,125,451,318.4,334.8,10,1,0,0,66998,5,118,82
181,374,472,311.7,327.9,10,1,0,0,62832,5,110,81
111,316,464,389.1,409.7,10,1,0,0,101994,5,113,103
234,264,456,419.8,440.6,10,1,0,0,104162,5,139,104
180,108,461,197.3,207.1,10,1,0,0,24666,5,65,49
196,48,459,398.8,419.6,10,1,0,0,101660,5,118,104
199,303,464,381.3,401.1,10,1,0,0,110326,5,114,99
103,315,466,393.4,413.8,10,1,0,0,101160,5,118,102
96,179,458,446.9,470.3,10,1,0,0,109660,5,131,117
188,262,468,428.8,451.6,10,1,0,0,107660,5,137,114
246,264,467,418.9,440.3,10,1,0,0,114992,5,146,107
75,186,460,208.6,218.2,10,1,0,0,30666,5,79,48
63,363,460,181.8,190.6,10,1,0,0,28500,5,56,44
136,386,472,221.2,232.4,10,1,0,0,38332,5,70,56
