demandID,SourceID,DestinationID,MinDelay,MaxDelay,Bandwidth,Ishotstandby,DelayDifference,DisjointType,WorkOptCostRangeType,MinCostDelay,MinDelayDelay
21,1484,2030,129.8,131.4,10,0,0,-1,48330,3,133,117
24,591,2057,86.2,89.1,10,0,0,-1,29498,3,92,63
17,792,2024,103.2,104.6,10,0,0,-1,53496,3,106,92
6,40,2010,112.2,113.1,10,0,0,-1,33332,3,149,105
25,1810,2004,106.4,107.7,10,0,0,-1,25166,3,109,96
23,1665,2004,91.4,92.7,10,0,0,-1,18500,3,94,81
75,1983,2008,147.5,154.5,10,0,0,-1,11500,5,51,35
7,399,2023,80.8,81.4,10,0,0,-1,29832,3,82,76
124,998,2036,227.6,239.2,10,0,0,-1,63996,5,71,58
0,240,1254,59.2,61.1,10,0,0,-1,33332,3,63,44
11,317,2037,84.8,85.4,10,0,0,-1,47330,3,86,80
146,414,2046,111.6,117.2,10,0,0,-1,15000,5,36,28
47,425,2022,161,169,10,0,0,-1,23166,5,53,40
137,1983,2033,178,186,10,0,0,-1,19000,5,70,40
19,1279,2014,66.2,68.6,10,0,0,-1,20000,3,71,47
163,1186,2081,132.1,138.7,10,0,0,-1,15000,5,43,33
9,1752,2063,115.8,116.4,10,0,0,-1,57162,3,117,111
29,189,2088,88.4,89.7,10,0,0,-1,28332,3,91,78
169,243,2089,136.1,142.7,10,0,0,-1,14000,5,47,33
26,634,2036,114.4,117.2,10,0,0,-1,39498,3,120,92
173,490,2083,176.5,183.5,10,0,0,-1,17500,5,35,35
27,640,2010,84,87.5,10,0,0,-1,33332,3,91,56
56,1792,2048,194.8,203.6,10,0,0,-1,30832,5,76,44
1,710,453,144.4,148.7,10,0,0,-1,53330,3,153,110
44,390,2008,167,175,10,0,0,-1,16000,5,59,40
52,1171,2026,185.1,193.7,10,0,0,-1,26666,5,56,43
96,731,2013,179.7,187.9,10,0,0,-1,45164,5,69,41
20,836,2067,66,69,10,0,0,-1,22000,3,72,42
30,995,2090,101.6,104.8,10,0,0,-1,53330,3,108,76
5,1041,2061,88.6,90.8,10,0,0,-1,33332,3,93,71
33,240,1254,181.8,190.6,10,0,0,-1,35332,5,63,44
90,636,2060,201.8,210.6,10,0,0,-1,25166,5,83,44
177,1401,2082,171.8,180.6,10,0,0,-1,18500,5,53,44
165,839,2088,217.1,227.7,10,0,0,-1,39498,5,74,53
13,1677,2035,90,91.5,10,0,0,-1,24500,3,93,78
32,1789,2092,56,57,10,0,0,-1,20832,5,55,48
161,1670,2049,263.7,275.9,10,0,0,-1,54330,5,99,61
170,111,2082,190.9,200.3,10,0,0,-1,36998,5,64,47
10,893,2069,115,118,10,0,0,-1,40332,3,121,91
129,1385,2021,180.2,189.4,10,0,0,-1,19500,5,56,46
89,725,2040,193.3,201.1,10,0,0,-1,21000,5,41,39
179,701,2075,198,208,10,0,0,-1,31332,5,63,50
81,1047,2029,202.3,212.1,10,0,0,-1,32666,5,83,49
106,168,2062,183.1,191.7,10,0,0,-1,23666,5,45,43
138,314,2039,191.3,201.1,10,0,0,-1,29332,5,59,49
147,823,2065,201.4,211.8,10,0,0,-1,18000,5,61,52
8,230,2070,106,107,10,0,0,-1,31166,3,108,98
123,755,2017,228.4,238.8,10,0,0,-1,46164,5,52,52
122,1400,2030,195.3,205.1,10,0,0,-1,18000,5,63,49
180,786,2083,176.8,185.6,10,0,0,-1,19500,5,58,44
104,836,2067,185.4,193.8,10,0,0,-1,23500,5,72,42
12,897,2074,116.8,118.9,10,0,0,-1,58662,3,121,100
38,613,1855,201.6,211.2,10,0,0,-1,39498,5,72,48
35,1366,1449,211.1,221.7,10,0,0,-1,41998,5,68,53
105,392,2066,172.3,180.1,10,0,0,-1,23666,5,66,39
184,1789,2092,187.6,197.2,10,0,0,-1,22166,5,55,48
2,1792,2002,94.2,95.6,10,0,0,-1,28998,3,97,83
67,925,2066,190.5,199.5,10,0,0,-1,21000,5,54,45
108,1232,2049,169.8,178.6,10,0,0,-1,16000,5,51,44
4,781,2017,96,98.5,10,0,0,-1,59996,3,101,76
100,1279,2014,197.9,207.3,10,0,0,-1,22000,5,71,47
49,112,2040,204.4,214.8,10,0,0,-1,41998,5,64,52
109,192,2051,179.2,188.4,10,0,0,-1,18000,5,55,46
142,959,2030,241.1,253.7,10,0,0,-1,30832,5,63,63
3,788,2023,81.6,82.3,10,0,0,-1,35832,3,83,76
41,1895,2063,282.1,296.7,10,0,0,-1,57164,5,85,73
182,1095,2075,237.5,248.5,10,0,0,-1,33166,5,70,55
166,1226,2075,242.7,254.9,10,0,0,-1,39998,5,76,61
116,1737,2050,241.7,253.9,10,0,0,-1,25666,5,77,61
79,300,2045,159.7,167.9,10,0,0,-1,20000,5,49,41
102,242,2007,197.6,207.2,10,0,0,-1,19000,5,50,48
66,799,2033,247,259,10,0,0,-1,33166,5,85,60
40,1272,2040,262.3,276.1,10,0,0,-1,53664,5,76,69
99,1439,2021,199.2,208.4,10,0,0,-1,28166,5,75,46
121,1416,2041,258.9,272.3,10,0,0,-1,53830,5,78,67
61,147,2029,199.7,209.9,10,0,0,-1,28166,5,62,51
31,430,2090,112.8,114.4,10,0,0,-1,56162,3,116,100
160,313,2012,194.3,204.1,10,0,0,-1,24666,5,62,49
112,1789,2017,204.1,214.7,10,0,0,-1,22166,5,61,53
120,591,2057,262.1,274.7,10,0,0,-1,34832,5,92,63
115,1043,2053,199.4,209.8,10,0,0,-1,18000,5,59,52
114,1311,2050,220.6,232.2,10,0,0,-1,33332,5,64,58
16,1414,2071,106.8,107.9,10,0,0,-1,44998,3,109,98
71,838,2030,248.4,260.8,10,0,0,-1,35832,5,81,62
149,749,2065,224.6,236.2,10,0,0,-1,25166,5,68,58
97,453,2034,210.4,220.8,10,0,0,-1,27000,5,70,52
158,1230,2068,227.3,239.1,10,0,0,-1,38832,5,68,59
133,1153,2065,245.4,257.8,10,0,0,-1,45164,5,78,62
183,891,2090,209.7,219.9,10,0,0,-1,20500,5,72,51
110,958,2030,259.6,273.2,10,0,0,-1,39498,5,68,68
178,788,2081,220.2,231.4,10,0,0,-1,34832,5,69,56
62,1172,2022,262.2,273.4,10,0,0,-1,30000,5,88,56
151,1870,2004,237,249,10,0,0,-1,34832,5,80,60
36,392,1410,208.4,218.8,10,0,0,-1,29666,5,68,52
50,959,2031,263.3,277.1,10,0,0,-1,35332,5,69,69
80,1112,2026,258,268,10,0,0,-1,37166,5,74,50
63,1199,2011,231.7,243.9,10,0,0,-1,28000,5,67,61
154,1002,2052,250.3,262.1,10,0,0,-1,37332,5,91,59
118,575,2037,205.4,215.8,10,0,0,-1,24000,5,65,52
101,1257,2059,242.8,255.6,10,0,0,-1,44498,5,70,64
98,298,2024,218.7,228.9,10,0,0,-1,26166,5,51,51
91,1807,2024,222.6,234.2,10,0,0,-1,27166,5,66,58
111,822,2047,224.9,236.3,10,0,0,-1,25166,5,90,57
68,512,2004,234.3,246.1,10,0,0,-1,40998,5,75,59
94,1807,2024,222.6,234.2,10,0,0,-1,27166,5,66,58
84,265,2036,243,255,10,0,0,-1,30166,5,69,60
181,1747,2086,238.6,250.2,10,0,0,-1,25166,5,68,58
157,1050,2014,222.9,234.3,10,0,0,-1,26666,5,69,57
171,1256,2092,225.6,237.2,10,0,0,-1,36832,5,69,58
37,452,1235,253.9,267.3,10,0,0,-1,38332,5,73,67
93,1222,2021,205.4,215.8,10,0,0,-1,23000,5,65,52
18,1436,2048,177.8,178.9,10,0,0,-1,79660,3,186,169
131,1311,2030,247.1,259.7,10,0,0,-1,35832,5,77,63
172,643,2089,285.1,297.7,10,0,0,-1,48664,5,112,63
126,1794,2017,229.3,241.1,10,0,0,-1,18500,5,70,59
156,640,2010,242.2,253.4,10,0,0,-1,38332,5,91,56
15,667,2055,129.2,130.6,10,0,0,-1,69496,3,132,118
176,1286,2090,230.2,241.4,10,0,0,-1,41498,5,79,56
48,346,2036,242.8,255.6,10,0,0,-1,27500,5,70,64
159,275,2038,277,291,10,0,0,-1,27166,5,79,70
141,1020,2066,281.5,294.5,10,0,0,-1,35166,5,106,65
107,1059,2023,266,280,10,0,0,-1,40332,5,100,70
54,1334,2037,254.8,267.6,10,0,0,-1,44998,5,73,64
43,1212,2068,286.1,300.7,10,0,0,-1,41332,5,89,73
167,280,2086,247.7,259.9,10,0,0,-1,41998,5,83,61
145,1426,2028,237.7,249.9,10,0,0,-1,31166,5,93,61
60,838,2005,255.5,268.5,10,0,0,-1,37832,5,80,65
57,1518,2030,250.2,263.4,10,0,0,-1,33832,5,72,66
77,4,2050,268.7,282.9,10,0,0,-1,40498,5,77,71
59,1316,2006,262.5,275.5,10,0,0,-1,37332,5,76,65
86,859,2034,289,303,10,0,0,-1,38666,5,102,70
135,239,2020,251.5,264.5,10,0,0,-1,30666,5,76,65
153,1651,2066,256.9,270.3,10,0,0,-1,29666,5,76,67
130,115,2023,239.7,251.9,10,0,0,-1,30166,5,107,61
42,1115,2027,280,294,10,0,0,-1,51998,5,70,70
58,1041,2061,284.7,298.9,10,0,0,-1,41332,5,93,71
74,308,2062,261.9,275.3,10,0,0,-1,37832,5,78,67
168,958,2085,297.1,311.7,10,0,0,-1,42998,5,99,73
174,1146,2082,269,283,10,0,0,-1,41332,5,80,70
95,1458,2068,252.1,264.7,10,0,0,-1,32000,5,82,63
152,8,2051,268,282,10,0,0,-1,29666,5,79,70
144,1821,2047,234.3,246.1,10,0,0,-1,33832,5,75,59
128,1228,2033,319.4,335.8,10,0,0,-1,58664,5,98,82
117,987,2012,253.5,266.5,10,0,0,-1,40832,5,78,65
88,1915,2039,276.4,290.8,10,0,0,-1,44498,5,82,72
162,1397,2004,281,295,10,0,0,-1,45498,5,81,70
76,749,2010,261.9,275.3,10,0,0,-1,32166,5,81,67
22,710,2048,118.2,120.1,10,0,0,-1,60996,3,122,103
119,1290,2001,248.1,260.7,10,0,0,-1,27000,5,72,63
148,1371,2025,266.3,280.1,10,0,0,-1,33666,5,90,69
46,21,2031,258.9,272.3,10,0,0,-1,32166,5,70,67
155,285,2037,262.2,275.4,10,0,0,-1,32166,5,87,66
51,1823,2067,264.3,278.1,10,0,0,-1,30000,5,78,69
45,1949,2012,274.9,288.3,10,0,0,-1,37332,5,94,67
150,829,2030,311.4,327.8,10,0,0,-1,60330,5,82,82
53,957,2025,342.6,360.2,10,0,0,-1,54164,5,104,88
70,1994,2017,282.8,297.6,10,0,0,-1,42498,5,83,74
55,781,2017,306.2,321.4,10,0,0,-1,66496,5,101,76
132,1870,2022,301.6,317.2,10,0,0,-1,41332,5,91,78
143,118,2025,258.9,272.3,10,0,0,-1,30166,5,88,67
73,1783,2023,294.2,309.4,10,0,0,-1,38332,5,89,76
127,68,2035,258.1,270.7,10,0,0,-1,37166,5,77,63
164,1182,2086,298.5,313.5,10,0,0,-1,49998,5,115,75
140,1416,2050,316.7,332.9,10,0,0,-1,56830,5,92,81
82,1092,2065,327.9,343.3,10,0,0,-1,57664,5,86,77
69,1152,2017,306.9,322.3,10,0,0,-1,57330,5,105,77
92,363,2022,275,289,10,0,0,-1,36166,5,86,70
87,526,2073,291.9,307.3,10,0,0,-1,39832,5,84,77
28,111,2082,60.6,62.3,10,0,0,-1,45330,3,64,47
78,979,2068,316.1,332.7,10,0,0,-1,55998,5,92,83
72,399,2023,287.2,302.4,10,0,0,-1,39832,5,82,76
103,1481,2012,298.6,314.2,10,0,0,-1,42332,5,88,78
34,1948,451,298.2,313.4,10,0,0,-1,42332,5,76,76
39,971,613,276,290,10,0,0,-1,33666,5,87,70
139,314,1997,271.3,285.1,10,0,0,-1,36332,5,85,69
83,1913,2048,255.5,268.5,10,0,0,-1,34166,5,80,65
64,1944,2022,312.7,328.9,10,0,0,-1,36666,5,81,81
134,451,2068,288.9,302.3,10,0,0,-1,38166,5,111,67
113,1931,2014,289.5,304.5,10,0,0,-1,38666,5,87,75
175,995,2090,313.2,328.4,10,0,0,-1,62830,5,108,76
125,1042,2017,309.1,323.7,10,0,0,-1,37166,5,102,73
14,370,2041,133.2,136.1,10,0,0,-1,66828,3,147,110
65,1224,1997,279.7,293.9,10,0,0,-1,31666,5,86,71
85,317,2037,302,318,10,0,0,-1,58830,5,86,80
136,1658,2018,311.4,327.8,10,0,0,-1,46498,5,90,82
