demandID,SourceID,DestinationID,MinDelay,MaxDelay,Bandwidth,Ishotstandby,DelayDifference,DisjointType,WorkOptCostRangeType,MinCostDelay,MinDelayDelay
51,228,472,169.8,178.6,10,1,0,0,18000,5,51,44
55,417,474,204.1,214.7,10,1,0,0,38498,5,61,53
106,194,466,159.3,167.1,10,1,0,0,19000,5,54,39
88,215,476,192,202,10,1,0,0,30832,5,53,50
78,436,465,196,206,10,1,0,0,34832,5,61,50
129,346,474,214.5,225.5,10,1,0,0,40498,5,66,55
172,194,475,165.7,173.9,10,1,0,0,17000,5,70,41
94,176,465,195.7,205.9,10,1,0,0,32832,5,58,51
155,402,465,233.7,245.9,10,1,0,0,54830,5,69,61
143,228,467,172.9,180.3,10,1,0,0,19500,5,73,37
170,402,465,233.7,245.9,10,1,0,0,54830,5,69,61
100,128,479,215,225,10,1,0,0,38498,5,80,50
114,114,482,199.4,209.8,10,1,0,0,40998,5,59,52
103,86,479,215,225,10,1,0,0,31832,5,80,50
33,309,480,173.4,181.8,10,1,0,0,18000,5,60,42
42,193,480,214.1,224.7,10,1,0,0,27666,5,71,53
86,315,475,206.7,216.9,10,1,0,0,25166,5,69,51
121,285,473,221.9,233.3,10,1,0,0,31832,5,68,57
77,357,482,215.2,226.4,10,1,0,0,25166,5,64,56
83,231,483,199,209,10,1,0,0,20000,5,64,50
126,214,472,195.7,205.9,10,1,0,0,41498,5,58,51
145,297,474,198,208,10,1,0,0,20500,5,63,50
46,209,473,251.5,264.5,10,1,0,0,41498,5,76,65
178,180,482,236.4,248.8,10,1,0,0,43998,5,69,62
43,61,474,195.3,205.1,10,1,0,0,24666,5,63,49
141,219,475,202.7,212.9,10,1,0,0,20000,5,80,51
84,225,474,204.3,214.1,10,1,0,0,35498,5,72,49
45,308,480,188.2,197.4,10,1,0,0,25666,5,64,46
118,67,482,199.4,209.8,10,1,0,0,28166,5,58,52
128,47,482,195.7,205.9,10,1,0,0,22000,5,57,51
169,332,482,233.7,245.9,10,1,0,0,28500,5,69,61
101,21,474,224.9,236.3,10,1,0,0,54330,5,71,57
156,346,467,243.5,254.5,10,1,0,0,44498,5,66,55
139,145,472,236.4,248.8,10,1,0,0,30166,5,69,62
64,71,471,228.6,240.2,10,1,0,0,23500,5,72,58
23,85,462,243.8,256.6,10,1,0,0,33166,5,71,64
159,294,471,232.7,244.9,10,1,0,0,39332,5,68,61
144,377,464,281.1,295.7,10,1,0,0,50998,5,84,73
109,360,483,251.5,264.5,10,1,0,0,32166,5,76,65
153,86,481,258.5,271.5,10,1,0,0,41332,5,65,65
98,348,465,255.2,268.4,10,1,0,0,58830,5,77,66
152,230,474,217.5,228.5,10,1,0,0,26666,5,69,55
107,22,475,254.5,267.5,10,1,0,0,50664,5,94,65
132,321,465,277.4,291.8,10,1,0,0,39832,5,83,72
146,19,472,269.7,283.9,10,1,0,0,59330,5,78,71
151,246,473,270,284,10,1,0,0,37332,5,81,70
35,412,464,310.7,326.9,10,1,0,0,60164,5,92,81
115,323,468,281.1,295.7,10,1,0,0,52664,5,84,73
166,417,481,259.1,271.7,10,1,0,0,45498,5,71,63
65,297,483,249.8,262.6,10,1,0,0,26500,5,77,64
150,297,475,242.4,254.8,10,1,0,0,24500,5,75,62
104,47,473,236.7,248.9,10,1,0,0,23000,5,72,61
30,23,461,261.1,273.7,10,1,0,0,46498,5,87,63
108,411,465,288.5,303.5,10,1,0,0,48998,5,86,75
82,46,476,247.5,260.5,10,1,0,0,31166,5,72,65
29,242,461,252.1,264.7,10,1,0,0,37332,5,78,63
69,348,467,273.1,285.7,10,1,0,0,60330,5,74,63
191,307,481,262.2,275.4,10,1,0,0,36166,5,66,66
60,286,475,288.1,302.7,10,1,0,0,48998,5,91,73
38,369,467,265.7,277.9,10,1,0,0,42832,5,72,61
90,210,471,258.6,272.2,10,1,0,0,58164,5,75,68
25,87,460,295.9,311.3,10,1,0,0,48998,5,84,77
52,350,473,292.8,307.6,10,1,0,0,64996,5,93,74
49,316,473,255.2,268.4,10,1,0,0,34832,5,77,66
177,113,475,269.6,283.2,10,1,0,0,53164,5,86,68
131,365,464,308,324,10,1,0,0,53498,5,92,80
99,127,467,254.5,267.5,10,1,0,0,58164,5,79,65
27,26,462,260.8,273.6,10,1,0,0,29000,5,88,64
28,61,461,272.2,285.4,10,1,0,0,34166,5,90,66
48,178,469,319.1,335.7,10,1,0,0,58164,5,90,83
32,290,468,344.7,362.9,10,1,0,0,72996,5,106,91
41,382,482,314.4,330.8,10,1,0,0,39666,5,93,82
117,379,475,270.7,284.9,10,1,0,0,41666,5,79,71
187,377,465,310.7,326.9,10,1,0,0,51498,5,92,81
58,230,476,269.3,283.1,10,1,0,0,31666,5,83,69
91,401,466,312.4,328.8,10,1,0,0,65330,5,91,82
57,230,466,255.5,268.5,10,1,0,0,39666,5,80,65
96,62,473,274,288,10,1,0,0,37332,5,85,70
37,369,481,291.7,305.9,10,1,0,0,43832,5,100,71
92,178,467,328.3,344.1,10,1,0,0,67830,5,115,79
186,68,476,280.8,295.6,10,1,0,0,43332,5,81,74
54,33,468,280.4,294.8,10,1,0,0,56330,5,100,72
154,87,467,261.9,275.3,10,1,0,0,54498,5,81,67
124,240,465,290.9,306.3,10,1,0,0,49498,5,90,77
127,337,464,358.8,377.6,10,1,0,0,70164,5,105,94
53,143,467,298.7,312.9,10,1,0,0,60330,5,107,71
80,121,480,305,321,10,1,0,0,54998,5,89,80
110,351,468,319.1,335.7,10,1,0,0,66830,5,95,83
122,229,483,270.6,284.2,10,1,0,0,38332,5,87,68
165,414,465,329.9,347.3,10,1,0,0,69996,5,95,87
123,375,468,321.8,338.6,10,1,0,0,66830,5,95,84
31,396,453,305.7,321.9,10,1,0,0,34000,5,87,81
171,376,482,321.8,338.6,10,1,0,0,59664,5,95,84
190,51,473,314.4,330.8,10,1,0,0,47332,5,93,82
147,33,465,306.3,322.1,10,1,0,0,69830,5,93,79
76,365,468,311.7,327.9,10,1,0,0,50998,5,93,81
174,300,482,338.6,356.2,10,1,0,0,61498,5,101,88
183,73,472,332.6,350.2,10,1,0,0,55664,5,95,88
188,112,475,282.7,296.9,10,1,0,0,64330,5,95,71
61,351,482,348.7,366.9,10,1,0,0,71330,5,103,91
125,90,465,329.1,345.7,10,1,0,0,78996,5,105,83
137,293,475,306.6,322.2,10,1,0,0,51498,5,96,78
157,79,480,358.8,377.6,10,1,0,0,69164,5,105,94
59,441,468,348.4,366.8,10,1,0,0,78496,5,100,92
185,423,480,359.1,377.7,10,1,0,0,55832,5,108,93
72,439,466,374.6,394.2,10,1,0,0,76330,5,110,98
105,300,465,334.9,352.3,10,1,0,0,66498,5,100,87
40,431,482,355.1,373.7,10,1,0,0,56332,5,104,93
189,397,466,345,363,10,1,0,0,52166,5,102,90
140,136,482,391.8,412.6,10,1,0,0,81496,5,110,104
62,33,476,347,365,10,1,0,0,70830,5,104,90
67,397,483,358.8,377.6,10,1,0,0,51666,5,105,94
135,331,483,374.3,394.1,10,1,0,0,54166,5,107,99
176,330,465,389.1,409.7,10,1,0,0,62332,5,111,103
93,330,465,389.1,409.7,10,1,0,0,62332,5,111,103
116,399,479,371.2,390.4,10,1,0,0,79830,5,112,96
160,262,476,368.2,387.4,10,1,0,0,62498,5,109,96
175,153,480,369.5,388.5,10,1,0,0,82830,5,113,95
167,425,480,407.2,428.4,10,1,0,0,79164,5,121,106
112,123,480,404.9,426.3,10,1,0,0,101660,5,116,107
102,124,481,407,427,10,1,0,0,107326,5,119,100
180,151,476,399.2,420.4,10,1,0,0,74164,5,113,106
50,325,474,403.2,424.4,10,1,0,0,100828,5,117,106
133,189,481,376.9,396.3,10,1,0,0,83830,5,97,97
22,370,450,386.3,406.1,10,1,0,0,66498,5,109,99
164,351,475,375.3,395.1,10,1,0,0,98162,5,108,99
70,100,481,384.3,404.1,10,1,0,0,76330,5,99,99
56,398,466,396.8,417.6,10,1,0,0,77164,5,116,104
162,365,483,378.3,398.1,10,1,0,0,62498,5,111,99
142,137,470,409.9,431.3,10,1,0,0,106660,5,121,107
21,120,458,339.6,357.2,10,1,0,0,52332,5,98,88
130,398,481,413.8,434.6,10,1,0,0,77164,5,133,104
68,338,467,399.6,419.2,10,1,0,0,80330,5,106,98
184,263,476,397.8,418.6,10,1,0,0,76664,5,117,104
24,265,456,406.2,427.4,10,1,0,0,78164,5,116,106
163,374,480,444.2,467.4,10,1,0,0,94996,5,131,116
20,76,460,455.7,479.9,10,1,0,0,91662,5,129,121
136,389,480,470.1,494.7,10,1,0,0,100828,5,138,123
168,426,481,461.9,485.3,10,1,0,0,98162,5,149,117
