demandID,SourceID,DestinationID,MinDelay,MaxDelay,Bandwidth,Ishotstandby,DelayDifference,DisjointType,WorkOptCostRangeType,MinCostDelay,MinDelayDelay
35,420,465,212.4,222.8,10,1,0,0,40498,5,52,52
66,279,464,222.2,233.4,10,1,0,0,35832,5,71,56
62,257,465,231.7,243.9,10,1,0,0,38332,5,67,61
21,431,468,209.5,220.5,10,1,0,0,27166,5,55,55
110,118,464,218.1,228.7,10,1,0,0,34332,5,90,53
45,339,465,256.8,269.6,10,1,0,0,40832,5,84,64
25,424,477,170.4,178.8,10,1,0,0,19500,5,57,42
107,380,468,251.5,264.5,10,1,0,0,31666,5,70,65
80,328,465,209.2,218.4,10,1,0,0,32332,5,65,46
132,328,469,222.5,233.5,10,1,0,0,33332,5,74,55
63,235,465,246.5,259.5,10,1,0,0,55664,5,86,65
58,135,471,266.6,280.2,10,1,0,0,37166,5,83,68
19,76,477,205.8,216.6,10,1,0,0,51164,5,60,54
129,59,468,246.5,259.5,10,1,0,0,31000,5,71,65
105,340,465,286.4,300.8,10,1,0,0,48998,5,92,72
102,292,467,207,217,10,1,0,0,24000,5,72,50
128,355,463,337.3,355.1,10,1,0,0,64498,5,89,89
87,401,465,257.4,269.8,10,1,0,0,34166,5,70,62
75,370,466,309.4,325.8,10,1,0,0,53998,5,98,82
56,440,466,339,357,10,1,0,0,76496,5,106,90
135,2,468,280,294,10,1,0,0,36166,5,85,70
109,365,466,300.3,316.1,10,1,0,0,39166,5,87,79
34,428,477,184,192,10,1,0,0,25166,5,76,40
133,379,465,276.1,290.7,10,1,0,0,43832,5,79,73
121,224,466,313.1,329.7,10,1,0,0,53998,5,99,83
113,309,465,290.1,304.7,10,1,0,0,58164,5,73,73
37,417,478,290.9,306.3,10,1,0,0,81328,5,83,77
89,123,465,279.8,294.6,10,1,0,0,56498,5,95,74
71,135,468,317,333,10,1,0,0,41166,5,95,80
43,57,474,316.1,332.7,10,1,0,0,49832,5,88,83
36,394,468,185.6,195.2,10,1,0,0,20500,5,56,48
64,385,477,297.6,313.2,10,1,0,0,56498,5,87,78
61,139,463,351,369,10,1,0,0,74830,5,108,90
108,148,477,330.5,347.5,10,1,0,0,56498,5,101,85
8,143,455,292.2,307.4,10,1,0,0,45166,5,76,76
11,230,458,292.5,307.5,10,1,0,0,34500,5,90,75
86,335,473,266.3,280.1,10,1,0,0,47498,5,80,69
125,10,466,324.2,341.4,10,1,0,0,54332,5,102,86
85,428,474,262.2,275.4,10,1,0,0,34666,5,80,66
17,328,476,275.2,288.4,10,1,0,0,47332,5,97,66
74,428,475,247.1,259.7,10,1,0,0,33166,5,77,63
53,124,465,346.4,364.8,10,1,0,0,69164,5,113,92
16,384,476,285.8,300.6,10,1,0,0,57832,5,86,74
118,446,465,231.7,243.9,10,1,0,0,30666,5,67,61
84,446,465,231.7,243.9,10,1,0,0,30666,5,67,61
70,188,477,368.9,388.3,10,1,0,0,77330,5,107,97
81,309,478,292.5,307.5,10,1,0,0,67496,5,90,75
54,238,465,357.5,376.5,10,1,0,0,71664,5,116,95
119,295,465,389.1,409.7,10,1,0,0,70998,5,111,103
101,188,477,368.9,388.3,10,1,0,0,77330,5,107,97
27,295,465,389.1,409.7,10,1,0,0,70998,5,111,103
103,190,476,295.4,309.8,10,1,0,0,98826,5,101,72
91,167,468,353.8,372.6,10,1,0,0,53666,5,100,94
68,187,466,433.8,456.6,10,1,0,0,88496,5,136,114
72,182,468,387.3,407.1,10,1,0,0,82330,5,114,99
124,89,465,350.9,368.3,10,1,0,0,53332,5,116,87
65,416,473,363.8,382.6,10,1,0,0,90662,5,110,94
134,191,465,250.2,263.4,10,1,0,0,42332,5,72,66
112,367,468,236.7,248.9,10,1,0,0,25500,5,66,61
23,211,463,418.3,440.1,10,1,0,0,102328,5,124,109
94,310,478,277.7,291.9,10,1,0,0,71662,5,86,71
6,350,84,361.8,380.6,10,1,0,0,54666,5,108,94
115,387,477,367.9,387.3,10,1,0,0,81330,5,106,97
104,28,474,414.9,436.3,10,1,0,0,81330,5,126,107
46,48,463,325.8,342.6,10,1,0,0,63998,5,99,84
10,326,451,324.6,340.2,10,1,0,0,42000,5,114,78
67,427,470,321.1,337.7,10,1,0,0,56332,5,97,83
59,58,474,264.3,278.1,10,1,0,0,38166,5,74,69
22,310,476,341.3,359.1,10,1,0,0,87828,5,101,89
130,362,465,449.8,472.6,10,1,0,0,102994,5,134,114
78,157,466,279.8,294.6,10,1,0,0,41166,5,80,74
96,2,470,229.6,241.2,10,1,0,0,34166,5,73,58
98,3,465,231.7,243.9,10,1,0,0,38332,5,82,61
33,298,476,375.9,395.3,10,1,0,0,96494,5,114,97
41,298,476,375.9,395.3,10,1,0,0,96494,5,114,97
93,30,475,424.1,446.7,10,1,0,0,95662,5,113,113
18,187,468,478.2,503.4,10,1,0,0,114160,5,138,126
47,160,470,307.3,323.1,10,1,0,0,45666,5,94,79
55,57,466,324.2,341.4,10,1,0,0,54332,5,92,86
99,251,468,191,201,10,1,0,0,30666,5,56,50
97,357,475,429.8,452.6,10,1,0,0,103494,5,114,114
28,363,470,437.2,460.4,10,1,0,0,104328,5,135,116
120,216,463,348,366,10,1,0,0,73164,5,105,90
111,216,468,453.9,477.3,10,1,0,0,105328,5,138,117
39,160,463,251.8,264.6,10,1,0,0,38166,5,79,64
117,213,464,488.9,514.3,10,1,0,0,117660,5,161,127
95,141,477,226.9,238.3,10,1,0,0,45998,5,73,57
57,31,468,472.2,497.4,10,1,0,0,105328,5,132,126
126,270,474,317.1,333.7,10,1,0,0,50666,5,89,83
83,360,478,452,476,10,1,0,0,124824,5,128,120
116,24,478,236.7,248.9,10,1,0,0,36166,5,72,61
12,360,464,537.7,565.9,10,1,0,0,131992,5,149,141
31,36,467,218.5,229.5,10,1,0,0,34666,5,70,55
106,152,470,463.1,487.7,10,1,0,0,120826,5,131,123
38,227,468,331.6,349.2,10,1,0,0,58998,5,94,88
79,45,463,222.2,233.4,10,1,0,0,32000,5,71,56
77,29,478,437.2,460.4,10,1,0,0,114826,5,124,116
50,2,464,207.4,217.8,10,1,0,0,30666,5,67,52
76,360,469,534,562,10,1,0,0,153156,5,148,140
49,158,466,287.2,302.4,10,1,0,0,38000,5,92,76
