demandID,SourceID,DestinationID,MinDelay,MaxDelay,Bandwidth,Ishotstandby,DelayDifference,DisjointType,WorkOptCostRangeType,MinCostDelay,MinDelayDelay
47,425,2022,161,169,10,1,0,0,23166,5,53,40
137,1983,2033,178,186,10,1,0,0,19000,5,70,40
169,243,2089,136.1,142.7,10,1,0,0,14000,5,47,33
124,998,2036,227.6,239.2,10,1,0,0,63996,5,71,58
90,636,2060,201.8,210.6,10,1,0,0,25166,5,83,44
177,1401,2082,171.8,180.6,10,1,0,0,18500,5,53,44
173,490,2083,176.5,183.5,10,1,0,0,17500,5,35,35
179,701,2075,198,208,10,1,0,0,31332,5,63,50
147,823,2065,201.4,211.8,10,1,0,0,18000,5,61,52
81,1047,2029,202.3,212.1,10,1,0,0,32666,5,83,49
138,314,2039,191.3,201.1,10,1,0,0,29332,5,59,49
123,755,2017,228.4,238.8,10,1,0,0,46164,5,52,52
56,1792,2048,194.8,203.6,10,1,0,0,30832,5,76,44
122,1400,2030,195.3,205.1,10,1,0,0,18000,5,63,49
170,111,2082,190.9,200.3,10,1,0,0,36998,5,64,47
108,1232,2049,169.8,178.6,10,1,0,0,16000,5,51,44
89,725,2040,193.3,201.1,10,1,0,0,21000,5,41,39
100,1279,2014,197.9,207.3,10,1,0,0,22000,5,71,47
109,192,2051,179.2,188.4,10,1,0,0,18000,5,55,46
184,1789,2092,187.6,197.2,10,1,0,0,22166,5,55,48
142,959,2030,241.1,253.7,10,1,0,0,30832,5,63,63
49,112,2040,204.4,214.8,10,1,0,0,41998,5,64,52
182,1095,2075,237.5,248.5,10,1,0,0,33166,5,70,55
166,1226,2075,242.7,254.9,10,1,0,0,39998,5,76,61
79,300,2045,159.7,167.9,10,1,0,0,20000,5,49,41
102,242,2007,197.6,207.2,10,1,0,0,19000,5,50,48
99,1439,2021,199.2,208.4,10,1,0,0,28166,5,75,46
121,1416,2041,258.9,272.3,10,1,0,0,53830,5,78,67
160,313,2012,194.3,204.1,10,1,0,0,24666,5,62,49
161,1670,2049,263.7,275.9,10,1,0,0,54330,5,99,61
114,1311,2050,220.6,232.2,10,1,0,0,33332,5,64,58
115,1043,2053,199.4,209.8,10,1,0,0,18000,5,59,52
149,749,2065,224.6,236.2,10,1,0,0,25166,5,68,58
158,1230,2068,227.3,239.1,10,1,0,0,38832,5,68,59
71,838,2030,248.4,260.8,10,1,0,0,35832,5,81,62
97,453,2034,210.4,220.8,10,1,0,0,27000,5,70,52
112,1789,2017,204.1,214.7,10,1,0,0,22166,5,61,53
133,1153,2065,245.4,257.8,10,1,0,0,45164,5,78,62
62,1172,2022,262.2,273.4,10,1,0,0,30000,5,88,56
40,1272,2040,262.3,276.1,10,1,0,0,53664,5,76,69
178,788,2081,220.2,231.4,10,1,0,0,34832,5,69,56
120,591,2057,262.1,274.7,10,1,0,0,34832,5,92,63
151,1870,2004,237,249,10,1,0,0,34832,5,80,60
50,959,2031,263.3,277.1,10,1,0,0,35332,5,69,69
110,958,2030,259.6,273.2,10,1,0,0,39498,5,68,68
96,731,2013,179.7,187.9,10,1,0,0,46164,5,69,41
101,1257,2059,242.8,255.6,10,1,0,0,44498,5,70,64
98,298,2024,218.7,228.9,10,1,0,0,26166,5,51,51
154,1002,2052,250.3,262.1,10,1,0,0,37332,5,91,59
111,822,2047,224.9,236.3,10,1,0,0,25166,5,90,57
84,265,2036,243,255,10,1,0,0,30166,5,69,60
37,452,1235,253.9,267.3,10,1,0,0,38332,5,73,67
181,1747,2086,238.6,250.2,10,1,0,0,25166,5,68,58
157,1050,2014,222.9,234.3,10,1,0,0,26666,5,69,57
93,1222,2021,205.4,215.8,10,1,0,0,23000,5,65,52
63,1199,2011,231.7,243.9,10,1,0,0,28000,5,67,61
131,1311,2030,247.1,259.7,10,1,0,0,35832,5,77,63
156,640,2010,242.2,253.4,10,1,0,0,38332,5,91,56
176,1286,2090,230.2,241.4,10,1,0,0,41498,5,79,56
126,1794,2017,229.3,241.1,10,1,0,0,18500,5,70,59
141,1020,2066,281.5,294.5,10,1,0,0,35166,5,106,65
159,275,2038,277,291,10,1,0,0,27166,5,79,70
43,1212,2068,286.1,300.7,10,1,0,0,41332,5,89,73
54,1334,2037,254.8,267.6,10,1,0,0,44998,5,73,64
60,838,2005,255.5,268.5,10,1,0,0,37832,5,80,65
57,1518,2030,250.2,263.4,10,1,0,0,33832,5,72,66
59,1316,2006,262.5,275.5,10,1,0,0,37332,5,76,65
145,1426,2028,237.7,249.9,10,1,0,0,31166,5,93,61
167,280,2086,247.7,259.9,10,1,0,0,41998,5,83,61
80,1112,2026,258,268,10,1,0,0,37166,5,74,50
86,859,2034,289,303,10,1,0,0,38666,5,102,70
153,1651,2066,256.9,270.3,10,1,0,0,29666,5,76,67
95,1458,2068,252.1,264.7,10,1,0,0,32000,5,82,63
58,1041,2061,284.7,298.9,10,1,0,0,41332,5,93,71
130,115,2023,239.7,251.9,10,1,0,0,30166,5,107,61
168,958,2085,297.1,311.7,10,1,0,0,42998,5,99,73
144,1821,2047,234.3,246.1,10,1,0,0,33832,5,75,59
117,987,2012,253.5,266.5,10,1,0,0,40832,5,78,65
174,1146,2082,269,283,10,1,0,0,41332,5,80,70
162,1397,2004,281,295,10,1,0,0,45498,5,81,70
76,749,2010,261.9,275.3,10,1,0,0,32166,5,81,67
74,308,2062,261.9,275.3,10,1,0,0,37832,5,78,67
119,1290,2001,248.1,260.7,10,1,0,0,27000,5,72,63
77,4,2050,268.7,282.9,10,1,0,0,40498,5,77,71
46,21,2031,258.9,272.3,10,1,0,0,32166,5,70,67
155,285,2037,262.2,275.4,10,1,0,0,32166,5,87,66
128,1228,2033,319.4,335.8,10,1,0,0,58664,5,98,82
53,957,2025,342.6,360.2,10,1,0,0,54164,5,104,88
172,643,2089,285.1,297.7,10,1,0,0,48664,5,112,63
70,1994,2017,282.8,297.6,10,1,0,0,42498,5,83,74
73,1783,2023,294.2,309.4,10,1,0,0,38332,5,89,76
132,1870,2022,301.6,317.2,10,1,0,0,41332,5,91,78
92,363,2022,275,289,10,1,0,0,36166,5,86,70
87,526,2073,291.9,307.3,10,1,0,0,39832,5,84,77
164,1182,2086,298.5,313.5,10,1,0,0,49998,5,115,75
78,979,2068,316.1,332.7,10,1,0,0,55998,5,92,83
82,1092,2065,327.9,343.3,10,1,0,0,57664,5,86,77
72,399,2023,287.2,302.4,10,1,0,0,39832,5,82,76
103,1481,2012,298.6,314.2,10,1,0,0,42332,5,88,78
150,829,2030,311.4,327.8,10,1,0,0,60330,5,82,82
69,1152,2017,306.9,322.3,10,1,0,0,57330,5,105,77
139,314,1997,271.3,285.1,10,1,0,0,36332,5,85,69
140,1416,2050,316.7,332.9,10,1,0,0,56830,5,92,81
134,451,2068,288.9,302.3,10,1,0,0,38166,5,111,67
65,1224,1997,279.7,293.9,10,1,0,0,31666,5,86,71
125,1042,2017,309.1,323.7,10,1,0,0,37166,5,102,73
127,68,2035,258.1,270.7,10,1,0,0,37166,5,77,63
85,317,2037,302,318,10,1,0,0,58830,5,86,80
143,118,2025,258.9,272.3,10,1,0,0,30166,5,88,67
175,995,2090,313.2,328.4,10,1,0,0,62830,5,108,76
