demandID,SourceID,DestinationID,MinDelay,MaxDelay,Bandwidth,Ishotstandby,DelayDifference,DisjointType,WorkOptCostRangeType,MinCostDelay,MinDelayDelay
112,221,2069,147.2,154.4,10,0,0,-1,15000,5,50,36
107,1411,2075,133.8,140.6,10,0,0,-1,11500,5,42,34
114,207,2082,143.2,150.4,10,0,0,-1,22166,5,46,36
9,1792,2056,140.6,143.3,10,0,0,-1,51330,5,131,119
2,1522,2026,90.6,91.3,10,0,0,-1,23166,3,92,85
46,988,2051,180.4,188.8,10,0,0,-1,31832,5,67,42
7,1353,2066,143.4,144.2,10,0,0,-1,46164,3,153,137
5,1386,2033,67.4,70.2,10,0,0,-1,19500,3,73,45
47,739,2002,180.9,190.3,10,0,0,-1,33332,5,54,47
91,1386,2033,194.5,203.5,10,0,0,-1,20500,5,73,45
3,737,2010,85.8,88.4,10,0,0,-1,31832,3,91,65
105,1852,1997,148.2,155.4,10,0,0,-1,14500,5,37,36
95,1269,2010,163.5,170.5,10,0,0,-1,26166,5,69,35
6,1328,2026,147.6,150.3,10,0,0,-1,56162,5,146,126
14,1733,2000,192.6,202.2,10,0,0,-1,28666,5,49,48
8,943,1991,96.8,98.4,10,0,0,-1,20000,3,101,84
108,1272,2075,178.2,187.4,10,0,0,-1,36498,5,54,46
1,766,2050,114,115,10,0,0,-1,48996,3,116,106
97,1938,2055,191.3,201.1,10,0,0,-1,27666,5,49,49
0,189,1942,149.4,152.7,10,0,0,-1,62162,3,156,123
79,12,2002,206,216,10,0,0,-1,22500,5,71,50
111,1169,2077,200,210,10,0,0,-1,27166,5,65,50
30,1970,2064,247.5,260.5,10,0,0,-1,59496,5,72,65
90,1561,2034,230.3,242.1,10,0,0,-1,32166,5,71,59
103,665,2035,232,244,10,0,0,-1,37832,5,70,60
116,1623,2082,215.2,226.4,10,0,0,-1,24000,5,64,56
98,938,2018,272.7,286.9,10,0,0,-1,53664,5,81,71
75,1678,2030,242.8,255.6,10,0,0,-1,32666,5,64,64
10,819,2067,113.8,114.9,10,0,0,-1,60828,3,116,105
59,1655,1997,207.4,217.8,10,0,0,-1,35332,5,53,52
96,1335,2030,198.4,208.8,10,0,0,-1,24000,5,58,52
40,1021,2013,248.1,260.7,10,0,0,-1,27500,5,93,63
89,149,1998,239.7,251.9,10,0,0,-1,35166,5,75,61
50,1512,2050,249.5,262.5,10,0,0,-1,46998,5,74,65
72,1662,1991,234.3,246.1,10,0,0,-1,28000,5,75,59
113,624,2075,279.8,294.6,10,0,0,-1,56330,5,74,74
100,542,2050,219.9,231.3,10,0,0,-1,33166,5,57,57
27,116,2036,253.1,265.7,10,0,0,-1,33666,5,86,63
64,1173,2003,244.2,255.4,10,0,0,-1,34166,5,93,56
83,1087,2010,270.7,284.9,10,0,0,-1,34666,5,79,71
39,1160,2065,275.9,289.3,10,0,0,-1,37666,5,94,67
84,374,2056,240.7,252.9,10,0,0,-1,36166,5,76,61
77,116,2012,245.9,257.3,10,0,0,-1,31666,5,92,57
20,887,2017,280.1,294.7,10,0,0,-1,44998,5,83,73
71,738,1993,235,247,10,0,0,-1,31666,5,73,60
115,1804,2069,280,294,10,0,0,-1,62496,5,89,70
37,236,2019,268.9,282.3,10,0,0,-1,43998,5,88,67
109,1489,2070,277.7,291.9,10,0,0,-1,36166,5,72,71
86,1428,2021,246.5,259.5,10,0,0,-1,42332,5,71,65
24,1192,2053,273.7,287.9,10,0,0,-1,32000,5,82,71
99,1310,2026,203.7,213.9,10,0,0,-1,23500,5,66,51
34,1624,1994,264.3,278.1,10,0,0,-1,35166,5,92,69
70,1218,2013,271,285,10,0,0,-1,30500,5,82,70
66,737,2010,266.5,279.5,10,0,0,-1,39332,5,91,65
4,1727,2053,122.4,124.7,10,0,0,-1,58162,3,127,104
29,232,2012,272.6,286.2,10,0,0,-1,32166,5,89,68
94,778,2011,257.9,271.3,10,0,0,-1,41332,5,67,67
42,596,2057,265.9,279.3,10,0,0,-1,35166,5,93,67
55,150,2054,258.9,270.3,10,0,0,-1,29000,5,90,57
102,1613,2037,292.9,308.3,10,0,0,-1,43332,5,85,77
74,406,2005,296.9,312.3,10,0,0,-1,45332,5,89,77
31,659,2035,287.5,302.5,10,0,0,-1,50498,5,85,75
61,443,2031,271.2,284.4,10,0,0,-1,33666,5,93,66
106,1436,2065,264.3,278.1,10,0,0,-1,36666,5,77,69
60,1735,1993,283.1,297.7,10,0,0,-1,33500,5,86,73
32,1110,2039,281.4,295.8,10,0,0,-1,33000,5,87,72
81,129,2048,262.3,276.1,10,0,0,-1,46998,5,76,69
68,1423,2060,270.7,284.9,10,0,0,-1,37666,5,79,71
85,1636,2010,303.3,319.1,10,0,0,-1,43166,5,90,79
16,759,2035,288.2,303.4,10,0,0,-1,31000,5,83,76
17,1365,2020,299.3,315.1,10,0,0,-1,49498,5,86,79
65,1272,2040,289.2,304.4,10,0,0,-1,52998,5,84,76
87,1461,2062,269,283,10,0,0,-1,50998,5,80,70
92,1935,2032,299.3,315.1,10,0,0,-1,42666,5,112,79
101,1444,2059,259.6,273.2,10,0,0,-1,38166,5,76,68
41,629,2003,259.6,273.2,10,0,0,-1,30000,5,76,68
23,1409,2043,291.8,306.6,10,0,0,-1,39666,5,92,74
35,103,2017,261.6,275.2,10,0,0,-1,36166,5,78,68
67,1698,2053,322.1,338.7,10,0,0,-1,49332,5,83,83
104,491,2012,283.7,297.9,10,0,0,-1,52998,5,92,71
110,390,2074,272.6,286.2,10,0,0,-1,39166,5,86,68
43,435,2017,277,291,10,0,0,-1,53498,5,81,70
19,1463,2013,287.5,302.5,10,0,0,-1,64330,5,85,75
73,1363,2065,282.8,297.6,10,0,0,-1,39166,5,82,74
80,64,2029,287.2,302.4,10,0,0,-1,33000,5,76,76
49,929,2056,285.1,299.7,10,0,0,-1,39666,5,88,73
78,1488,2065,299.6,315.2,10,0,0,-1,38500,5,78,78
48,1099,2062,293.5,308.5,10,0,0,-1,36000,5,106,75
62,1651,2023,309.4,325.8,10,0,0,-1,46332,5,88,82
88,1967,2033,304,320,10,0,0,-1,45832,5,88,80
28,383,2019,331.8,348.6,10,0,0,-1,41166,5,105,84
18,1011,2058,333.1,349.7,10,0,0,-1,48832,5,109,83
76,1245,2041,329.9,347.3,10,0,0,-1,55498,5,95,87
44,344,2034,356.1,374.7,10,0,0,-1,68830,5,105,93
21,1122,2016,301.3,317.1,10,0,0,-1,43166,5,94,79
25,1808,2037,310.5,325.5,10,0,0,-1,46832,5,76,75
56,1209,2038,325.8,342.6,10,0,0,-1,55498,5,99,84
26,87,2016,280.4,292.8,10,0,0,-1,33500,5,113,62
45,404,2058,299.6,315.2,10,0,0,-1,38500,5,89,78
33,1809,2030,313.1,329.7,10,0,0,-1,40666,5,83,83
82,1789,2036,332.5,349.5,10,0,0,-1,53832,5,99,85
15,222,2059,312.5,327.5,10,0,0,-1,41166,5,110,75
13,141,1397,328.5,345.5,10,0,0,-1,50332,5,99,85
57,809,2013,300.9,316.3,10,0,0,-1,41166,5,108,77
93,1959,2039,347.5,364.5,10,0,0,-1,69330,5,118,85
63,1172,1999,336.2,353.4,10,0,0,-1,47832,5,90,86
54,603,2003,307.7,323.9,10,0,0,-1,46832,5,89,81
51,1959,2035,339.7,355.9,10,0,0,-1,69330,5,121,81
36,1209,1997,333.5,350.5,10,0,0,-1,56498,5,90,85
22,1833,2063,344.7,362.9,10,0,0,-1,55998,5,96,91
38,1586,2028,315.1,331.7,10,0,0,-1,41000,5,99,83
53,1522,2026,321.5,338.5,10,0,0,-1,44666,5,92,85
12,1152,65,334.8,351.6,10,0,0,-1,52332,5,102,84
11,118,1540,375.4,393.8,10,0,0,-1,69830,5,127,92
69,252,1998,346.6,364.2,10,0,0,-1,69330,5,109,88
52,1921,1989,336.9,354.3,10,0,0,-1,46166,5,102,87
58,867,2025,325.2,342.4,10,0,0,-1,44666,5,93,86
