demandID,SourceID,DestinationID,MinDelay,MaxDelay,Bandwidth,Ishotstandby,DelayDifference,DisjointType,WorkOptCostRangeType,MinCostDelay,MinDelayDelay
99,45,464,137.4,143.8,10,0,0,-1,18000,5,51,32
148,83,457,144.9,152.3,10,0,0,-1,28832,5,45,37
77,200,465,164.6,172.2,10,0,0,-1,19000,5,62,38
145,2,458,176.5,185.5,10,0,0,-1,25666,5,55,45
155,116,451,282.7,296.9,10,0,0,-1,72496,5,91,71
96,247,458,172.8,181.6,10,0,0,-1,19000,5,54,44
170,43,451,207.1,217.7,10,0,0,-1,52498,5,64,53
8,130,460,94.6,97.3,10,0,0,-1,44830,3,100,73
157,43,451,207.1,217.7,10,0,0,-1,52498,5,64,53
156,284,460,139.5,146.5,10,0,0,-1,19500,5,45,35
78,275,460,182.2,191.4,10,0,0,-1,34832,5,58,46
116,284,465,156.6,164.2,10,0,0,-1,21500,5,54,38
98,381,464,146.6,154.2,10,0,0,-1,23500,5,49,38
40,297,461,151.6,159.2,10,0,0,-1,33332,5,49,38
151,203,458,191.3,201.1,10,0,0,-1,33332,5,59,49
75,0,452,155.3,163.1,10,0,0,-1,21000,5,50,39
95,45,463,133.7,139.9,10,0,0,-1,21000,5,50,31
39,391,462,150.3,158.1,10,0,0,-1,30166,5,59,39
102,171,459,188.9,198.3,10,0,0,-1,37332,5,62,47
52,248,463,133.7,139.9,10,0,0,-1,21000,5,50,31
144,3,455,170.7,178.9,10,0,0,-1,34332,5,60,41
168,42,452,151.6,159.2,10,0,0,-1,34332,5,49,38
48,3,455,170.7,178.9,10,0,0,-1,34332,5,60,41
5,171,458,60,61.5,10,0,0,-1,32998,3,63,48
54,171,458,192.6,202.2,10,0,0,-1,33332,5,63,48
38,137,456,167,175,10,0,0,-1,35332,5,59,40
49,247,465,179.4,187.8,10,0,0,-1,23000,5,66,42
76,136,464,159.6,167.2,10,0,0,-1,29666,5,57,38
107,369,453,196.6,206.2,10,0,0,-1,43332,5,67,48
65,309,454,170.7,178.9,10,0,0,-1,23500,5,60,41
42,309,454,170.7,178.9,10,0,0,-1,23500,5,60,41
105,47,464,159.6,167.2,10,0,0,-1,36332,5,62,38
84,136,464,159.6,167.2,10,0,0,-1,29666,5,57,38
73,153,452,183.2,192.4,10,0,0,-1,32332,5,59,46
60,128,452,177.5,186.5,10,0,0,-1,42498,5,56,45
131,218,460,174.8,183.6,10,0,0,-1,30166,5,56,44
34,252,461,196.6,206.2,10,0,0,-1,51664,5,67,48
71,286,454,170.7,178.9,10,0,0,-1,29666,5,41,41
6,165,465,117.8,119.4,10,0,0,-1,69494,3,121,105
164,292,451,291.7,305.9,10,0,0,-1,81662,5,100,71
169,138,454,171.2,178.4,10,0,0,-1,44998,5,74,36
154,413,457,202.1,212.7,10,0,0,-1,36666,5,59,53
166,54,459,249.7,261.9,10,0,0,-1,58164,5,85,61
21,199,443,164.6,172.2,10,0,0,-1,25000,5,62,38
57,2,463,185.5,194.5,10,0,0,-1,33666,5,64,45
28,153,439,227.6,239.2,10,0,0,-1,44332,5,71,58
0,327,453,109.8,113.4,10,0,0,-1,55162,3,117,81
147,183,457,226.3,236.1,10,0,0,-1,54830,5,94,49
104,305,457,193,203,10,0,0,-1,37332,5,58,50
74,402,463,194,204,10,0,0,-1,34500,5,50,50
81,270,460,189.6,199.2,10,0,0,-1,38832,5,60,48
183,157,461,181.2,190.4,10,0,0,-1,32166,5,57,46
180,15,457,196.7,206.9,10,0,0,-1,38832,5,59,51
35,283,452,188.6,198.2,10,0,0,-1,31666,5,59,48
137,250,464,178.1,186.7,10,0,0,-1,41332,5,62,43
92,284,454,163.2,170.4,10,0,0,-1,24500,5,66,36
4,80,465,85.2,87.6,10,0,0,-1,41830,3,90,66
174,41,463,170.1,178.7,10,0,0,-1,32666,5,54,43
3,255,456,95.2,97.1,10,0,0,-1,55662,3,99,80
55,156,454,178,186,10,0,0,-1,26000,5,70,40
56,81,458,229.8,240.6,10,0,0,-1,43998,5,90,54
149,129,452,188.6,198.2,10,0,0,-1,50830,5,59,48
43,201,462,207.7,217.9,10,0,0,-1,35166,5,70,51
68,12,454,181.8,190.6,10,0,0,-1,25500,5,63,44
108,74,457,204.1,214.7,10,0,0,-1,37332,5,61,53
130,89,459,298.5,313.5,10,0,0,-1,69164,5,96,75
12,348,444,289.9,303.3,10,0,0,-1,73496,5,109,67
139,263,460,211.8,222.6,10,0,0,-1,48998,5,66,54
119,256,461,244.7,256.9,10,0,0,-1,54998,5,80,61
103,283,466,199.7,209.9,10,0,0,-1,34166,5,62,51
11,422,442,165.1,173.7,10,0,0,-1,26500,5,49,43
1,89,454,102.6,105.3,10,0,0,-1,55162,5,89,81
2,131,457,93.8,94.4,10,0,0,-1,50496,3,106,89
61,251,462,237.3,249.1,10,0,0,-1,50998,5,92,59
13,188,448,173.8,182.6,10,0,0,-1,26500,5,55,44
140,202,460,203,213,10,0,0,-1,40332,5,68,50
16,200,443,209,219,10,0,0,-1,30000,5,74,50
45,330,455,207.1,217.7,10,0,0,-1,44332,5,64,53
115,99,454,237.3,249.1,10,0,0,-1,51832,5,78,59
33,258,457,244.7,256.9,10,0,0,-1,39666,5,80,61
159,269,454,222.5,233.5,10,0,0,-1,50498,5,55,55
141,11,452,225.6,237.2,10,0,0,-1,36666,5,69,58
181,66,454,248.4,260.8,10,0,0,-1,73330,5,81,62
72,29,454,196.6,206.2,10,0,0,-1,37666,5,67,48
41,180,454,252.1,264.7,10,0,0,-1,54332,5,82,63
91,44,459,245.3,257.1,10,0,0,-1,63664,5,86,59
7,256,461,76.2,78.1,10,0,0,-1,60328,3,80,61
87,251,456,244.7,256.9,10,0,0,-1,54498,5,80,61
47,295,466,214.5,225.5,10,0,0,-1,58164,5,66,55
109,11,466,236.7,248.9,10,0,0,-1,40166,5,72,61
161,283,463,240.4,252.8,10,0,0,-1,41166,5,73,62
122,70,462,179.5,188.5,10,0,0,-1,33166,5,58,45
97,140,460,240,252,10,0,0,-1,61496,5,78,60
171,44,458,249,261,10,0,0,-1,55664,5,87,60
26,0,450,220,230,10,0,0,-1,32500,5,85,50
9,256,456,90.2,92.1,10,0,0,-1,61328,3,94,75
32,11,455,244.1,256.7,10,0,0,-1,44166,5,74,63
94,268,454,241,253,10,0,0,-1,62664,5,60,60
146,429,465,246.3,258.1,10,0,0,-1,63164,5,70,59
111,294,465,260.2,273.4,10,0,0,-1,69830,5,82,66
66,418,466,316.8,333.6,10,0,0,-1,87496,5,90,84
82,245,457,255.2,268.4,10,0,0,-1,54332,5,77,66
83,404,463,275.4,289.8,10,0,0,-1,71996,5,72,72
112,81,466,228.4,238.8,10,0,0,-1,49998,5,88,52
118,376,463,271.7,285.9,10,0,0,-1,91994,5,71,71
106,351,451,336.3,354.1,10,0,0,-1,105660,5,96,89
117,305,454,215.1,225.7,10,0,0,-1,46832,5,53,53
114,157,456,233,245,10,0,0,-1,46166,5,71,60
178,107,454,289.1,303.7,10,0,0,-1,71830,5,92,73
132,394,454,263.2,276.4,10,0,0,-1,70664,5,66,66
176,282,462,281.1,295.7,10,0,0,-1,53332,5,84,73
50,80,465,268.2,281.4,10,0,0,-1,52332,5,90,66
143,283,456,244.1,256.7,10,0,0,-1,48666,5,74,63
142,141,459,320.9,336.3,10,0,0,-1,88328,5,113,77
113,141,466,292.9,306.3,10,0,0,-1,67330,5,112,67
62,326,460,289.5,304.5,10,0,0,-1,73496,5,87,75
24,58,446,262.4,274.8,10,0,0,-1,54832,5,95,62
89,75,466,205.8,216.6,10,0,0,-1,46498,5,60,54
158,328,459,313.1,329.7,10,0,0,-1,92494,5,89,83
125,429,457,252.4,264.8,10,0,0,-1,72496,5,68,62
175,256,456,296.5,311.5,10,0,0,-1,74496,5,94,75
100,11,457,281.1,295.7,10,0,0,-1,64664,5,84,73
167,216,460,277.7,291.9,10,0,0,-1,57498,5,86,71
101,374,452,302.3,318.1,10,0,0,-1,113492,5,89,79
79,141,458,324.6,340.2,10,0,0,-1,74830,5,114,78
22,113,438,364.8,383.6,10,0,0,-1,106660,5,111,94
121,11,453,275.7,289.9,10,0,0,-1,66496,5,84,71
126,130,460,297.1,311.7,10,0,0,-1,66664,5,100,73
59,10,460,317.1,333.7,10,0,0,-1,73330,5,93,83
134,223,454,266.9,280.3,10,0,0,-1,75996,5,86,67
128,16,454,274.3,288.1,10,0,0,-1,78496,5,88,69
127,16,454,274.3,288.1,10,0,0,-1,78496,5,88,69
58,75,462,242.8,255.6,10,0,0,-1,52498,5,70,64
135,428,459,294.6,310.2,10,0,0,-1,88994,5,84,78
86,351,453,344.2,361.4,10,0,0,-1,101660,5,112,86
133,17,457,322.5,339.5,10,0,0,-1,89662,5,93,85
179,350,462,344.9,362.3,10,0,0,-1,102326,5,110,87
18,168,445,243.1,255.7,10,0,0,-1,54998,5,73,63
153,143,457,326.2,343.4,10,0,0,-1,85496,5,94,86
136,164,452,329.2,346.4,10,0,0,-1,99328,5,97,86
46,255,456,315,331,10,0,0,-1,88662,5,99,80
10,13,446,273.5,286.5,10,0,0,-1,57498,5,65,65
85,176,457,307.7,323.9,10,0,0,-1,93828,5,89,81
124,141,463,333.6,349.2,10,0,0,-1,89328,5,123,78
93,352,463,342,360,10,0,0,-1,96994,5,90,90
88,351,466,351.1,369.7,10,0,0,-1,101660,5,100,93
25,91,446,336.4,352.8,10,0,0,-1,83996,5,115,82
31,89,454,326.7,342.9,10,0,0,-1,90162,5,89,81
29,216,450,297.1,311.7,10,0,0,-1,62498,5,100,73
173,131,458,335.6,353.2,10,0,0,-1,83996,5,96,88
110,141,464,337.3,353.1,10,0,0,-1,92828,5,124,79
120,418,459,353.8,372.6,10,0,0,-1,124658,5,100,94
162,280,453,315.3,331.1,10,0,0,-1,98826,5,102,79
53,266,462,337.3,355.1,10,0,0,-1,99994,5,97,89
67,266,458,345,363,10,0,0,-1,102326,5,102,90
80,208,453,317,333,10,0,0,-1,108992,5,101,80
36,131,457,335.3,353.1,10,0,0,-1,91828,5,106,89
30,327,453,335.7,351.9,10,0,0,-1,106492,5,117,81
51,339,452,389.1,409.7,10,0,0,-1,115160,5,111,103
70,163,464,362.5,381.5,10,0,0,-1,119492,5,106,95
138,22,454,340.9,358.3,10,0,0,-1,107660,5,106,87
37,420,455,420,442,10,0,0,-1,136324,5,123,110
14,73,445,291.2,306.4,10,0,0,-1,73996,5,86,76
177,105,454,403.8,424.6,10,0,0,-1,123492,5,123,104
182,242,462,392.1,412.7,10,0,0,-1,117492,5,114,103
165,374,457,357.8,376.6,10,0,0,-1,144988,5,104,94
123,225,454,374.2,393.4,10,0,0,-1,115992,5,115,96
17,36,450,357,375,10,0,0,-1,94162,5,114,90
160,338,454,418.6,440.2,10,0,0,-1,127658,5,127,108
163,435,453,466.7,490.9,10,0,0,-1,179152,5,140,121
150,166,453,364.5,383.5,10,0,0,-1,131490,5,108,95
63,340,459,457.5,480.5,10,0,0,-1,155822,5,147,115
20,153,444,310.3,326.1,10,0,0,-1,74164,5,97,79
172,436,453,492.6,518.2,10,0,0,-1,190818,5,147,128
129,436,453,492.6,518.2,10,0,0,-1,190818,5,147,128
90,165,465,404.5,425.5,10,0,0,-1,133824,5,121,105
152,240,454,407.5,428.5,10,0,0,-1,127658,5,124,105
19,223,445,365.2,384.4,10,0,0,-1,110826,5,106,96
15,75,446,353.5,370.5,10,0,0,-1,93328,5,124,85
69,21,454,381.6,401.2,10,0,0,-1,131824,5,98,98
44,420,458,466.3,490.1,10,0,0,-1,158488,5,145,119
64,241,464,428.4,450.8,10,0,0,-1,135324,5,126,112
23,117,445,451,473,10,0,0,-1,140824,5,154,110
27,225,445,472.5,497.5,10,0,0,-1,160822,5,135,125
