demandID,SourceID,DestinationID,MinDelay,MaxDelay,Bandwidth,Ishotstandby,DelayDifference,DisjointType,WorkOptCostRangeType,MinCostDelay,MinDelayDelay
789,1015,958,74.7,80.1,0,0,0,-1,36,5,45,27
534,971,458,53.8,58.6,0,0,0,-1,33,5,37,24
599,687,505,75.2,79.6,0,0,0,-1,41,5,29,22
669,1041,770,60.4,65.2,0,0,0,-1,38,5,34,24
57,687,505,25.5,27.6,0,0,0,-1,41,3,29,22
834,175,232,83.9,88.5,0,0,0,-1,47,5,54,23
1116,653,890,97.4,104.6,0,0,0,-1,68,5,65,36
81,897,841,32.6,33.4,0,0,0,-1,55,3,35,27
943,241,14,78.4,85.6,0,0,0,-1,36,5,46,36
613,206,313,85,93.4,0,0,0,-1,62,5,64,42
839,947,724,74.5,79.5,0,0,0,-1,52,5,37,25
32,447,720,26.2,27,0,0,0,-1,46,3,31,23
351,678,643,36,39,0,0,0,-1,33,3,63,33
1135,786,1064,97.4,104.6,0,0,0,-1,43,5,65,36
1078,224,270,71.4,75,0,0,0,-1,54,5,30,18
697,711,520,74.8,81.2,0,0,0,-1,43,5,46,32
319,448,766,28.8,30.4,0,0,0,-1,39,3,36,28
630,419,440,94,100.8,0,0,0,-1,84,5,43,34
180,686,704,33.8,34.6,0,0,0,-1,38,3,41,33
1055,485,586,64.5,69.1,0,0,0,-1,43,5,30,23
781,686,704,77.3,83.9,0,0,0,-1,38,5,41,33
763,889,841,91.8,100.6,0,0,0,-1,82,5,64,44
73,1019,812,41,45,0,0,0,-1,61,3,73,33
625,1019,812,89.5,96.1,0,0,0,-1,61,5,73,33
615,775,644,93.5,98.9,0,0,0,-1,61,5,53,27
603,970,1054,83.7,89.5,0,0,0,-1,42,5,46,29
797,546,639,97.7,106.3,0,0,0,-1,75,5,52,43
1113,736,1032,76.5,84.3,0,0,0,-1,41,5,57,39
677,739,771,48.4,52,0,0,0,-1,41,5,25,18
883,587,529,64,70,0,0,0,-1,40,5,37,30
248,219,908,48.4,49.8,0,0,0,-1,54,3,61,47
143,807,688,39.8,40.6,0,0,0,-1,45,3,47,39
262,619,966,48.8,51.2,0,0,0,-1,72,3,56,48
1068,450,992,29.2,32,0,0,0,-1,42,5,25,14
512,964,513,76,81.6,0,0,0,-1,57,5,34,28
687,834,1014,63.6,68,0,0,0,-1,49,5,35,22
707,210,185,76,80,0,0,0,-1,55,5,30,20
513,644,447,59,63,0,0,0,-1,43,5,49,20
848,173,243,88,94.4,0,0,0,-1,66,5,40,32
345,920,865,28.4,31.2,0,0,0,-1,49,3,41,27
626,491,474,90.4,98.8,0,0,0,-1,59,5,61,42
964,863,496,96.2,101.4,0,0,0,-1,58,5,52,26
164,962,1008,35.6,36.2,0,0,0,-1,53,3,41,35
1003,448,766,55.6,61.2,0,0,0,-1,40,5,36,28
220,947,724,33.4,34.6,0,0,0,-1,54,3,37,25
1126,245,299,97.1,105.7,0,0,0,-1,53,5,67,43
562,644,1062,69.3,75.5,0,0,0,-1,53,5,60,31
933,996,507,72.1,77.5,0,0,0,-1,49,5,37,27
1077,109,287,74,80,0,0,0,-1,45,5,47,30
567,268,133,91,97.8,0,0,0,-1,40,5,40,34
1075,963,495,85.3,91.5,0,0,0,-1,51,5,45,31
693,580,854,88.5,93.5,0,0,0,-1,55,5,36,25
846,620,583,92.9,99.5,0,0,0,-1,62,5,50,33
940,748,673,82.4,89.2,0,0,0,-1,45,5,45,34
98,96,306,34.4,36.2,0,0,0,-1,58,3,38,20
347,42,363,59.4,60.8,0,0,0,-1,75,3,72,58
642,400,990,78.4,84,0,0,0,-1,58,5,42,28
313,63,142,41.3,45.9,0,0,0,-1,55,3,62,39
509,184,221,68.8,71.6,0,0,0,-1,51,5,31,14
591,965,730,110.8,124,0,0,0,-1,70,5,91,66
514,736,591,84.4,91.6,0,0,0,-1,59,5,52,36
296,209,211,54.5,57,0,0,0,-1,52,3,77,52
870,414,635,76.3,82.9,0,0,0,-1,51,5,60,33
563,694,1024,101.4,109,0,0,0,-1,60,5,52,38
60,238,209,73.5,76,0,0,0,-1,60,3,96,71
1107,827,802,82.3,88.5,0,0,0,-1,57,5,42,31
1104,649,570,68,74.8,0,0,0,-1,44,5,51,34
1072,932,717,84.1,91.9,0,0,0,-1,73,5,49,39
976,939,750,126.4,144,0,0,0,-1,84,5,100,88
1133,123,247,108,119.2,0,0,0,-1,47,5,80,56
608,301,224,110.5,119.5,0,0,0,-1,71,5,61,45
858,271,169,28.8,32.4,0,0,0,-1,50,5,27,18
1123,962,935,83.5,92.5,0,0,0,-1,61,5,52,45
298,863,496,31.2,33.8,0,0,0,-1,59,3,52,26
80,728,89,78.2,79.6,0,0,0,-1,80,3,94,74
716,375,486,106,118.8,0,0,0,-1,84,5,74,64
1061,678,643,72.9,79.5,0,0,0,-1,36,5,63,33
577,676,287,120.5,135.5,0,0,0,-1,81,5,98,75
723,90,98,99,105,0,0,0,-1,53,5,36,30
254,355,457,48.4,49.8,0,0,0,-1,53,3,61,47
318,825,611,26.5,32.5,0,0,0,-1,50,3,40,25
1069,251,39,95.5,100.5,0,0,0,-1,71,5,38,25
852,943,372,75.9,83.3,0,0,0,-1,54,5,50,37
1097,579,844,76,81.2,0,0,0,-1,54,5,37,26
583,132,282,84,89.6,0,0,0,-1,67,5,42,28
609,506,993,83.7,91.1,0,0,0,-1,48,5,43,37
117,834,1014,24.6,25.9,0,0,0,-1,50,3,35,22
699,335,211,88.5,97.9,0,0,0,-1,58,5,65,47
928,212,988,93.5,102.5,0,0,0,-1,55,5,53,45
605,525,955,73.2,79.6,0,0,0,-1,60,5,38,32
998,21,51,94.4,103.6,0,0,0,-1,69,5,53,46
600,693,503,103.3,111.9,0,0,0,-1,69,5,56,43
153,86,209,66,70,0,0,0,-1,61,3,102,62
800,923,460,63.7,69.1,0,0,0,-1,44,5,34,27
337,448,858,31.2,33.6,0,0,0,-1,37,3,48,24
862,845,537,77.9,83.7,0,0,0,-1,55,5,46,29
736,62,47,91.5,96.5,0,0,0,-1,56,5,39,25
754,538,325,109.5,120.5,0,0,0,-1,70,5,82,55
638,728,89,125,139.8,0,0,0,-1,80,5,94,74
289,801,925,75.4,76.6,0,0,0,-1,80,3,85,73
995,197,587,102.5,113.5,0,0,0,-1,69,5,64,55
785,547,930,84,92.4,0,0,0,-1,57,5,63,42
914,78,221,74.3,78.1,0,0,0,-1,43,5,42,19
531,121,503,84.9,90.3,0,0,0,-1,65,5,39,27
935,617,498,114,126,0,0,0,-1,64,5,84,60
1017,365,592,109.8,120.6,0,0,0,-1,67,5,72,54
1076,857,507,84.2,91,0,0,0,-1,55,5,40,34
301,170,423,57.6,58.8,0,0,0,-1,75,3,60,48
764,962,1008,72.5,79.5,0,0,0,-1,56,5,41,35
987,173,252,84.4,91.2,0,0,0,-1,69,5,47,34
265,35,506,31.2,34.8,0,0,0,-1,74,3,42,30
185,1015,958,30.6,32.4,0,0,0,-1,42,3,45,27
59,970,1054,30.7,32.4,0,0,0,-1,44,3,46,29
978,507,727,96.5,107.5,0,0,0,-1,66,5,80,55
329,162,526,60.9,64.7,0,0,0,-1,65,3,78,59
222,52,1032,52.2,55.8,0,0,0,-1,61,3,63,51
942,834,618,87,91.4,0,0,0,-1,53,5,30,22
853,759,408,89.7,98.3,0,0,0,-1,62,5,51,43
1093,24,83,110.6,122.2,0,0,0,-1,59,5,70,58
628,1024,462,43.5,48.5,0,0,0,-1,61,5,31,25
819,400,841,100.5,111.5,0,0,0,-1,82,5,62,55
332,888,89,38.9,40.7,0,0,0,-1,59,3,53,38
156,456,97,27.9,28.8,0,0,0,-1,43,3,36,27
1052,312,72,89.9,95.7,0,0,0,-1,52,5,58,29
844,364,442,86.8,95.2,0,0,0,-1,62,5,49,42
845,641,1047,80.7,88.9,0,0,0,-1,56,5,58,41
695,7,437,99.5,110.5,0,0,0,-1,77,5,83,55
767,609,754,128.6,141.4,0,0,0,-1,76,5,71,64
703,183,357,98.4,107.6,0,0,0,-1,82,5,57,46
715,113,253,80.5,87.5,0,0,0,-1,50,5,37,35
589,488,113,88.8,96.4,0,0,0,-1,66,5,47,38
163,889,841,45.7,47.4,0,0,0,-1,84,3,64,44
141,431,521,78.5,80,0,0,0,-1,72,3,86,71
655,672,297,98,106,0,0,0,-1,68,5,54,40
915,727,766,101.5,112.5,0,0,0,-1,71,5,63,55
639,897,841,70.1,75.5,0,0,0,-1,57,5,35,27
921,986,32,91,97.4,0,0,0,-1,68,5,43,32
1007,216,981,131.1,145.7,0,0,0,-1,85,5,96,73
314,197,587,57.7,58.6,0,0,0,-1,70,3,64,55
965,732,650,97,107,0,0,0,-1,70,5,62,50
122,7,437,57.8,60.6,0,0,0,-1,77,3,83,55
694,458,156,102.6,111,0,0,0,-1,55,5,90,42
691,492,277,107.5,117.7,0,0,0,-1,62,5,82,51
24,878,372,58.7,60.6,0,0,0,-1,78,3,72,53
769,515,142,114.5,126.7,0,0,0,-1,61,5,84,61
308,164,752,55.2,56.4,0,0,0,-1,55,3,66,54
731,609,132,129,143,0,0,0,-1,73,5,94,70
676,789,753,78.4,86.8,0,0,0,-1,57,5,49,42
76,24,35,62.3,63.4,0,0,0,-1,77,3,70,59
556,557,984,100,108,0,0,0,-1,71,5,64,40
1001,905,1001,94.4,100.8,0,0,0,-1,73,5,40,32
1002,825,611,72.5,77.5,0,0,0,-1,51,5,40,25
812,87,632,119.2,132,0,0,0,-1,68,5,100,64
121,413,289,74.3,75.6,0,0,0,-1,61,3,86,73
224,364,442,46.2,47.6,0,0,0,-1,63,3,49,42
186,382,493,52.7,56.4,0,0,0,-1,84,3,86,49
617,429,719,126.7,140.5,0,0,0,-1,85,5,106,69
326,451,1072,47.7,48.4,0,0,0,-1,70,3,54,47
538,342,406,114,126.4,0,0,0,-1,63,5,83,62
159,39,852,77.4,78.6,0,0,0,-1,73,3,87,75
306,376,73,91.4,93.2,0,0,0,-1,86,3,104,86
1021,474,552,105.9,116.1,0,0,0,-1,73,5,60,51
747,1072,274,106.3,116.1,0,0,0,-1,72,5,72,49
604,238,209,117.3,131.5,0,0,0,-1,61,5,96,71
67,206,313,44.2,46.4,0,0,0,-1,67,3,64,42
910,303,632,130,146,0,0,0,-1,85,5,106,80
782,352,243,126.5,139.5,0,0,0,-1,76,5,81,65
240,414,635,33.7,34.4,0,0,0,-1,54,3,60,33
658,443,695,134,149.2,0,0,0,-1,90,5,96,76
1080,850,466,77.6,82.4,0,0,0,-1,68,5,32,24
616,571,13,110.2,123,0,0,0,-1,58,5,91,64
548,1055,844,114.8,130,0,0,0,-1,76,5,92,76
985,105,512,103.4,112.6,0,0,0,-1,50,5,62,46
182,547,930,44.1,46.2,0,0,0,-1,58,3,63,42
960,209,211,103,113.4,0,0,0,-1,53,5,77,52
671,825,481,101.3,109.9,0,0,0,-1,74,5,54,43
51,965,730,71,73.5,0,0,0,-1,72,3,91,66
7,710,277,50.4,52.8,0,0,0,-1,61,3,72,48
104,825,481,44.1,47.4,0,0,0,-1,74,3,54,43
1071,150,562,132.5,149.5,0,0,0,-1,77,5,107,85
1036,891,360,99,109,0,0,0,-1,77,5,64,50
847,1025,615,81.2,88.8,0,0,0,-1,47,5,47,38
1134,508,258,94.5,106.3,0,0,0,-1,70,5,65,59
824,717,759,119.2,130.8,0,0,0,-1,80,5,67,58
1129,57,662,133.5,148.9,0,0,0,-1,85,5,95,77
210,1010,314,64,70,0,0,0,-1,71,3,118,58
825,104,171,100.5,109.5,0,0,0,-1,68,5,51,45
523,762,182,110.8,126,0,0,0,-1,87,5,88,76
1121,124,586,121,133.8,0,0,0,-1,63,5,89,64
850,43,257,100.2,109.8,0,0,0,-1,53,5,57,48
713,164,996,90.8,99.2,0,0,0,-1,45,5,53,42
779,729,13,125,137,0,0,0,-1,76,5,83,60
307,876,322,54.7,57.5,0,0,0,-1,69,3,61,54
668,488,646,82.8,88.4,0,0,0,-1,47,5,52,28
1109,72,462,84.7,92.1,0,0,0,-1,54,5,44,37
607,110,372,121.4,133.8,0,0,0,-1,92,5,78,62
911,127,649,92,100,0,0,0,-1,47,5,48,40
266,715,920,41.8,47.4,0,0,0,-1,70,3,67,39
1005,646,1029,85.7,92.3,0,0,0,-1,72,5,56,33
1064,921,493,105,115.8,0,0,0,-1,65,5,78,54
272,356,466,63.6,65.2,0,0,0,-1,81,3,70,54
219,785,320,49.2,52.4,0,0,0,-1,68,3,78,46
1010,283,912,103.5,115.3,0,0,0,-1,58,5,74,59
530,344,201,108.5,119.5,0,0,0,-1,58,5,92,55
991,784,666,80.5,86.3,0,0,0,-1,64,5,37,29
907,637,94,110.9,120.7,0,0,0,-1,74,5,57,49
674,313,85,83.6,94,0,0,0,-1,56,5,68,52
947,177,910,114.4,124.8,0,0,0,-1,61,5,78,52
1101,866,0,64.5,71.9,0,0,0,-1,48,5,46,37
840,936,750,126.5,141.9,0,0,0,-1,79,5,88,77
325,343,228,63.4,64.8,0,0,0,-1,77,3,76,62
1030,332,878,94.9,104.3,0,0,0,-1,70,5,62,47
884,304,1044,103.5,114.5,0,0,0,-1,56,5,65,55
984,164,752,103.8,114.6,0,0,0,-1,56,5,66,54
260,368,45,63.2,64.6,0,0,0,-1,73,3,73,59
619,1063,378,79.9,87.3,0,0,0,-1,69,5,54,37
61,525,955,32.6,33.2,0,0,0,-1,62,3,38,32
919,181,292,98.6,107.4,0,0,0,-1,56,5,59,44
581,64,1029,103.3,113.5,0,0,0,-1,83,5,88,51
84,1005,937,51.8,52.6,0,0,0,-1,76,3,65,51
103,488,646,30.4,32.8,0,0,0,-1,48,3,52,28
793,888,761,84.4,92.8,0,0,0,-1,59,5,55,42
66,393,274,63.7,67.4,0,0,0,-1,76,3,97,60
971,670,575,107,119.4,0,0,0,-1,78,5,76,62
975,91,328,123,131,0,0,0,-1,61,5,55,40
620,1019,1021,126.5,141.5,0,0,0,-1,80,5,89,75
82,55,641,57.8,59.2,0,0,0,-1,67,3,69,55
970,170,423,93.6,103.2,0,0,0,-1,78,5,60,48
659,460,564,85.5,94.1,0,0,0,-1,57,5,51,43
16,344,201,58.7,62.4,0,0,0,-1,58,3,92,55
901,88,690,105.4,115.8,0,0,0,-1,66,5,69,52
547,972,67,95,105,0,0,0,-1,76,5,70,50
1039,574,896,109.5,123.3,0,0,0,-1,81,5,75,69
1023,888,89,88.8,96.4,0,0,0,-1,60,5,53,38
722,701,32,75.1,81.3,0,0,0,-1,58,5,41,31
230,943,372,38.3,39.6,0,0,0,-1,57,3,50,37
1138,482,63,98.2,106.6,0,0,0,-1,63,5,52,42
631,111,373,90.7,98.9,0,0,0,-1,67,5,62,41
889,355,457,93.9,103.3,0,0,0,-1,56,5,61,47
909,823,724,92.6,103,0,0,0,-1,60,5,77,52
968,966,557,93.2,98.8,0,0,0,-1,63,5,40,28
196,58,472,58.8,60.2,0,0,0,-1,63,3,70,56
555,447,720,65.5,70.1,0,0,0,-1,50,5,31,23
564,97,394,99.5,108.5,0,0,0,-1,62,5,68,45
686,5,735,92.5,101.5,0,0,0,-1,66,5,52,45
612,393,274,115,127,0,0,0,-1,76,5,97,60
906,968,442,84.4,91.6,0,0,0,-1,72,5,52,36
568,236,410,104.5,115.9,0,0,0,-1,65,5,76,57
627,276,915,91,99,0,0,0,-1,59,5,47,40
566,841,592,81.3,89.1,0,0,0,-1,56,5,54,39
872,61,255,80.9,86.7,0,0,0,-1,61,5,49,29
923,754,1051,80.4,86,0,0,0,-1,49,5,44,28
881,436,79,119.4,131.8,0,0,0,-1,70,5,76,62
515,759,373,91,102.2,0,0,0,-1,86,5,63,56
1033,448,858,84,88.8,0,0,0,-1,40,5,48,24
1098,849,254,122.5,135.5,0,0,0,-1,73,5,90,65
1029,217,614,118,132,0,0,0,-1,68,5,97,70
814,260,216,112.7,118.5,0,0,0,-1,74,5,46,29
663,504,544,109.8,120.2,0,0,0,-1,81,5,63,52
661,96,306,92,96,0,0,0,-1,61,5,38,20
154,8,564,45,46,0,0,0,-1,59,3,53,43
588,13,751,97.5,106.5,0,0,0,-1,54,5,66,45
918,286,398,93.9,102.1,0,0,0,-1,68,5,57,41
1118,347,508,124.5,137.9,0,0,0,-1,83,5,91,67
1140,125,745,101,113,0,0,0,-1,67,5,83,60
796,142,805,138.3,154.5,0,0,0,-1,78,5,114,81
128,902,271,71.4,72.8,0,0,0,-1,73,3,77,63
894,948,713,111,123.8,0,0,0,-1,64,5,79,64
749,86,209,120.6,133,0,0,0,-1,62,5,102,62
546,655,676,98.8,107.2,0,0,0,-1,61,5,61,42
55,963,680,35.4,36.8,0,0,0,-1,51,3,48,34
194,102,1011,54.6,56.4,0,0,0,-1,55,3,69,51
780,362,314,137.9,152.5,0,0,0,-1,76,5,116,73
993,63,142,97.1,104.9,0,0,0,-1,58,5,62,39
711,1068,882,83.5,92.5,0,0,0,-1,53,5,61,45
878,372,1001,98,109.2,0,0,0,-1,69,5,70,56
657,437,32,103.9,113.3,0,0,0,-1,72,5,71,47
1074,1053,441,112.5,125.9,0,0,0,-1,96,5,79,67
885,605,126,98.1,109.5,0,0,0,-1,68,5,81,57
983,876,322,98.8,109.6,0,0,0,-1,69,5,61,54
1011,343,228,107,119.4,0,0,0,-1,77,5,76,62
1024,12,709,75.8,82.2,0,0,0,-1,57,5,47,32
806,859,139,97.7,109.1,0,0,0,-1,61,5,92,57
905,35,506,87,93,0,0,0,-1,76,5,42,30
994,70,263,80.4,88.8,0,0,0,-1,59,5,51,42
637,984,812,127,141.4,0,0,0,-1,96,5,91,72
545,878,372,98.5,109.1,0,0,0,-1,81,5,72,53
1047,920,865,76.1,81.5,0,0,0,-1,55,5,41,27
842,52,1032,98.7,108.9,0,0,0,-1,64,5,63,51
701,332,745,96,107.6,0,0,0,-1,61,5,67,58
152,386,261,65.8,68.7,0,0,0,-1,73,3,89,60
125,335,211,52.4,54.2,0,0,0,-1,60,3,65,47
343,261,1001,65.9,69.7,0,0,0,-1,73,3,83,64
231,214,754,54.1,55.2,0,0,0,-1,72,3,64,53
215,978,871,49,50,0,0,0,-1,56,3,55,45
91,1008,18,60.2,61.1,0,0,0,-1,68,3,62,53
241,322,867,68.3,69.6,0,0,0,-1,67,3,80,67
887,785,21,91.5,102.5,0,0,0,-1,79,5,64,55
829,346,585,110.8,121.6,0,0,0,-1,76,5,73,54
529,192,515,93.5,102.5,0,0,0,-1,71,5,62,45
692,413,289,137.1,151.7,0,0,0,-1,63,5,86,73
750,8,564,91.7,100.3,0,0,0,-1,60,5,53,43
820,130,670,102.6,112.2,0,0,0,-1,66,5,69,48
56,892,798,79.4,80.8,0,0,0,-1,73,3,92,78
27,511,803,53.4,54.8,0,0,0,-1,62,3,66,52
920,420,870,115.5,125.7,0,0,0,-1,77,5,90,51
758,443,181,147.7,167.5,0,0,0,-1,86,5,118,99
33,557,984,44.8,47.2,0,0,0,-1,72,3,64,40
961,365,488,105.3,114.7,0,0,0,-1,71,5,63,47
748,386,261,119,131,0,0,0,-1,73,5,89,60
316,785,472,56.2,60.6,0,0,0,-1,70,3,65,54
202,1074,980,57.6,58.4,0,0,0,-1,75,3,64,56
902,585,528,93.1,101.7,0,0,0,-1,60,5,63,43
768,10,985,82.9,89.5,0,0,0,-1,49,5,40,33
574,1040,122,95.5,106.5,0,0,0,-1,57,5,90,55
1067,879,320,115.4,129,0,0,0,-1,78,5,95,68
526,1035,423,82.5,92.3,0,0,0,-1,71,5,58,49
532,236,780,74.5,79.5,0,0,0,-1,62,5,32,25
827,1010,314,123.8,135.4,0,0,0,-1,72,5,118,58
1049,1041,335,73.5,78.5,0,0,0,-1,61,5,36,25
503,1072,274,106.3,116.1,0,0,0,-1,72,5,72,49
826,938,361,75.3,83.1,0,0,0,-1,59,5,48,39
980,1015,559,107,118.2,0,0,0,-1,74,5,79,56
925,1016,909,119,131.4,0,0,0,-1,70,5,88,62
788,555,766,111.5,125.3,0,0,0,-1,76,5,77,69
712,1028,1061,105.5,116.5,0,0,0,-1,67,5,78,55
982,849,328,129.5,144.5,0,0,0,-1,82,5,92,75
738,807,688,82.1,89.9,0,0,0,-1,50,5,47,39
662,756,217,119.7,133.5,0,0,0,-1,79,5,99,69
917,356,466,107.8,118.6,0,0,0,-1,82,5,70,54
300,791,129,61.8,63.4,0,0,0,-1,69,3,69,61
12,507,694,32.8,38.4,0,0,0,-1,59,3,40,32
690,139,66,101.5,112.5,0,0,0,-1,69,5,74,55
578,15,1029,103.5,112.5,0,0,0,-1,73,5,81,45
168,515,142,63.3,67.9,0,0,0,-1,63,3,84,61
1043,73,402,129,144.2,0,0,0,-1,80,5,91,76
742,684,453,100,110.8,0,0,0,-1,60,5,73,54
282,671,722,80.8,82.5,0,0,0,-1,89,3,91,74
284,810,306,53.8,55.6,0,0,0,-1,77,3,70,52
752,456,97,60.3,65.7,0,0,0,-1,42,5,36,27
1056,375,722,146,160.4,0,0,0,-1,104,5,110,72
166,609,754,64.7,65.4,0,0,0,-1,79,3,71,64
635,644,450,98.2,103,0,0,0,-1,52,5,43,24
1143,177,992,112,122,0,0,0,-1,62,5,97,50
553,728,1022,139.8,157,0,0,0,-1,92,5,114,86
773,154,922,112,124.4,0,0,0,-1,65,5,81,62
955,554,258,110,123.6,0,0,0,-1,71,5,75,68
1139,801,899,110.9,119.5,0,0,0,-1,71,5,55,43
243,177,403,81.6,84.4,0,0,0,-1,69,3,104,76
1053,260,516,75.9,81.7,0,0,0,-1,59,5,44,29
309,105,512,47.6,52.4,0,0,0,-1,51,3,62,46
353,696,387,59.1,63.5,0,0,0,-1,91,3,69,58
97,24,804,72.8,74.6,0,0,0,-1,73,3,89,71
726,524,829,127,141.8,0,0,0,-1,89,5,90,74
590,248,199,76.2,82.6,0,0,0,-1,47,5,41,32
79,984,812,73.9,75.8,0,0,0,-1,97,3,91,72
1070,769,102,91,99,0,0,0,-1,57,5,55,40
569,434,3,92.3,98.1,0,0,0,-1,78,5,43,29
1092,351,23,118,131.2,0,0,0,-1,76,5,85,66
815,1074,980,103.2,114.4,0,0,0,-1,75,5,64,56
1066,499,958,65.1,69.7,0,0,0,-1,46,5,49,23
132,800,290,87.8,88.6,0,0,0,-1,90,3,95,87
225,641,1047,42.1,44.3,0,0,0,-1,59,3,58,41
681,690,543,123.5,138.1,0,0,0,-1,84,5,87,73
817,191,470,103.6,113.2,0,0,0,-1,59,5,70,48
854,214,754,111.7,122.3,0,0,0,-1,72,5,64,53
140,707,181,77.1,78.8,0,0,0,-1,68,3,89,72
966,525,271,108.1,117.9,0,0,0,-1,74,5,64,49
867,499,1008,108.5,119.5,0,0,0,-1,70,5,81,55
145,733,1013,56.1,57.8,0,0,0,-1,65,3,68,51
151,1072,274,51.3,55.9,0,0,0,-1,74,3,72,49
1106,280,662,127.7,143.5,0,0,0,-1,77,5,104,79
640,55,641,107.5,118.5,0,0,0,-1,68,5,69,55
302,670,575,63.4,64.8,0,0,0,-1,79,3,76,62
582,908,368,78.5,87.9,0,0,0,-1,69,5,55,47
175,585,280,45.9,49.8,0,0,0,-1,54,3,81,42
807,58,472,120.4,131.6,0,0,0,-1,65,5,70,56
672,727,304,111,124.2,0,0,0,-1,68,5,78,66
912,257,646,127.2,138.4,0,0,0,-1,56,5,88,56
700,152,510,93.1,101.3,0,0,0,-1,60,5,48,41
856,179,755,130.2,143.4,0,0,0,-1,76,5,84,66
838,785,320,101,110.2,0,0,0,-1,69,5,78,46
882,971,352,86.6,94.2,0,0,0,-1,68,5,60,38
774,396,462,118.5,133.5,0,0,0,-1,82,5,96,75
724,726,269,106.5,119.1,0,0,0,-1,56,5,75,63
1108,299,673,105.9,117.3,0,0,0,-1,63,5,66,57
543,733,1049,114.3,126.1,0,0,0,-1,64,5,73,59
761,534,12,77.7,85.9,0,0,0,-1,50,5,49,41
575,535,285,103.4,116.2,0,0,0,-1,64,5,97,64
1018,701,366,92,100,0,0,0,-1,80,5,56,40
560,119,355,114.3,124.1,0,0,0,-1,74,5,80,49
573,1057,126,105.6,118.8,0,0,0,-1,69,5,99,66
622,454,427,73.5,78.5,0,0,0,-1,59,5,41,25
1006,160,817,124.5,139.5,0,0,0,-1,79,5,102,75
730,379,117,138.1,152.7,0,0,0,-1,92,5,87,73
952,852,33,105.5,118.1,0,0,0,-1,57,5,74,63
836,659,1062,114.3,125.7,0,0,0,-1,84,5,63,57
221,936,750,78.1,79.2,0,0,0,-1,80,3,88,77
880,219,908,93.9,103.3,0,0,0,-1,60,5,61,47
1131,348,514,104.3,112.9,0,0,0,-1,74,5,57,43
188,888,761,43.3,44.6,0,0,0,-1,61,3,55,42
903,161,475,124.6,135.8,0,0,0,-1,70,5,63,56
336,24,219,47.5,49,0,0,0,-1,65,3,61,46
1059,1012,375,98.2,105,0,0,0,-1,81,5,54,34
823,82,364,109.2,122,0,0,0,-1,59,5,90,64
1027,24,219,111.6,120.8,0,0,0,-1,65,5,61,46
191,131,177,51.4,52,0,0,0,-1,54,3,55,49
193,744,918,91.8,93.4,0,0,0,-1,104,3,99,91
278,417,284,70.8,72.2,0,0,0,-1,74,3,75,61
1034,471,318,104.5,115.5,0,0,0,-1,57,5,66,55
614,888,767,108.5,119.9,0,0,0,-1,68,5,80,57
15,337,175,68.2,69.8,0,0,0,-1,60,3,81,65
929,542,792,115.4,125.8,0,0,0,-1,71,5,79,52
859,623,450,102,114,0,0,0,-1,64,5,72,60
54,578,38,73.4,74.8,0,0,0,-1,77,3,86,72
1096,998,577,131,147,0,0,0,-1,93,5,107,80
4,71,385,49.2,51.4,0,0,0,-1,87,3,58,47
898,368,45,102.5,114.3,0,0,0,-1,75,5,73,59
570,137,796,125.7,139.5,0,0,0,-1,63,5,105,69
941,239,389,103.5,113.3,0,0,0,-1,72,5,79,49
822,991,807,108.5,121.5,0,0,0,-1,68,5,76,65
1103,858,409,119.5,133.3,0,0,0,-1,68,5,85,69
139,524,829,77.2,78.8,0,0,0,-1,90,3,90,74
1105,969,392,76,84,0,0,0,-1,67,5,48,40
900,619,966,99.2,108.8,0,0,0,-1,78,5,56,48
1083,21,653,126.5,137.5,0,0,0,-1,93,5,77,55
776,585,280,102,110.4,0,0,0,-1,53,5,81,42
144,383,799,74.5,75.4,0,0,0,-1,90,3,79,70
896,526,369,73.5,80.5,0,0,0,-1,66,5,42,35
647,350,13,121,132.2,0,0,0,-1,67,5,93,56
303,806,724,66.4,69.8,0,0,0,-1,69,3,97,63
727,697,646,99.7,105.9,0,0,0,-1,56,5,47,31
1087,425,731,124,138.4,0,0,0,-1,77,5,88,72
981,376,73,129.8,147,0,0,0,-1,88,5,104,86
554,262,713,178,198,0,0,0,-1,90,5,128,100
741,139,608,116.2,129,0,0,0,-1,59,5,97,64
271,78,221,28.2,30.5,0,0,0,-1,49,3,42,19
629,397,1051,123,135.8,0,0,0,-1,83,5,91,64
263,585,528,51,53,0,0,0,-1,62,3,63,43
1110,489,231,108,117.6,0,0,0,-1,62,5,84,48
297,365,488,50.2,51.8,0,0,0,-1,73,3,63,47
746,182,391,116.7,128.5,0,0,0,-1,91,5,99,59
660,24,804,124.5,138.7,0,0,0,-1,73,5,89,71
585,240,15,89.6,95.2,0,0,0,-1,50,5,42,28
17,236,780,27.1,29.2,0,0,0,-1,63,3,32,25
916,159,470,112.2,125,0,0,0,-1,59,5,93,64
26,1055,844,77.6,79.2,0,0,0,-1,77,3,92,76
1120,213,118,86.4,91.6,0,0,0,-1,62,5,37,26
63,110,372,65.2,66.8,0,0,0,-1,94,3,78,62
74,491,474,45.8,49.6,0,0,0,-1,64,3,61,42
217,659,1062,58.2,59.4,0,0,0,-1,85,3,63,57
223,992,361,49.8,57.4,0,0,0,-1,76,3,84,46
23,733,1049,60.4,61.8,0,0,0,-1,64,3,73,59
269,257,646,59.2,65.6,0,0,0,-1,57,3,88,56
275,362,152,65.2,66.6,0,0,0,-1,67,3,75,61
216,154,849,66.7,67.4,0,0,0,-1,80,3,73,66
549,511,803,102.4,112.8,0,0,0,-1,63,5,66,52
155,192,390,65.2,67.8,0,0,0,-1,85,3,86,60
136,138,954,53.6,54.4,0,0,0,-1,66,3,60,52
115,58,412,70.8,72.2,0,0,0,-1,73,3,82,68
899,930,757,115.8,128.6,0,0,0,-1,80,5,71,64
654,44,332,89.8,97,0,0,0,-1,53,5,43,36
857,489,917,73.5,78.5,0,0,0,-1,58,5,31,25
249,436,79,63.4,64.8,0,0,0,-1,72,3,76,62
954,714,177,111.5,124.5,0,0,0,-1,69,5,79,65
886,487,355,110.3,119.7,0,0,0,-1,82,5,68,47
506,71,385,100.3,109.7,0,0,0,-1,86,5,58,47
950,801,925,121.5,136.1,0,0,0,-1,84,5,85,73
22,155,593,60.7,61.6,0,0,0,-1,67,3,67,58
922,362,152,117.7,129.9,0,0,0,-1,67,5,75,61
124,711,520,36.2,37.6,0,0,0,-1,51,3,46,32
253,785,21,55.9,56.8,0,0,0,-1,81,3,64,55
341,290,722,64.4,66.6,0,0,0,-1,75,3,82,60
652,1008,18,88.5,99.1,0,0,0,-1,69,5,62,53
317,176,365,51.6,53.2,0,0,0,-1,80,3,66,50
1032,1014,419,72.5,81.5,0,0,0,-1,67,5,59,45
47,198,812,46.4,53.6,0,0,0,-1,64,3,68,44
176,876,546,77.7,78.6,0,0,0,-1,91,3,84,75
997,211,766,96.5,107.1,0,0,0,-1,63,5,70,53
1137,397,706,145,159.8,0,0,0,-1,92,5,108,74
737,771,310,138.6,152.2,0,0,0,-1,73,5,91,68
643,1005,937,104.9,115.1,0,0,0,-1,78,5,65,51
799,753,32,90.2,101,0,0,0,-1,59,5,74,54
2,1072,274,51.3,55.9,0,0,0,-1,74,3,72,49
116,5,735,45.7,46.4,0,0,0,-1,68,3,52,45
525,91,380,98.8,107.2,0,0,0,-1,79,5,61,42
649,226,859,120.8,131.6,0,0,0,-1,62,5,83,54
111,690,543,74.4,75.8,0,0,0,-1,84,3,87,73
810,997,494,122.1,134.7,0,0,0,-1,88,5,78,63
1099,324,890,103.8,114.6,0,0,0,-1,76,5,66,54
311,526,232,59.8,62,0,0,0,-1,64,3,73,51
1020,75,531,124.6,138.2,0,0,0,-1,74,5,77,68
43,535,285,67.3,70.6,0,0,0,-1,65,3,97,64
281,486,224,73.1,74.2,0,0,0,-1,82,3,83,72
927,658,168,93.9,103.3,0,0,0,-1,81,5,61,47
508,437,561,102.5,114.3,0,0,0,-1,70,5,73,59
586,1024,546,116,130.4,0,0,0,-1,90,5,80,72
252,487,355,49.1,55.4,0,0,0,-1,83,3,68,47
705,266,419,118,130,0,0,0,-1,99,5,76,60
291,852,33,64.1,65.2,0,0,0,-1,58,3,74,63
939,36,947,124,134,0,0,0,-1,82,5,79,50
1038,278,340,130.9,144.3,0,0,0,-1,81,5,84,67
951,296,814,98.8,109.6,0,0,0,-1,72,5,61,54
666,999,71,124.5,140.3,0,0,0,-1,91,5,85,79
42,1057,126,69.3,72.6,0,0,0,-1,70,3,99,66
641,921,755,125.5,139.7,0,0,0,-1,66,5,90,71
187,893,431,91.2,92.3,0,0,0,-1,99,3,100,89
633,203,994,143.2,158.4,0,0,0,-1,93,5,90,76
10,49,813,80.5,82,0,0,0,-1,77,3,94,79
536,726,664,137,153.4,0,0,0,-1,75,5,96,82
678,432,3,118.5,129.5,0,0,0,-1,73,5,69,55
349,1012,375,36,40,0,0,0,-1,82,3,54,34
18,445,120,66,67.4,0,0,0,-1,89,3,73,59
77,203,994,77.4,78.8,0,0,0,-1,92,3,90,76
173,396,462,77.1,79.2,0,0,0,-1,84,3,96,75
689,356,318,118,130,0,0,0,-1,69,5,76,60
571,530,306,125.4,136.6,0,0,0,-1,75,5,75,56
541,881,426,78.6,89,0,0,0,-1,76,5,63,52
1000,176,365,101,111,0,0,0,-1,81,5,66,50
331,281,935,74,75,0,0,0,-1,82,3,83,73
874,677,610,105.5,116.5,0,0,0,-1,74,5,67,55
596,866,431,101.3,115.5,0,0,0,-1,77,5,80,71
1132,1022,102,105,116.6,0,0,0,-1,64,5,76,58
908,715,920,86.5,94.3,0,0,0,-1,73,5,67,39
579,636,999,126.9,143.5,0,0,0,-1,106,5,102,83
1057,68,75,101.7,110.3,0,0,0,-1,67,5,63,43
58,123,953,56.1,59.2,0,0,0,-1,71,3,84,53
717,655,974,117.1,129.7,0,0,0,-1,56,5,73,63
798,131,177,99.1,108.9,0,0,0,-1,55,5,55,49
765,954,433,125.2,136.4,0,0,0,-1,88,5,86,56
598,892,798,131,146.6,0,0,0,-1,74,5,92,78
521,507,694,94.4,100.8,0,0,0,-1,60,5,40,32
863,71,333,107.8,117.4,0,0,0,-1,60,5,55,48
339,362,754,67,69,0,0,0,-1,82,3,85,65
11,624,134,74.3,77.6,0,0,0,-1,68,3,104,71
150,182,391,63,71,0,0,0,-1,92,3,99,59
1130,425,304,101,112.6,0,0,0,-1,69,5,72,58
833,978,871,104.5,113.5,0,0,0,-1,58,5,55,45
816,1051,613,75,83.4,0,0,0,-1,77,5,54,42
1051,42,363,124.2,135.8,0,0,0,-1,81,5,72,58
507,640,692,126,138,0,0,0,-1,103,5,84,60
775,399,573,113,126.2,0,0,0,-1,73,5,80,66
936,222,392,99.2,108.4,0,0,0,-1,63,5,67,46
1144,588,475,114.5,123.5,0,0,0,-1,72,5,56,45
83,921,755,72.9,74.8,0,0,0,-1,67,3,90,71
286,748,673,35.1,37.3,0,0,0,-1,50,3,45,34
293,714,177,66.4,67.8,0,0,0,-1,70,3,79,65
227,536,812,55.9,57.8,0,0,0,-1,69,3,73,54
64,798,655,40.6,41.2,0,0,0,-1,53,3,46,40
684,196,402,128.4,142.8,0,0,0,-1,69,5,78,72
801,276,615,119.1,130.9,0,0,0,-1,69,5,66,59
611,395,801,123.5,137.3,0,0,0,-1,96,5,89,69
1015,785,407,113,125,0,0,0,-1,73,5,83,60
959,256,399,113.8,124.6,0,0,0,-1,74,5,76,54
65,395,801,71,73,0,0,0,-1,96,3,89,69
113,387,286,75.2,76.8,0,0,0,-1,80,3,88,72
162,372,863,60,62,0,0,0,-1,76,3,78,58
879,210,384,130.1,140.7,0,0,0,-1,87,5,84,53
1063,696,387,121.2,132.8,0,0,0,-1,92,5,69,58
119,356,318,63.2,64.8,0,0,0,-1,69,3,76,60
171,161,758,65.7,66.4,0,0,0,-1,58,3,72,65
756,39,852,124.5,139.5,0,0,0,-1,76,5,87,75
259,526,369,35.7,38.5,0,0,0,-1,67,3,42,35
924,486,1017,118,131.6,0,0,0,-1,79,5,84,68
679,79,989,116,128,0,0,0,-1,75,5,86,60
948,1064,829,116.1,125.9,0,0,0,-1,61,5,72,49
956,277,941,127,141,0,0,0,-1,60,5,106,70
1102,143,630,138.4,154,0,0,0,-1,70,5,115,78
714,800,290,138.5,155.9,0,0,0,-1,92,5,95,87
226,620,583,44.9,46.6,0,0,0,-1,69,3,50,33
1085,79,726,108.5,118.3,0,0,0,-1,58,5,84,49
634,413,217,143.9,157.3,0,0,0,-1,75,5,97,67
280,542,792,54.7,57.4,0,0,0,-1,72,3,79,52
1065,25,530,118.5,132.3,0,0,0,-1,64,5,84,69
969,791,129,111.7,123.9,0,0,0,-1,70,5,69,61
1040,788,387,113.5,124.5,0,0,0,-1,88,5,75,55
944,387,1068,109.7,121.9,0,0,0,-1,79,5,67,61
6,16,1020,35.1,37.2,0,0,0,-1,57,3,40,33
37,728,267,77.2,78.6,0,0,0,-1,70,3,87,73
322,688,526,48.5,50,0,0,0,-1,71,3,62,47
518,1027,301,105,115,0,0,0,-1,73,5,80,50
670,631,638,113,127,0,0,0,-1,84,5,78,70
734,1018,349,95.2,102.8,0,0,0,-1,70,5,61,38
270,311,421,58.6,61.9,0,0,0,-1,76,3,85,52
285,36,947,58.7,61.6,0,0,0,-1,83,3,79,50
1,441,325,79,83,0,0,0,-1,93,3,115,75
69,815,251,57.2,58.6,0,0,0,-1,67,3,60,46
142,678,862,65.3,78.5,0,0,0,-1,73,3,95,62
288,1064,829,51.3,53.6,0,0,0,-1,61,3,72,49
48,240,15,36.4,37.8,0,0,0,-1,52,3,42,28
745,533,947,92.5,103.5,0,0,0,-1,72,5,65,55
725,735,1,93.5,100.5,0,0,0,-1,50,5,55,35
869,316,369,120.5,130.7,0,0,0,-1,84,5,95,51
87,210,1055,63.4,65.1,0,0,0,-1,80,3,77,60
1046,976,242,90.5,101.1,0,0,0,-1,71,5,64,53
1112,612,123,126.9,138.3,0,0,0,-1,62,5,87,57
733,678,862,126,138.4,0,0,0,-1,73,5,95,62
201,260,1007,59.9,63.8,0,0,0,-1,80,3,95,56
5,437,561,60.4,61.8,0,0,0,-1,72,3,73,59
621,1064,440,122.1,132.7,0,0,0,-1,85,5,85,53
88,236,411,62.1,64.2,0,0,0,-1,64,3,67,60
795,313,938,117.5,130.5,0,0,0,-1,68,5,98,65
510,16,1020,82.9,89.5,0,0,0,-1,56,5,40,33
133,655,974,64,65,0,0,0,-1,57,3,73,63
876,234,474,124.3,135.7,0,0,0,-1,68,5,73,57
207,150,613,80.7,81.4,0,0,0,-1,93,3,87,80
228,43,257,48.9,49.8,0,0,0,-1,57,3,57,48
967,728,71,128,143.2,0,0,0,-1,82,5,90,76
892,514,362,101.5,110.5,0,0,0,-1,82,5,61,45
234,71,333,48.7,50.1,0,0,0,-1,61,3,55,48
158,884,462,63.6,64.4,0,0,0,-1,62,3,66,58
238,520,731,72.6,73.2,0,0,0,-1,65,3,78,72
342,788,387,57,59,0,0,0,-1,88,3,75,55
520,624,134,125.3,139.5,0,0,0,-1,68,5,104,71
181,430,658,71.4,74.6,0,0,0,-1,88,3,81,65
1016,162,526,119.3,131.1,0,0,0,-1,70,5,78,59
576,603,478,89.3,99.1,0,0,0,-1,68,5,55,49
292,186,796,70,74,0,0,0,-1,74,3,88,68
75,397,1051,66.7,74.8,0,0,0,-1,85,3,91,64
946,387,449,108.1,118.7,0,0,0,-1,82,5,71,53
771,518,18,97.2,106.8,0,0,0,-1,64,5,54,48
1060,374,642,135.7,148.3,0,0,0,-1,89,5,79,63
1025,402,449,102.2,113.4,0,0,0,-1,69,5,63,56
1008,688,526,104.3,113.7,0,0,0,-1,72,5,62,47
841,556,639,95.6,100.8,0,0,0,-1,66,5,34,26
1013,111,347,93.7,101.1,0,0,0,-1,70,5,53,37
167,10,985,35.1,37.2,0,0,0,-1,52,3,40,33
46,636,999,84.9,86.8,0,0,0,-1,107,3,102,83
743,21,637,134.5,148.3,0,0,0,-1,85,5,100,69
8,644,447,31.6,37.4,0,0,0,-1,49,3,49,20
784,458,1070,26.1,27.9,0,0,0,-1,50,5,18,9
760,94,444,135,144.2,0,0,0,-1,85,5,66,46
890,683,442,114.6,126.2,0,0,0,-1,91,5,74,58
740,733,1013,113.9,124.1,0,0,0,-1,67,5,68,51
200,87,632,67.6,71.2,0,0,0,-1,72,3,100,64
93,672,297,41.4,44.2,0,0,0,-1,73,3,54,40
52,915,443,51.2,52.3,0,0,0,-1,84,3,60,49
606,835,599,104.5,115.5,0,0,0,-1,66,5,66,55
1086,270,744,134,146,0,0,0,-1,77,5,68,60
264,161,475,56.7,57.4,0,0,0,-1,73,3,63,56
535,173,722,111.5,122.5,0,0,0,-1,83,5,84,55
135,192,558,71.6,74.2,0,0,0,-1,71,3,95,69
1082,976,883,109,121,0,0,0,-1,68,5,79,60
78,413,217,88,91,0,0,0,-1,76,3,97,67
1119,32,538,101.3,109.9,0,0,0,-1,70,5,54,43
849,536,812,110.8,121.6,0,0,0,-1,69,5,73,54
1088,983,959,109.6,121.2,0,0,0,-1,76,5,69,58
602,123,953,121.1,131.7,0,0,0,-1,71,5,84,53
805,471,926,99.4,109.8,0,0,0,-1,57,5,63,52
835,154,849,119.2,132.4,0,0,0,-1,82,5,73,66
1090,499,83,89.1,97.7,0,0,0,-1,58,5,59,43
891,320,806,125,138.6,0,0,0,-1,79,5,91,68
214,152,799,63.7,64.4,0,0,0,-1,77,3,70,63
524,840,688,105,118.2,0,0,0,-1,70,5,72,66
1041,368,275,119.7,131.9,0,0,0,-1,78,5,77,61
1084,160,1063,112.4,122.8,0,0,0,-1,61,5,76,52
13,762,182,77.2,78.4,0,0,0,-1,89,3,88,76
108,432,3,66.2,67.6,0,0,0,-1,78,3,69,55
247,210,384,57,61,0,0,0,-1,88,3,84,53
1058,603,898,105,118.2,0,0,0,-1,81,5,72,66
778,876,546,121.5,136.5,0,0,0,-1,93,5,84,75
791,382,493,110.5,120.3,0,0,0,-1,87,5,86,49
38,841,592,40.5,42,0,0,0,-1,58,3,54,39
753,636,434,84.2,93.4,0,0,0,-1,67,5,52,46
794,600,336,76.2,82.6,0,0,0,-1,54,5,41,32
786,763,243,121.5,136.5,0,0,0,-1,74,5,99,75
704,856,22,87,95,0,0,0,-1,77,5,51,40
1045,261,1001,115,127.8,0,0,0,-1,76,5,83,64
632,24,35,123.1,134.9,0,0,0,-1,82,5,70,59
762,372,863,118.6,130.2,0,0,0,-1,78,5,78,58
597,963,680,85.4,92.2,0,0,0,-1,56,5,48,34
931,804,292,110.1,120.7,0,0,0,-1,61,5,73,53
321,216,981,73.7,74.4,0,0,0,-1,89,3,96,73
973,993,768,129.5,144.9,0,0,0,-1,81,5,91,77
913,311,421,121.4,131.8,0,0,0,-1,77,5,85,52
963,380,795,130,145.2,0,0,0,-1,83,5,92,76
828,895,941,117.2,128.4,0,0,0,-1,69,5,78,56
198,997,494,64.5,66,0,0,0,-1,89,3,78,63
310,999,604,95.8,96.6,0,0,0,-1,101,3,103,95
1100,532,181,115.5,130.1,0,0,0,-1,66,5,79,73
551,858,320,105.6,115.2,0,0,0,-1,65,5,72,48
1128,281,902,125.8,138.2,0,0,0,-1,79,5,70,62
130,1028,1061,57.3,61.9,0,0,0,-1,70,3,78,55
610,798,655,82,90,0,0,0,-1,54,5,46,40
1089,755,453,97.7,107.9,0,0,0,-1,61,5,62,51
45,676,287,77.3,81.9,0,0,0,-1,86,3,98,75
837,827,512,120.5,134.3,0,0,0,-1,68,5,86,69
1009,279,916,141.5,159.3,0,0,0,-1,93,5,97,89
511,710,277,105.6,115.2,0,0,0,-1,65,5,72,48
831,964,557,104.6,114.2,0,0,0,-1,71,5,71,48
1054,82,640,120,133.6,0,0,0,-1,74,5,86,68
934,943,780,103.4,112.2,0,0,0,-1,74,5,55,44
1145,1028,630,120.5,133.5,0,0,0,-1,73,5,88,65
236,806,733,73.2,75.6,0,0,0,-1,76,3,90,66
533,445,120,126.1,137.9,0,0,0,-1,93,5,73,59
698,990,889,117.5,131.3,0,0,0,-1,105,5,83,69
1037,362,754,130.5,143.5,0,0,0,-1,83,5,85,65
129,885,694,62.6,63.2,0,0,0,-1,75,3,68,62
85,131,425,51.2,53.4,0,0,0,-1,74,3,71,49
505,467,1044,126.5,137.9,0,0,0,-1,70,5,98,57
720,138,954,106.8,117.2,0,0,0,-1,69,5,60,52
94,307,434,56.6,58.7,0,0,0,-1,69,3,65,44
177,729,13,62.3,66.9,0,0,0,-1,79,3,83,60
96,443,695,84,86,0,0,0,-1,95,3,96,76
157,636,434,49.6,50.2,0,0,0,-1,69,3,52,46
680,611,954,101.8,112.6,0,0,0,-1,70,5,64,54
192,276,615,59.7,60.4,0,0,0,-1,71,3,66,59
755,884,462,95,106.6,0,0,0,-1,63,5,66,58
999,785,472,113.6,124.4,0,0,0,-1,74,5,65,54
267,303,632,82.6,87.8,0,0,0,-1,89,3,106,80
783,430,658,126.5,139.5,0,0,0,-1,89,5,81,65
809,511,187,128.1,140.7,0,0,0,-1,91,5,84,63
126,332,745,63.4,64.3,0,0,0,-1,64,3,67,58
19,971,458,25.3,27.9,0,0,0,-1,45,3,37,24
759,512,620,116.5,130.3,0,0,0,-1,76,5,82,69
945,212,941,130.1,142.7,0,0,0,-1,65,5,86,63
702,104,898,122.6,136.2,0,0,0,-1,80,5,75,68
160,512,620,70.3,72.9,0,0,0,-1,76,3,82,69
860,331,633,108.5,117.5,0,0,0,-1,64,5,59,45
593,915,443,104.1,113.9,0,0,0,-1,84,5,60,49
992,280,919,118.5,133.5,0,0,0,-1,77,5,96,75
682,668,262,142,158,0,0,0,-1,96,5,102,80
1141,792,156,135,146.6,0,0,0,-1,76,5,106,58
989,526,232,108.7,118.9,0,0,0,-1,66,5,73,51
804,102,1011,114.9,125.1,0,0,0,-1,59,5,69,51
517,333,416,107.9,119.3,0,0,0,-1,62,5,68,57
295,256,399,56.2,58.4,0,0,0,-1,76,3,76,54
706,902,271,121.1,133.7,0,0,0,-1,76,5,77,63
1028,27,633,110.6,119.8,0,0,0,-1,57,5,60,46
685,58,412,129.6,143.2,0,0,0,-1,76,5,82,68
584,198,812,125.2,134,0,0,0,-1,65,5,68,44
851,866,751,103,117,0,0,0,-1,75,5,82,70
1004,850,184,93.6,103.2,0,0,0,-1,66,5,60,48
770,383,661,123,135,0,0,0,-1,91,5,81,60
1125,6,750,119.8,132.6,0,0,0,-1,70,5,75,64
974,221,1010,116.4,128,0,0,0,-1,66,5,100,58
542,155,593,130.8,142.4,0,0,0,-1,69,5,67,58
320,160,817,77.7,80.4,0,0,0,-1,82,3,102,75
131,164,996,45.3,47.5,0,0,0,-1,52,3,53,42
875,177,403,142,157.2,0,0,0,-1,72,5,104,76
744,356,467,124,135.6,0,0,0,-1,84,5,95,58
1050,230,4,90.1,95.9,0,0,0,-1,56,5,35,29
68,888,767,59.3,63.9,0,0,0,-1,71,3,80,57
558,154,1056,121.5,135.7,0,0,0,-1,78,5,86,71
246,372,1001,57.4,58.8,0,0,0,-1,72,3,70,56
877,508,581,136,149.6,0,0,0,-1,79,5,102,68
751,192,390,116,128,0,0,0,-1,87,5,86,60
864,642,92,117,130.6,0,0,0,-1,74,5,83,68
866,806,733,109.8,123,0,0,0,-1,76,5,90,66
31,262,713,102.8,114,0,0,0,-1,92,3,128,100
739,383,799,114,128,0,0,0,-1,96,5,79,70
110,611,954,55,56,0,0,0,-1,70,3,64,54
1081,1019,909,121.1,133.7,0,0,0,-1,82,5,77,63
169,383,661,70.5,72.6,0,0,0,-1,92,3,81,60
958,250,742,138.2,155,0,0,0,-1,83,5,113,84
949,687,1000,116,128.8,0,0,0,-1,75,5,84,64
14,840,688,66.6,67.2,0,0,0,-1,71,3,72,66
1115,578,481,98,108.4,0,0,0,-1,67,5,72,52
70,1019,1021,76.4,77.8,0,0,0,-1,84,3,89,75
206,400,841,55.7,56.4,0,0,0,-1,87,3,62,55
41,530,306,61.7,63.6,0,0,0,-1,77,3,75,56
134,525,262,86.8,89,0,0,0,-1,103,3,100,78
552,262,656,151.9,166.1,0,0,0,-1,85,5,88,71
1022,281,935,148.7,163.3,0,0,0,-1,84,5,83,73
174,399,573,67.4,68.8,0,0,0,-1,75,3,80,66
673,841,428,111.9,120.5,0,0,0,-1,80,5,56,43
283,222,392,48.1,50.2,0,0,0,-1,66,3,67,46
650,290,371,121.4,131.8,0,0,0,-1,84,5,85,52
790,528,306,122.5,135.1,0,0,0,-1,78,5,91,63
937,810,306,116.8,127.2,0,0,0,-1,80,5,70,52
502,441,325,152.5,167.5,0,0,0,-1,94,5,115,75
675,24,551,145.5,160.5,0,0,0,-1,75,5,108,75
644,131,425,115.1,124.9,0,0,0,-1,74,5,71,49
624,247,759,148,164,0,0,0,-1,85,5,108,80
149,21,637,72.1,78.3,0,0,0,-1,86,3,100,69
1700,499,958,97.3,101.9,0,0,0,-1,55,5,49,23
273,286,398,42.6,45.8,0,0,0,-1,74,3,57,41
1136,109,919,105.6,117.2,0,0,0,-1,77,5,65,58
107,24,551,78.3,91.5,0,0,0,-1,75,3,108,75
1178,971,458,87.4,92.2,0,0,0,-1,47,5,37,24
688,129,416,103,113,0,0,0,-1,65,5,58,50
861,409,874,127.2,142,0,0,0,-1,81,5,105,74
709,885,694,111.4,123.8,0,0,0,-1,76,5,68,62
1095,1015,355,104.1,111.9,0,0,0,-1,72,5,69,39
245,508,581,71.4,74.8,0,0,0,-1,81,3,102,68
1111,979,376,130.3,144.1,0,0,0,-1,104,5,82,69
803,744,918,144.5,162.7,0,0,0,-1,107,5,99,91
1091,339,309,126.2,139.4,0,0,0,-1,83,5,80,66
127,104,898,73.6,74.3,0,0,0,-1,81,3,75,68
1241,687,505,84,88.4,0,0,0,-1,50,5,29,22
504,262,336,138.2,151.4,0,0,0,-1,81,5,92,66
261,930,757,64.7,65.4,0,0,0,-1,83,3,71,64
957,491,353,95.7,103.9,0,0,0,-1,73,5,67,41
930,486,224,133.4,147.8,0,0,0,-1,85,5,83,72
979,462,597,121,134.6,0,0,0,-1,71,5,87,68
209,938,361,40.8,41.7,0,0,0,-1,63,3,48,39
972,806,724,115.9,128.5,0,0,0,-1,72,5,97,63
1423,1015,958,107.1,112.5,0,0,0,-1,52,5,45,27
1210,841,592,104.7,112.5,0,0,0,-1,61,5,54,39
667,1008,224,116,129.6,0,0,0,-1,85,5,82,68
708,850,112,114.6,125.4,0,0,0,-1,83,5,66,54
257,948,713,65.5,67,0,0,0,-1,67,3,79,64
20,342,406,64.1,66.2,0,0,0,-1,69,3,83,62
683,387,286,124,138.4,0,0,0,-1,83,5,88,72
92,44,332,37.4,39.5,0,0,0,-1,58,3,43,36
36,119,355,52.1,61.4,0,0,0,-1,78,3,80,49
986,928,340,85.5,95.7,0,0,0,-1,64,5,60,51
183,884,108,80.8,82.4,0,0,0,-1,75,3,88,80
114,196,402,73.2,74.4,0,0,0,-1,72,3,78,72
1681,920,865,92.3,97.7,0,0,0,-1,62,5,41,27
873,587,810,108,120.4,0,0,0,-1,79,5,77,62
304,939,750,89.2,90.4,0,0,0,-1,89,3,100,88
1073,852,92,127.5,142.5,0,0,0,-1,66,5,90,75
561,728,267,123.5,138.1,0,0,0,-1,72,5,87,73
953,186,796,135.6,149.2,0,0,0,-1,76,5,88,68
1044,928,1030,100.4,114,0,0,0,-1,69,5,80,68
544,735,299,118.3,128.1,0,0,0,-1,66,5,84,49
926,417,284,117.7,129.9,0,0,0,-1,79,5,75,61
802,963,158,126.5,139.1,0,0,0,-1,58,5,95,63
539,1048,220,84.8,93.6,0,0,0,-1,55,5,54,44
274,420,870,54.9,58.8,0,0,0,-1,84,3,90,51
276,486,1017,71.2,74.4,0,0,0,-1,82,3,84,68
664,826,107,123,138.6,0,0,0,-1,75,5,84,78
335,941,649,51.6,52.2,0,0,0,-1,61,3,57,51
732,431,521,135.7,149.9,0,0,0,-1,77,5,86,71
855,426,619,132.6,146.2,0,0,0,-1,93,5,85,68
843,992,361,116.2,125.4,0,0,0,-1,79,5,84,46
218,827,512,70.7,77.5,0,0,0,-1,69,3,86,69
528,337,175,139.5,152.5,0,0,0,-1,65,5,81,65
813,260,1007,123,134.2,0,0,0,-1,82,5,95,56
123,471,682,63.8,65.1,0,0,0,-1,77,3,69,56
962,326,386,119.9,131.3,0,0,0,-1,90,5,80,57
559,756,105,112.7,124.9,0,0,0,-1,71,5,70,61
645,190,813,126.5,139.5,0,0,0,-1,64,5,81,65
757,227,397,113.1,123.7,0,0,0,-1,97,5,76,53
279,212,988,45.8,46.6,0,0,0,-1,62,3,53,45
53,371,512,70.4,72.8,0,0,0,-1,92,3,92,68
522,1056,669,123,136.2,0,0,0,-1,77,5,90,66
540,949,751,115,127,0,0,0,-1,89,5,73,60
868,520,731,114,128.4,0,0,0,-1,67,5,78,72
1026,941,649,92.7,102.9,0,0,0,-1,61,5,57,51
1048,1048,54,112,124,0,0,0,-1,71,5,70,60
636,1034,766,109.5,124.5,0,0,0,-1,73,5,87,75
229,866,751,71.2,72.4,0,0,0,-1,76,3,82,70
35,154,1056,72.5,74,0,0,0,-1,79,3,86,71
344,976,242,57.4,58.5,0,0,0,-1,72,3,64,53
95,437,32,54.2,56.6,0,0,0,-1,79,3,71,47
988,999,604,150.5,169.5,0,0,0,-1,103,5,103,95
871,322,867,126.9,140.3,0,0,0,-1,70,5,80,67
710,739,870,95.9,105.3,0,0,0,-1,68,5,63,47
338,471,318,56.1,57.2,0,0,0,-1,61,3,66,55
656,307,434,113.4,122.2,0,0,0,-1,72,5,65,44
516,682,1065,116.6,127.4,0,0,0,-1,79,5,68,54
315,239,960,63.3,66.6,0,0,0,-1,77,3,93,60
735,928,914,106.9,118.3,0,0,0,-1,77,5,67,57
832,152,799,126.7,139.3,0,0,0,-1,80,5,70,63
651,233,852,134.5,149.1,0,0,0,-1,73,5,98,73
146,249,555,89,92,0,0,0,-1,102,3,98,83
594,371,512,153.2,166.8,0,0,0,-1,92,5,92,68
232,426,619,69.7,73.1,0,0,0,-1,93,3,85,68
120,492,277,54.1,57.2,0,0,0,-1,67,3,82,51
1014,134,1067,148.5,163.5,0,0,0,-1,75,5,126,75
1516,587,529,94,100,0,0,0,-1,52,5,37,30
865,294,1056,125.5,139.3,0,0,0,-1,83,5,91,69
792,893,431,144.5,162.3,0,0,0,-1,103,5,100,89
1035,794,518,116.5,129.1,0,0,0,-1,62,5,85,63
327,111,347,38.6,40.2,0,0,0,-1,75,3,53,37
932,671,722,128,142.8,0,0,0,-1,93,5,91,74
268,127,649,40.8,41.6,0,0,0,-1,53,3,48,40
601,548,669,113.6,126,0,0,0,-1,75,5,95,62
808,233,565,130.9,144.3,0,0,0,-1,76,5,84,67
1117,990,478,95.3,104.7,0,0,0,-1,76,5,53,47
86,190,813,66.6,68.2,0,0,0,-1,65,3,81,65
1770,801,899,136.7,145.3,0,0,0,-1,76,5,55,43
1079,253,599,126.5,139.5,0,0,0,-1,58,5,81,65
346,230,4,31.4,33.2,0,0,0,-1,58,3,35,29
1323,5,735,101.5,110.5,0,0,0,-1,74,5,52,45
287,212,941,65.3,67.6,0,0,0,-1,66,3,86,63
213,964,557,50.3,52.6,0,0,0,-1,73,3,71,48
62,835,599,56.1,57.2,0,0,0,-1,68,3,66,55
592,625,260,105.6,117.2,0,0,0,-1,68,5,65,58
904,618,192,125,138.2,0,0,0,-1,76,5,92,66
1124,476,606,119.5,132.9,0,0,0,-1,76,5,86,67
250,971,352,42.4,44.6,0,0,0,-1,73,3,60,38
1278,897,841,102.5,107.9,0,0,0,-1,67,5,35,27
623,637,183,108.7,119.3,0,0,0,-1,89,5,61,53
1555,754,1051,97.2,102.8,0,0,0,-1,57,5,44,28
718,525,262,154.6,170.2,0,0,0,-1,105,5,100,78
1522,355,457,103.3,112.7,0,0,0,-1,62,5,61,47
1307,1041,770,98.8,103.6,0,0,0,-1,60,5,34,24
893,926,337,87,93,0,0,0,-1,58,5,42,30
204,191,470,50.2,54.6,0,0,0,-1,65,3,70,48
1281,400,990,95.2,100.8,0,0,0,-1,70,5,42,28
821,150,613,159,175,0,0,0,-1,96,5,87,80
233,623,450,61.2,63.6,0,0,0,-1,69,3,72,60
72,247,759,82.8,85.6,0,0,0,-1,88,3,108,80
179,362,314,77.3,81.6,0,0,0,-1,82,3,116,73
1695,678,643,105.9,112.5,0,0,0,-1,51,5,63,33
239,316,369,55.4,59.8,0,0,0,-1,88,3,95,51
501,54,346,111.3,123.1,0,0,0,-1,92,5,70,59
1575,241,14,107.2,114.4,0,0,0,-1,51,5,46,36
1255,206,313,127,135.4,0,0,0,-1,81,5,64,42
290,296,814,56.1,58.2,0,0,0,-1,77,3,61,54
1484,43,257,119.4,129,0,0,0,-1,62,5,57,48
1211,268,133,125,131.8,0,0,0,-1,55,5,40,34
1635,448,766,89.2,94.8,0,0,0,-1,54,5,36,28
90,233,852,75.5,83,0,0,0,-1,73,3,98,73
519,49,813,133.5,149.3,0,0,0,-1,81,5,94,79
1279,55,641,118.5,129.5,0,0,0,-1,74,5,69,55
537,795,25,99.1,108.9,0,0,0,-1,64,5,55,49
1468,175,232,111.5,116.1,0,0,0,-1,68,5,54,23
1655,888,89,111.6,119.2,0,0,0,-1,68,5,53,38
172,154,922,63.9,65.8,0,0,0,-1,71,3,81,62
1122,521,696,97,107,0,0,0,-1,71,5,62,50
1019,125,743,108,119.6,0,0,0,-1,69,5,79,58
112,668,262,82.2,84.4,0,0,0,-1,97,3,102,80
1560,212,988,111.5,120.5,0,0,0,-1,63,5,53,45
189,313,938,68.3,71.6,0,0,0,-1,71,3,98,65
1491,489,917,98.5,103.5,0,0,0,-1,67,5,31,25
1245,970,1054,106.9,112.7,0,0,0,-1,54,5,46,29
328,785,407,62.3,64.6,0,0,0,-1,77,3,83,60
1572,748,673,102.8,109.6,0,0,0,-1,56,5,45,34
1333,711,520,100.4,106.8,0,0,0,-1,58,5,46,32
330,75,531,68.9,69.8,0,0,0,-1,78,3,77,68
242,587,810,63.5,65,0,0,0,-1,80,3,77,62
1434,923,460,96.1,101.5,0,0,0,-1,57,5,34,27
1707,963,495,91.5,97.7,0,0,0,-1,61,5,45,31
1407,154,922,124.4,136.8,0,0,0,-1,72,5,81,62
1157,644,447,95,99,0,0,0,-1,53,5,49,20
527,937,1018,102,114.8,0,0,0,-1,72,5,70,64
719,192,558,129.5,143.3,0,0,0,-1,75,5,95,69
728,707,181,125,139.4,0,0,0,-1,73,5,89,72
1329,413,289,151.7,166.3,0,0,0,-1,71,5,86,73
1247,525,955,92.4,98.8,0,0,0,-1,71,5,38,32
1293,44,332,104.2,111.4,0,0,0,-1,60,5,43,36
1397,889,841,127,135.8,0,0,0,-1,93,5,64,44
721,319,498,139.5,152.5,0,0,0,-1,77,5,94,65
467,825,611,26.5,29.5,0,0,0,-1,63,3,40,25
766,991,727,144.5,159.5,0,0,0,-1,91,5,107,75
294,554,258,68.8,69.6,0,0,0,-1,77,3,75,68
208,991,807,66.1,67.2,0,0,0,-1,74,3,76,65
235,294,1056,71.2,75.6,0,0,0,-1,84,3,91,69
1482,173,243,120,126.4,0,0,0,-1,90,5,40,32
595,578,38,107.6,122,0,0,0,-1,82,5,86,72
1431,546,639,114.9,123.5,0,0,0,-1,84,5,52,43
646,210,1055,131,143,0,0,0,-1,84,5,77,60
1257,775,644,109.7,115.1,0,0,0,-1,69,5,53,27
425,400,841,56.4,57.1,0,0,0,-1,89,3,62,55
148,684,453,55.9,59.7,0,0,0,-1,66,3,73,54
1350,113,253,108.5,115.5,0,0,0,-1,63,5,37,35
199,148,743,59.8,60.6,0,0,0,-1,60,3,67,59
938,148,627,143.2,158.4,0,0,0,-1,70,5,90,76
40,137,796,72.6,76.2,0,0,0,-1,68,3,105,69
244,234,474,66.6,68.2,0,0,0,-1,73,3,73,57
1551,181,292,125,133.8,0,0,0,-1,67,5,59,44
277,1016,909,64.6,67.2,0,0,0,-1,75,3,88,62
1239,963,680,105.8,112.6,0,0,0,-1,60,5,48,34
977,601,133,112,124.8,0,0,0,-1,64,5,80,64
1267,1019,812,109.3,115.9,0,0,0,-1,73,5,73,33
618,815,251,101.4,110.6,0,0,0,-1,70,5,60,46
384,413,289,78.2,79.5,0,0,0,-1,71,3,86,73
1158,736,591,98.8,106,0,0,0,-1,69,5,52,36
1736,649,570,88.4,95.2,0,0,0,-1,57,5,51,34
255,514,362,48.2,49.8,0,0,0,-1,86,3,61,45
1031,749,293,92.5,102.7,0,0,0,-1,62,5,67,51
990,645,781,109.6,121.2,0,0,0,-1,60,5,69,58
211,895,941,58.2,60.4,0,0,0,-1,73,3,78,56
237,499,1008,57.6,60.2,0,0,0,-1,75,3,81,55
1012,451,1072,96.3,105.7,0,0,0,-1,77,5,54,47
25,972,67,52,54,0,0,0,-1,81,3,70,50
1207,694,1024,131.8,139.4,0,0,0,-1,68,5,52,38
1165,507,694,107.2,113.6,0,0,0,-1,64,5,40,32
165,954,433,59,62,0,0,0,-1,93,3,86,56
1648,162,526,131.1,142.9,0,0,0,-1,74,5,78,59
28,858,320,50.4,55.2,0,0,0,-1,68,3,72,48
550,201,801,117.6,129.2,0,0,0,-1,79,5,77,58
1728,579,844,96.8,102,0,0,0,-1,64,5,37,26
1544,127,649,108,116,0,0,0,-1,54,5,48,40
1754,962,935,110.5,119.5,0,0,0,-1,74,5,52,45
1227,240,15,100.8,106.4,0,0,0,-1,58,5,42,28
696,471,682,119.4,130.6,0,0,0,-1,78,5,69,56
1142,564,120,113.7,125.9,0,0,0,-1,82,5,71,61
1715,160,1063,122.8,133.2,0,0,0,-1,64,5,76,52
368,687,505,23.4,24.1,0,0,0,-1,53,3,29,22
587,1069,285,126.6,148.2,0,0,0,-1,77,5,78,54
350,374,642,69.4,72.6,0,0,0,-1,93,3,79,63
190,142,805,84.3,87.6,0,0,0,-1,84,3,114,81
30,728,1022,88.8,94.4,0,0,0,-1,97,3,114,86
1579,387,449,118.7,129.3,0,0,0,-1,87,5,71,53
996,239,960,123,135,0,0,0,-1,78,5,93,60
1427,888,761,109.6,118,0,0,0,-1,68,5,55,42
665,253,972,139.1,151.7,0,0,0,-1,67,5,95,63
1601,966,557,115.6,121.2,0,0,0,-1,73,5,40,28
1503,414,635,109.3,115.9,0,0,0,-1,64,5,60,33
1156,964,513,104,109.6,0,0,0,-1,71,5,34,28
1155,710,277,124.8,134.4,0,0,0,-1,70,5,72,48
1452,400,841,122.5,133.5,0,0,0,-1,90,5,62,55
212,262,777,109.5,114.5,0,0,0,-1,105,3,132,107
29,262,656,74.4,76.1,0,0,0,-1,87,3,88,71
102,1008,224,69.4,70.8,0,0,0,-1,87,3,82,68
1249,110,372,146.2,158.6,0,0,0,-1,103,5,78,62
312,645,781,59.1,60.2,0,0,0,-1,60,3,69,58
1517,304,1044,125.5,136.5,0,0,0,-1,65,5,65,55
897,256,874,132.7,144.9,0,0,0,-1,81,5,90,61
109,79,989,62.6,65.2,0,0,0,-1,79,3,86,60
1314,789,753,103.6,112,0,0,0,-1,66,5,49,42
1764,123,247,130.4,141.6,0,0,0,-1,59,5,80,56
324,283,912,60.5,62,0,0,0,-1,66,3,74,59
830,262,777,185.5,206.9,0,0,0,-1,105,5,132,107
787,884,108,128,144,0,0,0,-1,77,5,88,80
137,701,32,34,35,0,0,0,-1,64,3,41,31
323,279,916,89.8,90.6,0,0,0,-1,97,3,97,89
1200,557,984,124,132,0,0,0,-1,80,5,64,40
195,471,926,53.1,54.2,0,0,0,-1,61,3,63,52
1416,686,704,103.7,110.3,0,0,0,-1,50,5,41,33
1371,807,688,97.7,105.5,0,0,0,-1,61,5,47,39
1479,641,1047,113.5,121.7,0,0,0,-1,72,5,58,41
1711,850,466,92,96.8,0,0,0,-1,76,5,32,24
1549,356,466,129.4,140.2,0,0,0,-1,89,5,70,54
1473,947,724,104.5,109.5,0,0,0,-1,64,5,37,25
895,611,75,99.8,110.6,0,0,0,-1,70,5,62,54
1649,365,592,131.4,142.2,0,0,0,-1,78,5,72,54
170,518,18,49.2,53.4,0,0,0,-1,68,3,54,48
1625,63,142,120.5,128.3,0,0,0,-1,69,5,62,39
1286,350,13,143.4,154.6,0,0,0,-1,75,5,93,56
1603,170,423,122.4,132,0,0,0,-1,88,5,60,48
1541,715,920,109.9,117.7,0,0,0,-1,81,5,67,39
184,555,766,69.8,70.6,0,0,0,-1,82,3,77,69
1361,697,646,124.5,130.7,0,0,0,-1,63,5,47,31
1686,312,72,118.9,124.7,0,0,0,-1,66,5,58,29
1708,857,507,111.4,118.2,0,0,0,-1,67,5,40,34
1094,946,222,94.5,105.1,0,0,0,-1,60,5,68,53
99,504,544,54.2,56.4,0,0,0,-1,88,3,63,52
370,888,767,59.3,61.6,0,0,0,-1,75,3,80,57
1741,72,462,99.5,106.9,0,0,0,-1,64,5,44,37
1169,91,380,124,132.4,0,0,0,-1,89,5,61,42
1508,177,403,157.2,172.4,0,0,0,-1,76,5,104,76
256,926,337,34.8,37.2,0,0,0,-1,60,3,42,30
39,236,410,58.9,60.8,0,0,0,-1,72,3,76,57
1630,21,51,140.4,149.6,0,0,0,-1,91,5,53,46
1730,324,890,125.4,136.2,0,0,0,-1,83,5,66,54
71,637,183,54.6,57,0,0,0,-1,93,3,61,53
1495,845,537,118.5,124.3,0,0,0,-1,65,5,46,29
100,826,107,78.6,79.2,0,0,0,-1,77,3,84,78
1565,996,507,99.1,104.5,0,0,0,-1,62,5,37,27
1748,653,890,126.2,133.4,0,0,0,-1,82,5,65,36
1396,372,863,141.8,153.4,0,0,0,-1,85,5,78,58
299,525,271,50.5,55,0,0,0,-1,83,3,64,49
1514,436,79,144.2,156.6,0,0,0,-1,81,5,76,62
1698,921,493,126.6,137.4,0,0,0,-1,72,5,78,54
446,127,649,44.8,45.6,0,0,0,-1,55,3,48,40
1233,965,730,163.6,176.8,0,0,0,-1,90,5,91,66
118,129,416,50.8,51.6,0,0,0,-1,69,3,58,50
1634,825,611,97.5,102.5,0,0,0,-1,65,5,40,25
449,356,466,57.2,58.8,0,0,0,-1,89,3,70,54
1660,24,219,139.2,148.4,0,0,0,-1,76,5,61,46
197,233,565,68.7,70.4,0,0,0,-1,78,3,84,67
1757,245,299,131.5,140.1,0,0,0,-1,68,5,67,43
374,397,1051,66.7,69.4,0,0,0,-1,94,3,91,64
1618,105,512,121.8,131,0,0,0,-1,59,5,62,46
470,162,526,60.9,62.8,0,0,0,-1,74,3,78,59
1459,104,171,136.5,145.5,0,0,0,-1,86,5,51,45
1675,368,275,131.9,144.1,0,0,0,-1,83,5,77,61
1745,736,1032,107.7,115.5,0,0,0,-1,57,5,57,39
1607,221,1010,128,139.6,0,0,0,-1,69,5,100,58
1176,236,780,99.5,104.5,0,0,0,-1,71,5,32,25
203,1051,613,44.4,48,0,0,0,-1,82,3,54,42
1481,1025,615,111.6,119.2,0,0,0,-1,59,5,47,38
1597,863,496,117,122.2,0,0,0,-1,71,5,52,26
493,612,123,60,63,0,0,0,-1,68,3,87,57
1331,7,437,132.5,143.5,0,0,0,-1,89,5,83,55
1487,759,408,115.5,124.1,0,0,0,-1,75,5,51,43
403,684,453,55.9,57.8,0,0,0,-1,67,3,73,54
1254,393,274,139,151,0,0,0,-1,85,5,97,60
484,150,562,87.2,89.4,0,0,0,-1,86,3,107,85
1756,6,750,132.6,145.4,0,0,0,-1,74,5,75,64
1617,164,752,125.4,136.2,0,0,0,-1,64,5,66,54
1677,73,402,144.2,159.4,0,0,0,-1,87,5,91,76
777,548,100,109,122.2,0,0,0,-1,73,5,76,66
1306,488,646,116.4,122,0,0,0,-1,59,5,52,28
334,402,449,56.7,57.4,0,0,0,-1,74,3,63,56
1599,525,271,127.7,137.5,0,0,0,-1,83,5,64,49
1460,938,361,90.9,98.7,0,0,0,-1,67,5,48,39
44,603,478,50.2,51.4,0,0,0,-1,74,3,55,49
1614,376,73,147,164.2,0,0,0,-1,97,5,104,86
1498,294,1056,139.3,153.1,0,0,0,-1,86,5,91,69
1410,585,280,127.2,135.6,0,0,0,-1,62,5,81,42
1645,111,347,115.9,123.3,0,0,0,-1,78,5,53,37
1384,8,564,117.5,126.1,0,0,0,-1,68,5,53,43
333,752,744,80.2,81.4,0,0,0,-1,90,3,91,79
818,616,279,131.8,146.6,0,0,0,-1,83,5,80,74
1154,16,1020,96.1,102.7,0,0,0,-1,63,5,40,33
1189,878,372,130.3,140.9,0,0,0,-1,91,5,72,53
1550,286,398,110.3,118.5,0,0,0,-1,79,5,57,41
1190,655,676,124,132.4,0,0,0,-1,76,5,61,42
1547,727,766,123.5,134.5,0,0,0,-1,80,5,63,55
1174,344,201,130.5,141.5,0,0,0,-1,68,5,92,55
1496,71,333,127,136.6,0,0,0,-1,67,5,55,48
1478,364,442,103.6,112,0,0,0,-1,71,5,49,42
1182,342,406,126.4,138.8,0,0,0,-1,72,5,83,62
352,706,609,66.1,67.2,0,0,0,-1,74,3,76,65
1398,962,1008,100.5,107.5,0,0,0,-1,71,5,41,35
729,998,1064,146.5,163.1,0,0,0,-1,93,5,105,83
1175,121,503,106.5,111.9,0,0,0,-1,77,5,39,27
1351,375,486,144.4,157.2,0,0,0,-1,96,5,74,64
648,236,411,121,133,0,0,0,-1,72,5,67,60
1616,876,322,120.4,131.2,0,0,0,-1,78,5,61,54
1335,335,211,116.7,126.1,0,0,0,-1,73,5,65,47
1576,387,1068,121.9,134.1,0,0,0,-1,85,5,67,61
580,74,972,131.4,143.8,0,0,0,-1,84,5,88,62
1465,964,557,123.8,133.4,0,0,0,-1,75,5,71,48
1608,91,328,155,163,0,0,0,-1,82,5,55,40
1685,42,363,135.8,147.4,0,0,0,-1,88,5,72,58
811,148,743,120.1,131.9,0,0,0,-1,62,5,67,59
1761,425,304,124.2,135.8,0,0,0,-1,80,5,72,58
1689,485,586,92.1,96.7,0,0,0,-1,59,5,30,23
1643,343,228,131.8,144.2,0,0,0,-1,91,5,76,62
1737,969,392,92,100,0,0,0,-1,74,5,48,40
1238,866,431,115.5,129.7,0,0,0,-1,83,5,80,71
1520,785,21,124.5,135.5,0,0,0,-1,89,5,64,55
1377,21,637,148.3,162.1,0,0,0,-1,90,5,100,69
251,605,126,61.8,64.2,0,0,0,-1,76,3,81,57
1403,515,142,138.9,151.1,0,0,0,-1,69,5,84,61
1250,301,224,146.5,155.5,0,0,0,-1,90,5,61,45
1419,547,930,117.6,126,0,0,0,-1,72,5,63,42
1166,1056,669,136.2,149.4,0,0,0,-1,80,5,90,66
1251,506,993,113.3,120.7,0,0,0,-1,64,5,43,37
1666,448,858,103.2,108,0,0,0,-1,53,5,48,24
373,491,474,45.8,47.7,0,0,0,-1,72,3,61,42
772,161,758,130.5,143.5,0,0,0,-1,67,5,72,65
1632,176,365,121,131,0,0,0,-1,89,5,66,50
1535,585,528,118.9,127.5,0,0,0,-1,69,5,63,43
1739,827,802,107.1,113.3,0,0,0,-1,69,5,42,31
1742,489,231,127.2,136.8,0,0,0,-1,69,5,84,48
1232,248,199,101.8,108.2,0,0,0,-1,59,5,41,32
565,935,794,127.9,142.5,0,0,0,-1,81,5,106,73
1246,238,209,145.7,159.9,0,0,0,-1,74,5,96,71
1594,365,488,133.5,142.9,0,0,0,-1,83,5,63,47
1402,10,985,96.1,102.7,0,0,0,-1,58,5,40,33
147,139,608,67.3,73.9,0,0,0,-1,66,3,97,64
1450,191,470,122.8,132.4,0,0,0,-1,69,5,70,48
1242,693,503,120.5,129.1,0,0,0,-1,79,5,56,43
1283,131,425,124.9,134.7,0,0,0,-1,79,5,71,49
448,159,470,66.9,69.8,0,0,0,-1,66,3,93,64
50,1069,285,56.4,61.2,0,0,0,-1,78,3,78,54
1704,932,717,123.1,130.9,0,0,0,-1,89,5,49,39
1524,320,806,138.6,152.2,0,0,0,-1,84,5,91,68
1691,68,75,136.1,144.7,0,0,0,-1,78,5,63,43
1294,672,297,114,122,0,0,0,-1,79,5,54,40
1659,941,649,102.9,113.1,0,0,0,-1,64,5,57,51
0,54,346,61.2,63.4,0,0,0,-1,97,3,70,59
1552,420,870,146.1,156.3,0,0,0,-1,90,5,90,51
1146,54,346,123.1,134.9,0,0,0,-1,100,5,70,59
1486,943,372,105.5,112.9,0,0,0,-1,66,5,50,37
888,826,963,125,140.2,0,0,0,-1,76,5,87,76
161,94,444,48,52,0,0,0,-1,94,3,66,46
1217,1040,122,128.5,139.5,0,0,0,-1,63,5,90,55
1772,792,156,146.6,158.2,0,0,0,-1,81,5,106,58
1153,437,561,114.3,126.1,0,0,0,-1,79,5,73,59
1458,257,739,136.3,147.7,0,0,0,-1,68,5,85,57
105,727,304,68.4,69.6,0,0,0,-1,76,3,78,66
1309,825,481,127.1,135.7,0,0,0,-1,83,5,54,43
1647,785,407,137,149,0,0,0,-1,79,5,83,60
1665,1014,419,90.5,99.5,0,0,0,-1,74,5,59,45
1386,456,97,92.7,98.1,0,0,0,-1,55,5,36,27
1226,198,812,142.8,151.6,0,0,0,-1,69,5,68,44
1467,978,871,113.5,122.5,0,0,0,-1,64,5,55,45
1199,447,720,93.1,97.7,0,0,0,-1,70,5,31,23
1417,352,243,152.5,165.5,0,0,0,-1,87,5,81,65
348,603,898,67.2,68.4,0,0,0,-1,87,3,72,66
1637,646,1029,112.1,118.7,0,0,0,-1,81,5,56,33
1430,142,805,154.5,170.7,0,0,0,-1,85,5,114,81
1533,619,966,137.6,147.2,0,0,0,-1,91,5,56,48
34,981,630,82.7,85.4,0,0,0,-1,87,3,107,80
1620,173,252,111.6,118.4,0,0,0,-1,84,5,47,34
1193,511,803,123.2,133.6,0,0,0,-1,70,5,66,52
411,609,754,67.5,68.2,0,0,0,-1,87,3,71,64
1652,75,531,138.2,151.8,0,0,0,-1,81,5,77,68
1507,677,610,116.5,127.5,0,0,0,-1,80,5,67,55
138,726,269,65.4,66.6,0,0,0,-1,64,3,75,63
1276,984,812,141.4,155.8,0,0,0,-1,104,5,91,72
434,426,619,69.7,71.4,0,0,0,-1,97,3,85,68
1574,834,618,109,113.4,0,0,0,-1,65,5,30,22
1428,600,336,95.4,101.8,0,0,0,-1,61,5,41,32
1587,714,177,124.5,137.5,0,0,0,-1,76,5,79,65
1519,487,355,129.1,138.5,0,0,0,-1,91,5,68,47
21,949,751,61.3,62.6,0,0,0,-1,93,3,73,60
1580,177,910,135.2,145.6,0,0,0,-1,73,5,78,52
1230,13,751,115.5,124.5,0,0,0,-1,64,5,66,45
1114,1048,215,113.5,127.3,0,0,0,-1,80,5,79,69
482,375,722,75.8,79.6,0,0,0,-1,112,3,110,72
1147,441,325,167.5,182.5,0,0,0,-1,101,5,115,75
1511,372,1001,109.2,120.4,0,0,0,-1,78,5,70,56
1626,70,263,114,122.4,0,0,0,-1,73,5,51,42
101,999,71,81.4,83.2,0,0,0,-1,97,3,85,79
1513,219,908,112.7,122.1,0,0,0,-1,70,5,61,47
1324,834,1014,94.4,98.8,0,0,0,-1,65,5,35,22
1204,119,355,143.7,153.5,0,0,0,-1,84,5,80,49
1592,256,399,135.4,146.2,0,0,0,-1,82,5,76,54
1627,197,587,124.5,135.5,0,0,0,-1,79,5,64,55
1426,893,431,162.3,180.1,0,0,0,-1,106,5,100,89
1262,1019,1021,141.5,156.5,0,0,0,-1,89,5,89,75
1422,555,766,125.3,139.1,0,0,0,-1,83,5,77,69
1470,659,1062,137.1,148.5,0,0,0,-1,92,5,63,57
1505,61,255,121.5,127.3,0,0,0,-1,78,5,49,29
1212,236,410,127.3,138.7,0,0,0,-1,74,5,76,57
178,200,989,121.9,130.6,0,0,0,-1,122,3,148,119
1298,460,564,111.3,119.9,0,0,0,-1,69,5,51,43
1578,212,941,142.7,155.3,0,0,0,-1,69,5,86,63
1275,1034,766,124.5,139.5,0,0,0,-1,76,5,87,75
1568,222,392,117.6,126.8,0,0,0,-1,74,5,67,46
1768,397,706,159.8,174.6,0,0,0,-1,100,5,108,74
1225,908,368,97.3,106.7,0,0,0,-1,77,5,55,47
1191,972,67,115,125,0,0,0,-1,84,5,70,50
1208,97,394,126.5,135.5,0,0,0,-1,74,5,68,45
106,841,428,46.9,52.1,0,0,0,-1,84,3,56,43
1538,35,506,111,117,0,0,0,-1,88,5,42,30
1441,58,472,142.8,154,0,0,0,-1,75,5,70,56
1564,671,722,142.8,157.6,0,0,0,-1,96,5,91,74
445,303,632,82.6,85.2,0,0,0,-1,94,3,106,80
1766,786,1064,119,126.2,0,0,0,-1,60,5,65,36
1172,337,175,152.5,165.5,0,0,0,-1,70,5,81,65
1762,348,514,130.1,138.7,0,0,0,-1,87,5,57,43
1669,891,360,119,129,0,0,0,-1,88,5,64,50
1598,732,650,127,137,0,0,0,-1,83,5,62,50
1285,210,1055,143,155,0,0,0,-1,86,5,77,60
1474,936,750,141.9,157.3,0,0,0,-1,86,5,88,77
428,257,739,59.8,62.6,0,0,0,-1,69,3,85,57
340,278,340,68.7,70.4,0,0,0,-1,89,3,84,67
1674,788,387,124.5,135.5,0,0,0,-1,93,5,75,55
1440,859,139,131.9,143.3,0,0,0,-1,68,5,92,57
557,981,630,147,163,0,0,0,-1,87,5,107,80
1583,801,925,136.1,150.7,0,0,0,-1,93,5,85,73
415,430,658,71.4,73,0,0,0,-1,95,3,81,65
405,182,391,63,67,0,0,0,-1,100,3,99,59
1687,260,516,104.9,110.7,0,0,0,-1,71,5,44,29
1447,260,1007,134.2,145.4,0,0,0,-1,87,5,95,56
402,139,608,67.3,70.6,0,0,0,-1,67,3,97,64
1554,362,152,142.1,154.3,0,0,0,-1,79,5,75,61
1305,1008,224,129.6,143.2,0,0,0,-1,89,5,82,68
1662,217,614,146,160,0,0,0,-1,78,5,97,70
1339,183,357,135.2,144.4,0,0,0,-1,99,5,57,46
1751,32,538,118.5,127.1,0,0,0,-1,79,5,54,43
1365,609,132,157,171,0,0,0,-1,86,5,94,70
1504,322,867,140.3,153.7,0,0,0,-1,74,5,80,67
1650,701,366,116,124,0,0,0,-1,88,5,56,40
1374,249,555,172.7,189.3,0,0,0,-1,105,5,98,83
1236,371,512,166.8,180.4,0,0,0,-1,96,5,92,68
1127,135,832,156.6,172.2,0,0,0,-1,85,5,102,78
1288,226,859,131.6,142.4,0,0,0,-1,68,5,83,54
305,1015,559,58.3,62.9,0,0,0,-1,81,3,79,56
436,71,333,50.1,52.2,0,0,0,-1,68,3,55,48
1159,759,373,124.6,135.8,0,0,0,-1,96,5,63,56
1769,482,63,115,123.4,0,0,0,-1,73,5,52,42
1413,729,13,149,161,0,0,0,-1,84,5,83,60
390,902,271,65.8,67.2,0,0,0,-1,81,3,77,63
1405,518,18,106.8,116.4,0,0,0,-1,70,5,54,48
496,508,258,59.6,60.2,0,0,0,-1,80,3,65,59
1304,999,71,140.3,156.1,0,0,0,-1,98,5,85,79
1272,24,35,146.7,158.5,0,0,0,-1,91,5,70,59
1718,425,731,138.4,152.8,0,0,0,-1,88,5,88,72
258,611,75,55.6,58,0,0,0,-1,73,3,62,54
1709,109,287,122,128,0,0,0,-1,71,5,47,30
1456,82,364,134.8,147.6,0,0,0,-1,67,5,90,64
89,290,371,55.3,58.6,0,0,0,-1,90,3,85,52
1506,587,810,120.4,132.8,0,0,0,-1,83,5,77,62
1368,1018,349,125.6,133.2,0,0,0,-1,82,5,61,38
205,616,279,74.6,75.2,0,0,0,-1,84,3,80,74
1271,111,373,115.3,123.5,0,0,0,-1,83,5,62,41
1240,892,798,146.6,162.2,0,0,0,-1,81,5,92,78
1571,36,947,144,154,0,0,0,-1,90,5,79,50
1462,895,941,128.4,139.6,0,0,0,-1,76,5,78,56
1604,670,575,131.8,144.2,0,0,0,-1,87,5,76,62
1765,508,258,118.1,129.9,0,0,0,-1,80,5,65,59
1442,233,565,144.3,157.7,0,0,0,-1,80,5,84,67
1341,266,419,142,154,0,0,0,-1,110,5,76,60
1602,791,129,123.9,136.1,0,0,0,-1,76,5,69,61
1633,905,1001,120,126.4,0,0,0,-1,86,5,40,32
1439,471,926,120.2,130.6,0,0,0,-1,63,5,63,52
1357,701,32,106.1,112.3,0,0,0,-1,67,5,41,31
1720,755,453,107.9,118.1,0,0,0,-1,67,5,62,51
1497,642,92,130.6,144.2,0,0,0,-1,79,5,83,68
479,261,1001,65.9,67.8,0,0,0,-1,82,3,83,64
1332,471,682,130.6,141.8,0,0,0,-1,81,5,69,56
1436,963,158,139.1,151.7,0,0,0,-1,62,5,95,63
1168,840,688,118.2,131.4,0,0,0,-1,76,5,72,66
1611,507,727,129.5,140.5,0,0,0,-1,85,5,80,55
1173,192,515,120.5,129.5,0,0,0,-1,81,5,62,45
1256,888,767,131.3,142.7,0,0,0,-1,77,5,80,57
1042,1006,717,156.5,173.5,0,0,0,-1,100,5,114,85
417,555,766,70.6,71.4,0,0,0,-1,84,3,77,69
1657,12,709,107.8,114.2,0,0,0,-1,70,5,47,32
1510,508,581,149.6,163.2,0,0,0,-1,86,5,102,68
1610,601,133,124.8,137.6,0,0,0,-1,67,5,80,64
453,296,814,56.1,57.5,0,0,0,-1,81,3,61,54
1540,637,94,130.5,140.3,0,0,0,-1,83,5,57,49
1270,397,1051,161.4,174.2,0,0,0,-1,97,5,91,64
1534,88,690,126.2,136.6,0,0,0,-1,78,5,69,52
1347,1028,1061,127.5,138.5,0,0,0,-1,75,5,78,55
1722,339,309,139.4,152.6,0,0,0,-1,89,5,80,66
1776,1028,630,133.5,146.5,0,0,0,-1,78,5,88,65
471,402,449,57.4,58.1,0,0,0,-1,76,3,63,56
1679,261,1001,127.8,140.6,0,0,0,-1,83,5,83,64
410,534,12,43.4,44.2,0,0,0,-1,59,3,49,41
1446,87,632,144.8,157.6,0,0,0,-1,78,5,100,64
380,1008,18,54.8,56.6,0,0,0,-1,77,3,62,53
1266,247,759,164,180,0,0,0,-1,93,5,108,80
1472,785,320,128.6,137.8,0,0,0,-1,80,5,78,46
456,250,742,86.9,89.8,0,0,0,-1,88,3,113,84
1229,1069,285,126.6,137.4,0,0,0,-1,79,5,78,54
1490,179,755,143.4,156.6,0,0,0,-1,87,5,84,66
466,785,472,56.2,58.4,0,0,0,-1,80,3,65,54
1480,620,583,112.7,119.3,0,0,0,-1,78,5,50,33
377,236,411,62.1,63.5,0,0,0,-1,74,3,67,60
1151,71,385,128.5,137.9,0,0,0,-1,97,5,58,47
1209,935,794,142.5,157.1,0,0,0,-1,82,5,106,73
1710,253,599,139.5,152.5,0,0,0,-1,62,5,81,65
1261,1063,378,102.1,109.5,0,0,0,-1,78,5,54,37
1525,514,362,110.5,119.5,0,0,0,-1,90,5,61,45
1322,58,412,143.2,156.8,0,0,0,-1,83,5,82,68
1553,986,32,116.6,123,0,0,0,-1,79,5,43,32
355,840,688,67.2,68.4,0,0,0,-1,77,3,72,66
1683,1041,335,98.5,103.5,0,0,0,-1,69,5,36,25
1432,131,177,128.5,138.3,0,0,0,-1,66,5,55,49
1719,983,959,121.2,132.8,0,0,0,-1,82,5,69,58
1336,152,510,117.7,125.9,0,0,0,-1,69,5,48,41
491,969,392,45.6,46.4,0,0,0,-1,76,3,48,40
1387,636,434,102.6,111.8,0,0,0,-1,77,5,52,46
1287,236,411,133,145,0,0,0,-1,74,5,67,60
424,191,470,50.2,52.4,0,0,0,-1,70,3,70,48
1219,603,478,108.9,118.7,0,0,0,-1,76,5,55,49
1248,835,599,115.5,126.5,0,0,0,-1,74,5,66,55
1455,991,807,134.5,147.5,0,0,0,-1,77,5,76,65
1404,383,661,147,159,0,0,0,-1,100,5,81,60
1577,1029,813,150.5,165.1,0,0,0,-1,97,5,114,73
1531,368,45,126.1,137.9,0,0,0,-1,89,5,73,59
1259,429,719,154.3,168.1,0,0,0,-1,98,5,106,69
1463,346,585,143.2,154,0,0,0,-1,90,5,73,54
1493,331,633,126.5,135.5,0,0,0,-1,73,5,59,45
1589,277,941,141,155,0,0,0,-1,67,5,106,70
1424,528,306,135.1,147.7,0,0,0,-1,83,5,91,63
1326,356,318,142,154,0,0,0,-1,79,5,76,60
1197,728,1022,157,174.2,0,0,0,-1,99,5,114,86
1558,417,284,142.1,154.3,0,0,0,-1,88,5,75,61
1296,437,32,141.5,150.9,0,0,0,-1,90,5,71,47
1724,24,83,145.4,157,0,0,0,-1,77,5,70,58
361,728,1022,88.8,91.6,0,0,0,-1,99,3,114,86
49,1024,546,72.8,73.6,0,0,0,-1,98,3,80,72
1443,511,187,140.7,153.3,0,0,0,-1,97,5,84,63
1373,733,1013,134.3,144.5,0,0,0,-1,74,5,68,51
458,728,71,80.2,81.6,0,0,0,-1,88,3,90,76
1228,1024,546,130.4,144.8,0,0,0,-1,98,5,80,72
1454,150,613,175,191,0,0,0,-1,103,5,87,80
1545,257,646,149.6,160.8,0,0,0,-1,64,5,88,56
1477,992,361,125.4,134.6,0,0,0,-1,84,5,84,46
1187,733,1049,137.9,149.7,0,0,0,-1,73,5,73,59
1391,227,397,134.3,144.9,0,0,0,-1,105,5,76,53
1642,283,912,127.1,138.9,0,0,0,-1,70,5,74,59
388,104,898,68.7,69.4,0,0,0,-1,87,3,75,68
1062,706,609,121.5,134.5,0,0,0,-1,78,5,76,65
1693,1012,375,118.6,125.4,0,0,0,-1,91,5,54,34
572,630,560,137.4,151.8,0,0,0,-1,87,5,87,72
1214,530,306,136.6,147.8,0,0,0,-1,83,5,75,56
1661,27,633,129,138.2,0,0,0,-1,66,5,60,46
1717,270,744,146,158,0,0,0,-1,83,5,68,60
1312,313,85,114.8,125.2,0,0,0,-1,71,5,68,52
1453,130,670,121.8,131.4,0,0,0,-1,77,5,69,48
404,21,637,72.1,75.2,0,0,0,-1,92,3,100,69
1562,486,224,147.8,162.2,0,0,0,-1,91,5,83,72
1561,542,792,136.2,146.6,0,0,0,-1,80,5,79,52
498,397,706,77.4,80.8,0,0,0,-1,102,3,108,74
1475,556,639,111.2,116.4,0,0,0,-1,74,5,34,26
1530,256,874,144.9,157.1,0,0,0,-1,84,5,90,61
1381,1072,274,135.7,145.5,0,0,0,-1,83,5,72,49
1388,538,325,142.5,153.5,0,0,0,-1,86,5,82,55
1395,534,12,94.1,102.3,0,0,0,-1,60,5,49,41
1380,182,391,140.3,152.1,0,0,0,-1,102,5,99,59
1591,250,742,155,171.8,0,0,0,-1,89,5,113,84
1593,209,211,134.2,144.6,0,0,0,-1,69,5,77,52
1148,1072,274,135.7,145.5,0,0,0,-1,83,5,72,49
393,1028,1061,57.3,59.6,0,0,0,-1,76,3,78,55
1327,139,66,123.5,134.5,0,0,0,-1,83,5,74,55
1590,491,353,112.1,120.3,0,0,0,-1,79,5,67,41
1273,203,994,158.4,173.6,0,0,0,-1,102,5,90,76
1680,976,242,111.7,122.3,0,0,0,-1,77,5,64,53
1542,823,724,123.8,134.2,0,0,0,-1,71,5,77,52
1244,123,953,131.7,142.3,0,0,0,-1,80,5,84,53
1476,52,1032,139.5,149.7,0,0,0,-1,77,5,63,51
1595,326,386,142.7,154.1,0,0,0,-1,98,5,80,57
1297,443,695,164.4,179.6,0,0,0,-1,103,5,96,76
1749,990,478,114.1,123.5,0,0,0,-1,81,5,53,47
1727,998,577,147,163,0,0,0,-1,100,5,107,80
1548,159,470,137.8,150.6,0,0,0,-1,69,5,93,64
1170,1035,423,102.1,111.9,0,0,0,-1,81,5,58,49
1198,262,713,198,218,0,0,0,-1,98,5,128,100
1206,644,1062,106.5,112.7,0,0,0,-1,66,5,60,31
1184,949,751,127,139,0,0,0,-1,95,5,73,60
1448,1074,980,136.8,148,0,0,0,-1,86,5,64,56
1252,798,655,98,106,0,0,0,-1,62,5,46,40
1702,769,102,115,123,0,0,0,-1,67,5,55,40
1653,474,552,126.3,136.5,0,0,0,-1,86,5,60,51
1438,102,1011,135.3,145.5,0,0,0,-1,67,5,69,51
391,850,112,56.4,57.6,0,0,0,-1,88,3,66,54
1750,347,508,151.3,164.7,0,0,0,-1,96,5,91,67
1557,1016,909,131.4,143.8,0,0,0,-1,78,5,88,62
1263,1064,440,132.7,143.3,0,0,0,-1,91,5,85,53
1220,676,287,150.5,165.5,0,0,0,-1,92,5,98,75
472,941,649,52.2,53.4,0,0,0,-1,67,3,57,51
1735,858,409,133.3,147.1,0,0,0,-1,76,5,85,69
1418,430,658,152.5,165.5,0,0,0,-1,96,5,81,65
1291,1008,18,109.7,120.3,0,0,0,-1,78,5,62,53
1378,356,467,135.6,147.2,0,0,0,-1,91,5,95,58
437,294,1056,71.2,73.4,0,0,0,-1,89,3,91,69
1668,794,518,129.1,141.7,0,0,0,-1,67,5,85,63
1559,658,168,122.1,131.5,0,0,0,-1,89,5,61,47
365,908,368,52.6,53.4,0,0,0,-1,78,3,55,47
1338,104,898,149.8,163.4,0,0,0,-1,87,5,75,68
1489,426,619,146.2,159.8,0,0,0,-1,101,5,85,68
1253,395,801,151.1,164.9,0,0,0,-1,107,5,89,69
1606,993,768,144.9,160.3,0,0,0,-1,88,5,91,77
1237,578,38,122,136.4,0,0,0,-1,86,5,86,72
1313,24,551,160.5,175.5,0,0,0,-1,82,5,108,75
1408,396,462,148.5,163.5,0,0,0,-1,93,5,96,75
1501,520,731,128.4,142.8,0,0,0,-1,73,5,78,72
1469,154,849,145.6,158.8,0,0,0,-1,93,5,73,66
450,658,168,49.8,51.2,0,0,0,-1,89,3,61,47
395,375,486,68,70,0,0,0,-1,99,3,74,64
1399,954,433,147.6,158.8,0,0,0,-1,96,5,86,56
1644,451,1072,115.1,124.5,0,0,0,-1,81,5,54,47
447,257,646,59.2,62.4,0,0,0,-1,65,3,88,56
494,521,696,51.2,52.4,0,0,0,-1,76,3,62,50
1723,351,23,144.4,157.6,0,0,0,-1,89,5,85,66
1284,190,813,139.5,152.5,0,0,0,-1,69,5,81,65
1328,492,277,127.9,138.1,0,0,0,-1,72,5,82,51
360,972,67,54,56,0,0,0,-1,86,3,70,50
1673,290,722,136,148,0,0,0,-1,82,5,82,60
1234,625,260,117.2,128.8,0,0,0,-1,74,5,65,58
1343,850,112,125.4,136.2,0,0,0,-1,89,5,66,54
1771,125,745,125,137,0,0,0,-1,76,5,83,60
1409,399,573,126.2,139.4,0,0,0,-1,83,5,80,66
1753,521,696,117,127,0,0,0,-1,76,5,62,50
408,512,620,70.3,71.6,0,0,0,-1,82,3,82,69
382,24,804,74.6,76.4,0,0,0,-1,83,3,89,71
443,930,757,65.4,66.1,0,0,0,-1,89,3,71,64
383,999,71,83.2,84.4,0,0,0,-1,99,3,85,79
1383,86,209,145.4,157.8,0,0,0,-1,78,5,102,62
1526,926,337,105,111,0,0,0,-1,66,5,42,30
1585,852,33,130.7,143.3,0,0,0,-1,67,5,74,63
1556,486,1017,145.2,158.8,0,0,0,-1,88,5,84,68
1461,1010,314,147,158.6,0,0,0,-1,79,5,118,58
442,526,369,39.2,40.6,0,0,0,-1,77,3,42,35
394,164,996,43.1,44.2,0,0,0,-1,61,3,53,42
1406,161,758,143.5,156.5,0,0,0,-1,71,5,72,65
1629,211,766,117.7,128.3,0,0,0,-1,72,5,70,53
1346,1068,882,119.5,128.5,0,0,0,-1,68,5,61,45
1183,1048,220,102.4,111.2,0,0,0,-1,63,5,54,44
1664,749,293,102.7,112.9,0,0,0,-1,67,5,67,51
455,186,796,70,72,0,0,0,-1,81,3,88,68
356,726,664,86.2,87.6,0,0,0,-1,83,3,96,82
1539,968,442,113.2,120.4,0,0,0,-1,82,5,52,36
1612,462,597,134.6,148.2,0,0,0,-1,77,5,87,68
1213,137,796,139.5,153.3,0,0,0,-1,72,5,105,69
1221,15,1029,121.5,130.5,0,0,0,-1,81,5,81,45
475,794,518,65.2,67.4,0,0,0,-1,67,3,85,63
1295,307,434,139.8,148.6,0,0,0,-1,84,5,65,44
1382,386,261,155,167,0,0,0,-1,89,5,89,60
481,1041,335,27.2,29.4,0,0,0,-1,71,3,36,25
1302,826,107,138.6,154.2,0,0,0,-1,81,5,84,78
500,1028,630,67.3,69.6,0,0,0,-1,80,3,88,65
438,234,474,61.8,63.4,0,0,0,-1,79,3,73,57
1640,688,526,123.1,132.5,0,0,0,-1,79,5,62,47
1667,471,318,126.5,137.5,0,0,0,-1,67,5,66,55
1712,1019,909,133.7,146.3,0,0,0,-1,89,5,77,63
1367,678,862,150.8,163.2,0,0,0,-1,82,5,95,62
1264,454,427,103.5,108.5,0,0,0,-1,70,5,41,25
1319,668,262,158,174,0,0,0,-1,101,5,102,80
1290,233,852,149.1,163.7,0,0,0,-1,79,5,98,73
1311,841,428,137.7,146.3,0,0,0,-1,87,5,56,43
486,253,599,66.6,68.2,0,0,0,-1,64,3,81,65
1546,311,421,142.2,152.6,0,0,0,-1,87,5,85,52
1370,771,310,165.8,179.4,0,0,0,-1,82,5,91,68
1433,753,32,111.8,122.6,0,0,0,-1,69,5,74,54
1663,332,878,123.1,132.5,0,0,0,-1,83,5,62,47
460,601,133,65.6,67.2,0,0,0,-1,68,3,80,64
1729,849,254,148.5,161.5,0,0,0,-1,87,5,90,65
1671,278,340,144.3,157.7,0,0,0,-1,91,5,84,67
1372,383,799,142,156,0,0,0,-1,106,5,79,70
1235,915,443,123.7,133.5,0,0,0,-1,91,5,60,49
372,1064,440,56.2,59.4,0,0,0,-1,92,3,85,53
1600,728,71,143.2,158.4,0,0,0,-1,90,5,90,76
464,876,322,54.7,56.1,0,0,0,-1,82,3,61,54
1740,299,673,140.1,151.5,0,0,0,-1,74,5,66,57
1492,623,450,126,138,0,0,0,-1,75,5,72,60
1584,296,814,120.4,131.2,0,0,0,-1,83,5,61,54
1308,631,638,141,155,0,0,0,-1,92,5,78,70
1759,281,902,150.6,163,0,0,0,-1,86,5,70,62
1342,902,271,133.7,146.3,0,0,0,-1,83,5,77,63
1714,21,653,148.5,159.5,0,0,0,-1,105,5,77,55
1349,800,290,155.9,173.3,0,0,0,-1,102,5,95,87
414,200,989,121.9,124.8,0,0,0,-1,124,3,148,119
1179,173,722,133.5,144.5,0,0,0,-1,90,5,84,55
1334,990,889,145.1,158.9,0,0,0,-1,113,5,83,69
1303,253,972,151.7,164.3,0,0,0,-1,71,5,95,63
9,333,416,58.1,59.2,0,0,0,-1,71,3,68,57
1194,201,801,129.2,140.8,0,0,0,-1,85,5,77,58
476,574,896,70.2,71.4,0,0,0,-1,93,3,75,69
1690,375,722,160.4,174.8,0,0,0,-1,115,5,110,72
1744,612,123,149.7,161.1,0,0,0,-1,71,5,87,57
1188,735,299,137.9,147.7,0,0,0,-1,72,5,84,49
413,876,546,75.9,76.8,0,0,0,-1,101,3,84,75
1411,548,100,122.2,135.4,0,0,0,-1,77,5,76,66
1356,319,498,152.5,165.5,0,0,0,-1,81,5,94,65
1358,726,269,131.7,144.3,0,0,0,-1,68,5,75,63
1317,611,954,123.4,134.2,0,0,0,-1,78,5,64,54
1609,939,750,161.6,179.2,0,0,0,-1,95,5,100,88
1437,744,918,162.7,180.9,0,0,0,-1,113,5,99,91
1692,603,898,131.4,144.6,0,0,0,-1,90,5,72,66
1773,564,120,125.9,138.1,0,0,0,-1,87,5,71,61
1567,617,498,138,150,0,0,0,-1,78,5,84,60
1457,717,759,142.4,154,0,0,0,-1,97,5,67,58
363,119,355,52.1,55.2,0,0,0,-1,90,3,80,49
1515,971,352,124.6,132.2,0,0,0,-1,79,5,60,38
1320,387,286,152.8,167.2,0,0,0,-1,94,5,88,72
1177,445,120,149.7,161.5,0,0,0,-1,109,5,73,59
1732,866,0,101.5,108.9,0,0,0,-1,63,5,46,37
1528,611,75,110.6,121.4,0,0,0,-1,75,5,62,54
369,693,503,52.1,53.4,0,0,0,-1,82,3,56,43
1269,276,915,123,131,0,0,0,-1,73,5,47,40
1733,180,698,194.9,211.1,0,0,0,-1,107,5,122,81
376,190,813,68.2,69.8,0,0,0,-1,70,3,81,65
1353,525,262,170.2,185.8,0,0,0,-1,112,5,100,78
653,580,66,125.5,140.9,0,0,0,-1,97,5,87,77
1348,164,996,116,124.4,0,0,0,-1,62,5,53,42
1216,1057,126,132,145.2,0,0,0,-1,79,5,99,66
1415,362,314,167.1,181.7,0,0,0,-1,89,5,116,73
1435,276,615,142.7,154.5,0,0,0,-1,81,5,66,59
1223,74,972,143.8,156.2,0,0,0,-1,87,5,88,62
1613,1015,559,129.4,140.6,0,0,0,-1,83,5,79,56
1563,804,292,131.3,141.9,0,0,0,-1,69,5,73,53
1205,728,267,138.1,152.7,0,0,0,-1,79,5,87,73
1414,200,989,207.5,231.3,0,0,0,-1,125,5,148,119
1570,148,627,158.4,173.6,0,0,0,-1,76,5,90,76
1385,192,390,140,152,0,0,0,-1,98,5,86,60
1623,645,781,121.2,132.8,0,0,0,-1,66,5,69,58
1340,856,22,111,119,0,0,0,-1,85,5,51,40
468,850,184,50.4,51.6,0,0,0,-1,74,3,60,48
444,637,94,50.6,53,0,0,0,-1,86,3,57,49
1670,362,754,156.5,169.5,0,0,0,-1,93,5,85,65
1767,109,919,140.4,152,0,0,0,-1,88,5,65,58
422,233,565,72.1,73.8,0,0,0,-1,82,3,84,67
375,1034,766,76.2,77.4,0,0,0,-1,79,3,87,75
1755,476,606,132.9,146.3,0,0,0,-1,82,5,86,67
1171,937,1018,114.8,127.6,0,0,0,-1,78,5,70,64
465,105,512,47.6,49.2,0,0,0,-1,64,3,62,46
1185,881,426,109.8,120.2,0,0,0,-1,88,5,63,52
1224,64,1029,133.9,144.1,0,0,0,-1,94,5,88,51
1622,526,232,129.1,139.3,0,0,0,-1,74,5,73,51
1713,976,883,133,145,0,0,0,-1,76,5,79,60
1581,1064,829,135.7,145.5,0,0,0,-1,73,5,72,49
1268,491,474,132.4,140.8,0,0,0,-1,79,5,61,42
1509,234,474,147.1,158.5,0,0,0,-1,81,5,73,57
1152,640,692,150,162,0,0,0,-1,112,5,84,60
1596,380,795,145.2,160.4,0,0,0,-1,94,5,92,76
499,588,475,49.4,50.5,0,0,0,-1,82,3,56,45
1706,1053,441,139.3,152.7,0,0,0,-1,107,5,79,67
1196,262,656,166.1,180.3,0,0,0,-1,93,5,88,71
401,249,555,84.5,87.5,0,0,0,-1,108,3,98,83
480,976,242,54.1,55.2,0,0,0,-1,78,3,64,53
1743,979,376,144.1,157.9,0,0,0,-1,111,5,82,69
1289,290,371,142.2,152.6,0,0,0,-1,94,5,85,52
1694,374,642,160.9,173.5,0,0,0,-1,98,5,79,63
1532,930,757,141.4,154.2,0,0,0,-1,91,5,71,64
1231,488,113,126.8,134.4,0,0,0,-1,81,5,47,38
1654,281,935,163.3,177.9,0,0,0,-1,91,5,83,73
392,739,870,48.6,50.2,0,0,0,-1,77,3,63,47
407,227,397,55.3,57.6,0,0,0,-1,108,3,76,53
477,788,387,59,61,0,0,0,-1,96,3,75,55
1774,177,992,142,152,0,0,0,-1,73,5,97,50
366,198,812,46.4,48.8,0,0,0,-1,73,3,68,44
1425,382,493,130.1,139.9,0,0,0,-1,97,5,86,49
1277,728,89,154.6,169.4,0,0,0,-1,92,5,94,74
1337,332,745,130.8,142.4,0,0,0,-1,73,5,67,58
1656,752,744,146.3,162.1,0,0,0,-1,94,5,91,79
1721,499,83,106.3,114.9,0,0,0,-1,66,5,59,43
1646,134,1067,163.5,178.5,0,0,0,-1,82,5,126,75
1705,852,92,142.5,157.5,0,0,0,-1,74,5,90,75
1366,431,521,149.9,164.1,0,0,0,-1,86,5,86,71
1763,1022,102,128.2,139.8,0,0,0,-1,75,5,76,58
1299,24,804,152.9,167.1,0,0,0,-1,85,5,89,71
1485,866,751,131,145,0,0,0,-1,84,5,82,70
1282,1005,937,125.3,135.5,0,0,0,-1,88,5,65,51
1258,571,13,135.8,148.6,0,0,0,-1,70,5,91,64
3,262,336,71.2,73.8,0,0,0,-1,91,3,92,66
389,856,22,44.4,45.5,0,0,0,-1,86,3,51,40
1615,849,328,159.5,174.5,0,0,0,-1,98,5,92,75
1527,948,713,136.6,149.4,0,0,0,-1,74,5,79,64
1699,25,530,146.1,159.9,0,0,0,-1,76,5,84,69
1566,943,780,129.8,138.6,0,0,0,-1,84,5,55,44
1274,413,217,170.7,184.1,0,0,0,-1,86,5,97,67
1573,239,389,123.1,132.9,0,0,0,-1,86,5,79,49
1330,458,156,136.2,144.6,0,0,0,-1,66,5,90,42
1684,230,4,113.3,119.1,0,0,0,-1,70,5,35,29
1316,79,989,140,152,0,0,0,-1,85,5,86,60
1389,884,462,118.2,129.8,0,0,0,-1,71,5,66,58
1222,636,999,160.1,176.7,0,0,0,-1,117,5,102,83
1586,186,796,149.2,162.8,0,0,0,-1,83,5,88,68
1775,588,475,132.5,141.5,0,0,0,-1,82,5,56,45
1355,138,954,138,148.4,0,0,0,-1,78,5,60,52
1638,160,817,154.5,169.5,0,0,0,-1,90,5,102,75
367,915,443,52.3,53.4,0,0,0,-1,93,3,60,49
1536,161,475,158.2,169.4,0,0,0,-1,87,5,63,56
1582,687,1000,128.8,141.6,0,0,0,-1,85,5,84,64
1449,1051,613,150.6,159,0,0,0,-1,88,5,54,42
1163,49,813,149.3,165.1,0,0,0,-1,88,5,94,79
1682,1048,54,124,136,0,0,0,-1,80,5,70,60
1500,499,1008,130.5,141.5,0,0,0,-1,80,5,81,55
1321,196,402,157.2,171.6,0,0,0,-1,80,5,78,72
1354,192,558,143.3,157.1,0,0,0,-1,82,5,95,69
1192,1055,844,145.2,160.4,0,0,0,-1,88,5,92,76
1483,536,812,132.4,143.2,0,0,0,-1,79,5,73,54
1315,432,3,173.5,184.5,0,0,0,-1,121,5,69,55
1364,379,117,167.3,181.9,0,0,0,-1,113,5,87,73
1203,756,105,137.1,149.3,0,0,0,-1,80,5,70,61
1636,850,184,112.8,122.4,0,0,0,-1,75,5,60,48
1394,94,444,171.8,181,0,0,0,-1,103,5,66,46
1421,884,108,144,160,0,0,0,-1,82,5,88,80
463,849,328,78.4,80.1,0,0,0,-1,99,3,92,75
469,216,981,74.4,75.1,0,0,0,-1,98,3,96,73
1523,683,442,137.8,149.4,0,0,0,-1,100,5,74,58
1376,684,453,132.4,143.2,0,0,0,-1,73,5,73,54
1369,928,914,118.3,129.7,0,0,0,-1,86,5,67,57
1688,82,640,147.2,160.8,0,0,0,-1,85,5,86,68
1588,554,258,137.2,150.8,0,0,0,-1,84,5,75,68
1697,696,387,144.4,156,0,0,0,-1,104,5,69,58
1400,991,727,159.5,174.5,0,0,0,-1,97,5,107,75
1512,210,384,151.3,161.9,0,0,0,-1,97,5,84,53
1195,858,320,124.8,134.4,0,0,0,-1,74,5,72,48
362,262,713,102.8,105.6,0,0,0,-1,100,3,128,100
1760,57,662,164.3,179.7,0,0,0,-1,99,5,95,77
427,991,807,70.5,73.8,0,0,0,-1,81,3,76,65
1375,139,608,141.8,154.6,0,0,0,-1,72,5,97,64
1569,810,306,137.6,148,0,0,0,-1,88,5,70,52
1345,739,870,114.7,124.1,0,0,0,-1,78,5,63,47
462,1015,559,58.3,60.6,0,0,0,-1,84,3,79,56
354,682,1065,58.2,59.6,0,0,0,-1,86,3,68,54
381,672,297,48.4,49.8,0,0,0,-1,84,3,54,40
1352,655,974,142.3,154.9,0,0,0,-1,69,5,73,63
478,928,1030,69.2,70.4,0,0,0,-1,77,3,80,68
1537,618,192,138.2,151.4,0,0,0,-1,84,5,92,66
1318,690,543,152.7,167.3,0,0,0,-1,95,5,87,73
1325,129,416,123,133,0,0,0,-1,77,5,58,50
488,946,222,54.5,56,0,0,0,-1,67,3,68,53
409,94,444,48,50,0,0,0,-1,103,3,66,46
1359,735,1,114.5,121.5,0,0,0,-1,64,5,55,35
1360,524,829,156.6,171.4,0,0,0,-1,102,5,90,74
1451,616,279,146.6,161.4,0,0,0,-1,88,5,80,74
459,791,129,61.8,62.6,0,0,0,-1,80,3,69,61
398,735,1,39,41,0,0,0,-1,64,3,55,35
1260,815,251,119.8,129,0,0,0,-1,79,5,60,46
492,979,376,74.2,75.5,0,0,0,-1,113,3,82,69
1164,624,134,139.5,153.7,0,0,0,-1,78,5,104,71
1631,785,472,146,156.8,0,0,0,-1,83,5,65,54
359,735,299,52.5,56,0,0,0,-1,74,3,84,49
1362,707,181,139.4,153.8,0,0,0,-1,80,5,89,72
1658,402,449,124.6,135.8,0,0,0,-1,80,5,63,56
1619,928,340,105.9,116.1,0,0,0,-1,73,5,60,51
1161,333,416,130.7,142.1,0,0,0,-1,75,5,68,57
1703,150,562,166.5,183.5,0,0,0,-1,93,5,107,85
406,884,462,58.8,59.6,0,0,0,-1,72,3,66,58
1672,574,896,137.1,150.9,0,0,0,-1,95,5,75,69
1529,526,369,101.5,108.5,0,0,0,-1,82,5,42,35
1726,1015,355,127.5,135.3,0,0,0,-1,81,5,69,39
1265,637,183,129.9,140.5,0,0,0,-1,100,5,61,53
1716,79,726,137.9,147.7,0,0,0,-1,69,5,84,49
1392,443,181,187.3,207.1,0,0,0,-1,107,5,118,99
1186,155,593,154,165.6,0,0,0,-1,79,5,67,58
1301,504,544,141,151.4,0,0,0,-1,94,5,63,52
1488,214,754,143.5,154.1,0,0,0,-1,86,5,64,53
1605,806,724,141.1,153.7,0,0,0,-1,82,5,97,63
461,462,597,69.9,71.8,0,0,0,-1,80,3,87,68
1746,1048,215,127.3,141.1,0,0,0,-1,85,5,79,69
1344,885,694,136.2,148.6,0,0,0,-1,86,5,68,62
1390,39,852,154.5,169.5,0,0,0,-1,90,5,87,75
1518,605,126,132.3,143.7,0,0,0,-1,81,5,81,57
1420,763,243,151.5,166.5,0,0,0,-1,83,5,99,75
1401,609,754,154.2,167,0,0,0,-1,93,5,71,64
1738,280,662,159.3,175.1,0,0,0,-1,89,5,104,79
490,532,181,74.2,77.2,0,0,0,-1,77,3,79,73
1628,239,960,135,147,0,0,0,-1,85,5,93,60
1696,706,609,134.5,147.5,0,0,0,-1,84,5,76,65
397,726,269,71.4,72.6,0,0,0,-1,71,3,75,63
1621,999,604,169.5,188.5,0,0,0,-1,111,5,103,95
1181,795,25,118.7,128.5,0,0,0,-1,73,5,55,49
378,290,371,58.6,61.9,0,0,0,-1,96,3,85,52
1162,1027,301,135,145,0,0,0,-1,84,5,80,50
440,826,963,79.3,80.4,0,0,0,-1,82,3,87,76
1202,154,1056,149.9,164.1,0,0,0,-1,91,5,86,71
1725,946,222,115.7,126.3,0,0,0,-1,68,5,68,53
1160,682,1065,138.2,149,0,0,0,-1,87,5,68,54
1701,879,320,142.6,156.2,0,0,0,-1,90,5,95,68
1502,316,369,151.1,161.3,0,0,0,-1,99,5,95,51
1752,124,586,146.6,159.4,0,0,0,-1,77,5,89,64
1624,280,919,148.5,163.5,0,0,0,-1,91,5,96,75
1300,756,217,161.1,174.9,0,0,0,-1,95,5,99,69
1379,533,947,125.5,136.5,0,0,0,-1,84,5,65,55
1651,125,743,131.2,142.8,0,0,0,-1,82,5,79,58
429,262,777,109.5,112,0,0,0,-1,112,3,132,107
489,1015,355,42,48,0,0,0,-1,83,3,69,39
1543,303,632,162,178,0,0,0,-1,99,5,106,80
1412,876,546,151.5,166.5,0,0,0,-1,104,5,84,75
1747,578,481,118.8,129.2,0,0,0,-1,77,5,72,52
1310,727,304,137.4,150.6,0,0,0,-1,84,5,78,66
487,976,883,61.9,63.8,0,0,0,-1,78,3,79,60
1471,827,512,148.1,161.9,0,0,0,-1,79,5,86,69
386,990,889,70.4,71.8,0,0,0,-1,117,3,83,69
1215,630,560,151.8,166.2,0,0,0,-1,93,5,87,72
1149,262,336,164.6,177.8,0,0,0,-1,96,5,92,66
1444,997,494,147.3,159.9,0,0,0,-1,100,5,78,63
497,109,919,60.1,61.5,0,0,0,-1,92,3,65,58
1499,806,733,136.2,149.4,0,0,0,-1,87,5,90,66
1280,921,755,153.9,168.1,0,0,0,-1,79,5,90,71
396,525,262,80.2,82.4,0,0,0,-1,115,3,100,78
1639,216,981,160.3,174.9,0,0,0,-1,100,5,96,73
1167,762,182,141.2,156.4,0,0,0,-1,100,5,88,76
379,233,852,75.5,78,0,0,0,-1,82,3,98,73
483,706,609,71.6,73.8,0,0,0,-1,85,3,76,65
418,893,431,92.3,93.4,0,0,0,-1,112,3,100,89
451,943,780,45.1,46.2,0,0,0,-1,87,3,55,44
371,815,251,48.8,54.4,0,0,0,-1,81,3,60,46
1466,152,799,151.9,164.5,0,0,0,-1,94,5,70,63
385,471,682,57.3,58.6,0,0,0,-1,86,3,69,56
431,154,849,68.1,69.5,0,0,0,-1,99,3,73,66
1393,512,620,144.1,157.9,0,0,0,-1,87,5,82,69
1734,143,630,169.6,185.2,0,0,0,-1,83,5,115,78
1150,467,1044,149.3,160.7,0,0,0,-1,83,5,98,57
1201,981,630,163,179,0,0,0,-1,93,5,107,80
399,707,181,73.7,75.4,0,0,0,-1,83,3,89,72
423,1051,613,44.4,46.8,0,0,0,-1,92,3,54,42
1972,686,704,123.5,130.1,0,0,0,-1,72,5,41,33
2084,387,449,150.5,161.1,0,0,0,-1,101,5,71,53
1521,826,963,140.2,155.4,0,0,0,-1,83,5,87,76
1363,998,1064,163.1,179.7,0,0,0,-1,101,5,105,83
400,678,862,65.3,71.9,0,0,0,-1,86,3,95,62
1292,580,66,140.9,156.3,0,0,0,-1,102,5,87,77
435,623,450,63.6,64.8,0,0,0,-1,81,3,72,60
2219,801,899,153.9,162.5,0,0,0,-1,90,5,55,43
1445,148,743,143.7,155.5,0,0,0,-1,74,5,67,59
1678,928,1030,127.6,141.2,0,0,0,-1,80,5,80,68
1218,535,285,141.8,154.6,0,0,0,-1,78,5,97,64
485,1053,441,70.6,71.8,0,0,0,-1,112,3,79,67
433,992,361,49.8,53.6,0,0,0,-1,92,3,84,46
432,827,512,70.7,72.4,0,0,0,-1,82,3,86,69
420,963,158,66.2,69.4,0,0,0,-1,70,3,95,63
416,884,108,80.8,81.6,0,0,0,-1,86,3,88,80
1429,313,938,143.5,156.5,0,0,0,-1,81,5,98,65
495,476,606,68.9,70.8,0,0,0,-1,87,3,86,67
2145,941,649,123.3,133.5,0,0,0,-1,73,5,57,51
412,515,142,63.3,65.6,0,0,0,-1,78,3,84,61
2096,209,211,155,165.4,0,0,0,-1,81,5,77,52
2067,181,292,160.2,169,0,0,0,-1,87,5,59,44
1843,963,680,133,139.8,0,0,0,-1,78,5,48,34
430,152,799,65.1,66.5,0,0,0,-1,96,3,70,63
1936,807,688,136.7,144.5,0,0,0,-1,84,5,47,39
1800,344,201,163.5,174.5,0,0,0,-1,81,5,92,55
357,795,25,49.6,50.2,0,0,0,-1,77,3,55,49
1731,532,181,144.7,159.3,0,0,0,-1,81,5,79,73
426,150,613,82.1,83.5,0,0,0,-1,112,3,87,80
2181,160,1063,143.6,154,0,0,0,-1,75,5,76,52
1820,694,1024,154.6,162.2,0,0,0,-1,84,5,52,38
441,926,337,34.8,36,0,0,0,-1,77,3,42,30
1676,1006,717,173.5,190.5,0,0,0,-1,108,5,114,85
2215,786,1064,147.8,155,0,0,0,-1,80,5,65,36
1894,789,753,128.8,137.2,0,0,0,-1,82,5,49,42
1787,736,591,142,149.2,0,0,0,-1,92,5,52,36
1849,525,955,124.4,130.8,0,0,0,-1,89,5,38,32
421,744,918,93.4,94.2,0,0,0,-1,118,3,99,91
2073,212,988,138.5,147.5,0,0,0,-1,76,5,53,45
1863,1019,812,148.9,155.5,0,0,0,-1,91,5,73,33
1865,276,915,139,147,0,0,0,-1,80,5,47,40
1974,430,658,165.5,178.5,0,0,0,-1,104,5,81,65
2064,727,766,145.5,156.5,0,0,0,-1,98,5,63,55
474,471,318,58.3,59.4,0,0,0,-1,74,3,66,55
1243,548,669,138.4,150.8,0,0,0,-1,86,5,95,62
1641,279,916,177.1,194.9,0,0,0,-1,113,5,97,89
2207,245,299,165.9,174.5,0,0,0,-1,88,5,67,43
1180,726,664,169.8,186.2,0,0,0,-1,91,5,96,82
1494,409,874,156.8,171.6,0,0,0,-1,93,5,105,74
2144,12,709,133.4,139.8,0,0,0,-1,80,5,47,32
358,949,751,65.2,66.5,0,0,0,-1,104,3,73,60
1946,8,564,143.3,151.9,0,0,0,-1,84,5,53,43
1823,841,592,151.5,159.3,0,0,0,-1,83,5,54,39
1864,491,474,149.2,157.6,0,0,0,-1,89,5,61,42
1852,506,993,142.9,150.3,0,0,0,-1,85,5,43,37
1821,97,394,153.5,162.5,0,0,0,-1,93,5,68,45
2061,127,649,132,140,0,0,0,-1,66,5,48,40
1983,131,177,157.9,167.7,0,0,0,-1,82,5,55,49
1957,889,841,153.4,162.2,0,0,0,-1,110,5,64,44
1464,262,777,206.9,228.3,0,0,0,-1,116,5,132,107
2006,346,585,164.8,175.6,0,0,0,-1,99,5,73,54
1819,644,1062,137.5,143.7,0,0,0,-1,79,5,60,31
1910,335,211,154.3,163.7,0,0,0,-1,92,5,65,47
2018,43,257,157.8,167.4,0,0,0,-1,85,5,57,48
2032,234,474,169.9,181.3,0,0,0,-1,90,5,73,57
1981,888,761,134.8,143.2,0,0,0,-1,79,5,55,42
1973,352,243,178.5,191.5,0,0,0,-1,101,5,81,65
2097,365,488,161.7,171.1,0,0,0,-1,95,5,63,47
1841,371,512,180.4,194,0,0,0,-1,108,5,92,68
2024,71,333,155.8,165.4,0,0,0,-1,83,5,55,48
1848,238,209,174.1,188.3,0,0,0,-1,92,5,96,71
2007,978,871,149.5,158.5,0,0,0,-1,83,5,55,45
1911,152,510,142.3,150.5,0,0,0,-1,79,5,48,41
1871,728,89,169.4,184.2,0,0,0,-1,98,5,94,74
2099,732,650,157,167,0,0,0,-1,100,5,62,50
2069,362,152,166.5,178.7,0,0,0,-1,94,5,75,61
2055,585,528,144.7,153.3,0,0,0,-1,79,5,63,43
2037,436,79,181.4,193.8,0,0,0,-1,101,5,76,62
2194,649,570,136,142.8,0,0,0,-1,84,5,51,34
2158,368,275,168.5,180.7,0,0,0,-1,98,5,77,61
2140,75,531,165.4,179,0,0,0,-1,92,5,77,68
454,852,33,65.2,66.3,0,0,0,-1,76,3,74,63
2053,619,966,166.4,176,0,0,0,-1,111,5,56,48
2093,277,941,155,169,0,0,0,-1,76,5,106,70
1883,460,564,145.7,154.3,0,0,0,-1,87,5,51,43
473,332,878,48.5,50,0,0,0,-1,90,3,62,47
1937,733,1013,154.7,164.9,0,0,0,-1,83,5,68,51
1874,210,1055,167,179,0,0,0,-1,96,5,77,60
2191,324,890,157.8,168.6,0,0,0,-1,97,5,66,54
2134,111,347,152.9,160.3,0,0,0,-1,101,5,53,37
2211,348,514,155.9,164.5,0,0,0,-1,101,5,57,43
2089,296,814,142,152.8,0,0,0,-1,92,5,61,54
2136,162,526,154.7,166.5,0,0,0,-1,88,5,78,59
1875,350,13,177,188.2,0,0,0,-1,93,5,93,56
2058,637,94,150.1,159.9,0,0,0,-1,93,5,57,49
2182,79,726,147.7,157.5,0,0,0,-1,75,5,84,49
2146,24,219,176,185.2,0,0,0,-1,99,5,61,46
2025,294,1056,166.9,180.7,0,0,0,-1,100,5,91,69
2129,688,526,141.9,151.3,0,0,0,-1,87,5,62,47
2172,25,530,159.9,173.7,0,0,0,-1,84,5,84,69
1986,102,1011,155.7,165.9,0,0,0,-1,76,5,69,51
1784,437,561,137.9,149.7,0,0,0,-1,94,5,73,59
1940,21,637,175.9,189.7,0,0,0,-1,103,5,100,69
2010,827,512,161.9,175.7,0,0,0,-1,84,5,86,69
2114,105,512,149.4,158.6,0,0,0,-1,71,5,62,46
387,332,745,58.9,59.8,0,0,0,-1,80,3,67,58
2110,376,73,181.4,198.6,0,0,0,-1,115,5,104,86
1961,10,985,129.1,135.7,0,0,0,-1,72,5,40,33
2165,68,75,170.5,179.1,0,0,0,-1,100,5,63,43
1944,1072,274,155.3,165.1,0,0,0,-1,93,5,72,49
1901,5,735,146.5,155.5,0,0,0,-1,99,5,52,45
1938,139,608,154.6,167.4,0,0,0,-1,79,5,97,64
1809,655,676,166,174.4,0,0,0,-1,112,5,61,42
1950,884,462,129.8,141.4,0,0,0,-1,77,5,66,58
452,148,627,77.4,78.8,0,0,0,-1,84,3,90,76
2005,895,941,162,173.2,0,0,0,-1,86,5,78,56
1924,192,558,157.1,170.9,0,0,0,-1,89,5,95,69
2120,63,142,159.5,167.3,0,0,0,-1,91,5,62,39
1872,921,755,168.1,182.3,0,0,0,-1,83,5,90,71
2164,42,363,170.6,182.2,0,0,0,-1,103,5,72,58
2036,219,908,150.3,159.7,0,0,0,-1,86,5,61,47
2014,364,442,137.2,145.6,0,0,0,-1,85,5,49,42
2202,124,586,159.4,172.2,0,0,0,-1,82,5,89,64
1799,192,515,147.5,156.5,0,0,0,-1,91,5,62,45
1898,387,286,167.2,181.6,0,0,0,-1,107,5,88,72
2220,125,745,149,161,0,0,0,-1,85,5,83,60
2047,948,713,149.4,162.2,0,0,0,-1,81,5,79,64
2017,536,812,154,164.8,0,0,0,-1,85,5,73,54
1893,313,85,146,156.4,0,0,0,-1,87,5,68,52
2125,176,365,151,161,0,0,0,-1,108,5,66,50
1920,164,996,141.2,149.6,0,0,0,-1,73,5,53,42
2071,417,284,166.5,178.7,0,0,0,-1,106,5,75,61
2206,6,750,158.2,171,0,0,0,-1,88,5,75,64
1824,236,410,150.1,161.5,0,0,0,-1,87,5,76,57
1968,585,280,152.4,160.8,0,0,0,-1,74,5,81,42
2009,659,1062,159.9,171.3,0,0,0,-1,104,5,63,57
1818,119,355,173.1,182.9,0,0,0,-1,105,5,80,49
1816,154,1056,164.1,178.3,0,0,0,-1,97,5,86,71
1860,1064,440,153.9,164.5,0,0,0,-1,101,5,85,53
419,276,615,61.1,62.5,0,0,0,-1,90,3,66,59
1979,382,493,149.7,159.5,0,0,0,-1,106,5,86,49
1829,603,478,138.3,148.1,0,0,0,-1,87,5,55,49
1966,396,462,178.5,193.5,0,0,0,-1,104,5,96,75
2076,943,780,156.2,165,0,0,0,-1,92,5,55,44
1952,227,397,166.1,176.7,0,0,0,-1,121,5,76,53
1933,1018,349,163.6,171.2,0,0,0,-1,104,5,61,38
2185,755,453,138.5,148.7,0,0,0,-1,79,5,62,51
2149,332,878,151.3,160.7,0,0,0,-1,91,5,62,47
2082,239,389,142.7,152.5,0,0,0,-1,96,5,79,49
1995,191,470,151.6,161.2,0,0,0,-1,83,5,70,48
1939,684,453,154,164.8,0,0,0,-1,79,5,73,54
1827,1040,122,150.5,161.5,0,0,0,-1,73,5,90,55
2217,397,706,174.6,189.4,0,0,0,-1,114,5,108,74
1834,198,812,160.4,169.2,0,0,0,-1,80,5,68,44
1919,1028,1061,149.5,160.5,0,0,0,-1,85,5,78,55
1814,728,1022,174.2,191.4,0,0,0,-1,108,5,114,86
2201,347,508,178.1,191.5,0,0,0,-1,106,5,91,67
2131,283,912,150.7,162.5,0,0,0,-1,83,5,74,59
1896,690,543,167.3,181.9,0,0,0,-1,101,5,87,73
2138,701,366,140,148,0,0,0,-1,99,5,56,40
1955,534,12,118.7,126.9,0,0,0,-1,73,5,49,41
2196,72,462,136.5,143.9,0,0,0,-1,82,5,44,37
2143,888,89,142,149.6,0,0,0,-1,83,5,53,38
2132,343,228,169,181.4,0,0,0,-1,113,5,76,62
1877,233,852,163.7,178.3,0,0,0,-1,88,5,98,73
2175,932,717,154.3,162.1,0,0,0,-1,113,5,49,39
1842,578,38,136.4,150.8,0,0,0,-1,95,5,86,72
2101,170,423,160.8,170.4,0,0,0,-1,111,5,60,48
1964,161,758,156.5,169.5,0,0,0,-1,82,5,72,65
1975,547,930,168,176.4,0,0,0,-1,96,5,63,42
1785,16,1020,129.1,135.7,0,0,0,-1,80,5,40,33
1839,965,730,190,203.2,0,0,0,-1,118,5,91,66
2085,177,910,166.4,176.8,0,0,0,-1,85,5,78,52
2174,769,102,147,155,0,0,0,-1,80,5,55,40
2107,507,727,162.5,173.5,0,0,0,-1,105,5,80,55
2193,866,0,131.1,138.5,0,0,0,-1,76,5,46,37
1856,206,313,177.4,185.8,0,0,0,-1,116,5,64,42
2137,365,592,163.8,174.6,0,0,0,-1,92,5,72,54
1891,825,481,152.9,161.5,0,0,0,-1,95,5,54,43
457,326,386,59.3,61.6,0,0,0,-1,116,3,80,57
2115,928,340,126.3,136.5,0,0,0,-1,80,5,60,51
2113,164,752,147,157.8,0,0,0,-1,78,5,66,54
1845,693,503,146.3,154.9,0,0,0,-1,91,5,56,43
1804,342,406,151.2,163.6,0,0,0,-1,88,5,83,62
1905,492,277,148.3,158.5,0,0,0,-1,80,5,82,51
2204,962,935,164.5,173.5,0,0,0,-1,103,5,52,45
2190,849,254,174.5,187.5,0,0,0,-1,96,5,90,65
2098,326,386,176.9,188.3,0,0,0,-1,116,5,80,57
2080,148,627,173.6,188.8,0,0,0,-1,85,5,90,76
1948,636,434,139.4,148.6,0,0,0,-1,95,5,52,46
2094,250,742,171.8,188.6,0,0,0,-1,99,5,113,84
1866,397,1051,187,199.8,0,0,0,-1,111,5,91,64
1851,110,372,195.8,208.2,0,0,0,-1,131,5,78,62
1857,571,13,161.4,174.2,0,0,0,-1,79,5,91,64
2023,331,633,153.5,162.5,0,0,0,-1,86,5,59,45
2188,24,83,180.2,191.8,0,0,0,-1,96,5,70,58
1977,884,108,160,176,0,0,0,-1,89,5,88,80
1918,1068,882,155.5,164.5,0,0,0,-1,85,5,61,45
2095,256,399,157,167.8,0,0,0,-1,97,5,76,54
2122,239,960,147,159,0,0,0,-1,92,5,93,60
1900,58,412,170.4,184,0,0,0,-1,95,5,82,68
2152,471,318,148.5,159.5,0,0,0,-1,77,5,66,55
2001,717,759,177.2,188.8,0,0,0,-1,114,5,67,58
1941,356,467,158.8,170.4,0,0,0,-1,103,5,95,58
2051,368,45,161.5,173.3,0,0,0,-1,109,5,73,59
2112,876,322,152.8,163.6,0,0,0,-1,90,5,61,54
2104,221,1010,151.2,162.8,0,0,0,-1,80,5,100,58
1815,557,984,172,180,0,0,0,-1,103,5,64,40
1906,413,289,180.9,195.5,0,0,0,-1,86,5,86,73
2168,678,643,152.1,158.7,0,0,0,-1,85,5,63,33
2208,135,832,172.2,187.8,0,0,0,-1,97,5,102,78
1794,840,688,144.6,157.8,0,0,0,-1,88,5,72,66
1999,991,807,160.5,173.5,0,0,0,-1,88,5,76,65
364,676,287,77.3,79.6,0,0,0,-1,101,3,98,75
1899,196,402,171.6,186,0,0,0,-1,87,5,78,72
2106,601,133,150.4,163.2,0,0,0,-1,78,5,80,64
2043,355,457,140.9,150.3,0,0,0,-1,84,5,61,47
2077,617,498,162,174,0,0,0,-1,87,5,84,60
1791,49,813,165.1,180.9,0,0,0,-1,96,5,94,79
2210,425,304,170.6,182.2,0,0,0,-1,104,5,72,58
2015,641,1047,154.5,162.7,0,0,0,-1,103,5,58,41
2127,646,1029,145.1,151.7,0,0,0,-1,97,5,56,33
2198,736,1032,154.5,162.3,0,0,0,-1,85,5,57,39
2142,281,935,177.9,192.5,0,0,0,-1,98,5,83,73
2016,1025,615,149.6,157.2,0,0,0,-1,84,5,47,38
1808,878,372,151.5,162.1,0,0,0,-1,102,5,72,53
1758,135,832,172.2,187.8,0,0,0,-1,97,5,102,78
1795,91,380,174.4,182.8,0,0,0,-1,116,5,61,42
1798,337,175,178.5,191.5,0,0,0,-1,86,5,81,65
1915,266,419,178,190,0,0,0,-1,132,5,76,60
2147,27,633,156.6,165.8,0,0,0,-1,79,5,60,46
2222,177,992,162,172,0,0,0,-1,82,5,97,50
1855,393,274,175,187,0,0,0,-1,103,5,97,60
1831,15,1029,139.5,148.5,0,0,0,-1,90,5,81,45
1914,856,22,135,143,0,0,0,-1,94,5,51,40
2123,211,766,138.9,149.5,0,0,0,-1,83,5,70,53
1907,458,156,153,161.4,0,0,0,-1,74,5,90,42
2078,222,392,154.4,163.6,0,0,0,-1,94,5,67,46
1971,729,13,173,185,0,0,0,-1,95,5,83,60
1904,139,66,156.5,167.5,0,0,0,-1,102,5,74,55
1989,58,472,165.2,176.4,0,0,0,-1,89,5,70,56
2171,921,493,148.2,159,0,0,0,-1,85,5,78,54
1953,443,181,207.1,226.9,0,0,0,-1,120,5,118,99
2052,930,757,167,179.8,0,0,0,-1,100,5,71,64
2212,1022,102,151.4,163,0,0,0,-1,85,5,76,58
2013,992,361,153,162.2,0,0,0,-1,97,5,84,46
1803,795,25,138.3,148.1,0,0,0,-1,81,5,55,49
2066,286,398,151.3,159.5,0,0,0,-1,101,5,57,41
1988,859,139,154.7,166.1,0,0,0,-1,79,5,92,57
2200,990,478,142.3,151.7,0,0,0,-1,93,5,53,47
2034,372,1001,142.8,154,0,0,0,-1,95,5,70,56
2020,943,372,135.1,142.5,0,0,0,-1,85,5,50,37
1925,138,954,158.8,169.2,0,0,0,-1,86,5,60,52
1908,7,437,176.5,187.5,0,0,0,-1,115,5,83,55
2167,1012,375,145.8,152.6,0,0,0,-1,108,5,54,34
2105,939,750,179.2,196.8,0,0,0,-1,103,5,100,88
1779,1072,274,155.3,165.1,0,0,0,-1,93,5,72,49
2021,759,408,158.5,167.1,0,0,0,-1,98,5,51,43
1942,533,947,147.5,158.5,0,0,0,-1,91,5,65,55
1949,538,325,164.5,175.5,0,0,0,-1,98,5,82,55
439,487,355,49.1,51.2,0,0,0,-1,106,3,68,47
2090,852,33,155.9,168.5,0,0,0,-1,78,5,74,63
2150,749,293,133.3,143.5,0,0,0,-1,79,5,67,51
1945,386,261,179,191,0,0,0,-1,107,5,89,60
2012,52,1032,159.9,170.1,0,0,0,-1,88,5,63,51
1840,915,443,153.1,162.9,0,0,0,-1,101,5,60,49
2224,1028,630,159.5,172.5,0,0,0,-1,89,5,88,65
1801,445,120,185.1,196.9,0,0,0,-1,125,5,73,59
2213,123,247,164,175.2,0,0,0,-1,84,5,80,56
2029,322,867,167.1,180.5,0,0,0,-1,85,5,80,67
1826,1057,126,158.4,171.6,0,0,0,-1,88,5,99,66
2189,1015,355,150.9,158.7,0,0,0,-1,91,5,69,39
1783,640,692,174,186,0,0,0,-1,120,5,84,60
1921,375,486,170,182.8,0,0,0,-1,112,5,74,64
1868,24,35,182.1,193.9,0,0,0,-1,110,5,70,59
1881,307,434,175,183.8,0,0,0,-1,106,5,65,44
2148,217,614,174,188,0,0,0,-1,92,5,97,70
2044,683,442,161,172.6,0,0,0,-1,108,5,74,58
1962,515,142,163.3,175.5,0,0,0,-1,82,5,84,61
2155,574,896,164.7,178.5,0,0,0,-1,105,5,75,69
2038,304,1044,158.5,169.5,0,0,0,-1,85,5,65,55
1811,511,803,154.4,164.8,0,0,0,-1,82,5,66,52
2133,451,1072,133.9,143.3,0,0,0,-1,92,5,54,47
2118,645,781,144.4,156,0,0,0,-1,76,5,69,58
1965,154,922,161.6,174,0,0,0,-1,89,5,81,62
1943,182,391,175.7,187.5,0,0,0,-1,120,5,99,59
2209,57,662,179.7,195.1,0,0,0,-1,107,5,95,77
1854,395,801,178.7,192.5,0,0,0,-1,120,5,89,69
1987,471,926,141,151.4,0,0,0,-1,76,5,63,52
1963,518,18,135.6,145.2,0,0,0,-1,83,5,54,48
2197,612,123,172.5,183.9,0,0,0,-1,81,5,87,57
1903,356,318,178,190,0,0,0,-1,95,5,76,60
2195,969,392,124,132,0,0,0,-1,92,5,48,40
2121,70,263,147.6,156,0,0,0,-1,99,5,51,42
2180,21,653,170.5,181.5,0,0,0,-1,115,5,77,55
2011,785,320,156.2,165.4,0,0,0,-1,91,5,78,46
1873,131,425,154.3,164.1,0,0,0,-1,97,5,71,49
2192,532,181,159.3,173.9,0,0,0,-1,86,5,79,73
1813,858,320,144,153.6,0,0,0,-1,82,5,72,48
1835,1024,546,159.2,173.6,0,0,0,-1,112,5,80,72
2057,968,442,142,149.2,0,0,0,-1,94,5,52,36
1994,1051,613,167.4,175.8,0,0,0,-1,98,5,54,42
1912,332,745,154,165.6,0,0,0,-1,82,5,67,58
2003,938,361,122.1,129.9,0,0,0,-1,87,5,48,39
1927,524,829,171.4,186.2,0,0,0,-1,109,5,90,74
1792,1056,669,162.6,175.8,0,0,0,-1,93,5,90,66
1828,535,285,154.6,167.4,0,0,0,-1,83,5,97,64
2054,88,690,157.4,167.8,0,0,0,-1,90,5,69,52
2070,1016,909,156.2,168.6,0,0,0,-1,88,5,88,62
2184,983,959,144.4,156,0,0,0,-1,94,5,69,58
2081,36,947,174,184,0,0,0,-1,104,5,79,50
2002,257,739,159.1,170.5,0,0,0,-1,81,5,85,57
2156,290,722,160,172,0,0,0,-1,91,5,82,60
1778,441,325,197.5,212.5,0,0,0,-1,116,5,115,75
1887,826,107,169.8,185.4,0,0,0,-1,92,5,84,78
2004,1010,314,170.2,181.8,0,0,0,-1,88,5,118,58
2068,420,870,176.7,186.9,0,0,0,-1,105,5,90,51
1867,111,373,164.5,172.7,0,0,0,-1,108,5,62,41
1825,530,306,170.2,181.4,0,0,0,-1,96,5,75,56
2100,791,129,148.3,160.5,0,0,0,-1,88,5,69,61
1931,431,521,164.1,178.3,0,0,0,-1,96,5,86,71
1796,1035,423,131.5,141.3,0,0,0,-1,94,5,58,49
1807,733,1049,161.5,173.3,0,0,0,-1,85,5,73,59
1859,1063,378,131.7,139.1,0,0,0,-1,92,5,54,37
1850,835,599,148.5,159.5,0,0,0,-1,88,5,66,55
1959,991,727,174.5,189.5,0,0,0,-1,105,5,107,75
1913,183,357,181.2,190.4,0,0,0,-1,125,5,57,46
2049,526,369,129.5,136.5,0,0,0,-1,96,5,42,35
2216,109,919,163.6,175.2,0,0,0,-1,101,5,65,58
1984,753,32,144.2,155,0,0,0,-1,80,5,74,54
1917,739,870,142.9,152.3,0,0,0,-1,89,5,63,47
1956,372,863,176.6,188.2,0,0,0,-1,100,5,78,58
1781,467,1044,160.7,172.1,0,0,0,-1,89,5,98,57
1992,87,632,170.4,183.2,0,0,0,-1,92,5,100,64
2086,1064,829,165.1,174.9,0,0,0,-1,89,5,72,49
2048,611,75,143,153.8,0,0,0,-1,88,5,62,54
1970,876,546,166.5,181.5,0,0,0,-1,110,5,84,75
2083,387,1068,146.3,158.5,0,0,0,-1,100,5,67,61
2159,73,402,174.6,189.8,0,0,0,-1,101,5,91,76
2178,253,599,165.5,178.5,0,0,0,-1,77,5,81,65
1993,260,1007,167.8,179,0,0,0,-1,101,5,95,56
2128,216,981,174.9,189.5,0,0,0,-1,107,5,96,73
1786,710,277,153.6,163.2,0,0,0,-1,85,5,72,48
1954,512,620,157.9,171.7,0,0,0,-1,93,5,82,69
2173,879,320,169.8,183.4,0,0,0,-1,99,5,95,68
1982,546,639,149.3,157.9,0,0,0,-1,106,5,52,43
2153,891,360,159,169,0,0,0,-1,105,5,64,50
1805,1048,220,137.6,146.4,0,0,0,-1,79,5,54,44
1793,762,182,156.4,171.6,0,0,0,-1,106,5,88,76
1838,488,113,149.6,157.2,0,0,0,-1,91,5,47,38
2135,785,407,161,173,0,0,0,-1,93,5,83,60
1777,54,346,170.3,182.1,0,0,0,-1,124,5,70,59
2091,186,796,162.8,176.4,0,0,0,-1,92,5,88,68
2162,976,242,143.5,154.1,0,0,0,-1,88,5,64,53
2030,587,810,145.2,157.6,0,0,0,-1,94,5,77,62
2062,257,646,172,183.2,0,0,0,-1,76,5,88,56
1885,756,217,174.9,188.7,0,0,0,-1,102,5,99,69
2187,351,23,184,197.2,0,0,0,-1,105,5,85,66
2033,508,581,176.8,190.4,0,0,0,-1,98,5,102,68
1853,798,655,130,138,0,0,0,-1,76,5,46,40
1884,24,804,167.1,181.3,0,0,0,-1,95,5,89,71
1969,548,100,148.6,161.8,0,0,0,-1,91,5,76,66
1932,678,862,175.6,188,0,0,0,-1,92,5,95,62
1822,935,794,157.1,171.7,0,0,0,-1,93,5,106,73
2065,159,470,163.4,176.2,0,0,0,-1,82,5,93,64
2056,161,475,180.6,191.8,0,0,0,-1,98,5,63,56
2116,999,604,188.5,207.5,0,0,0,-1,119,5,103,95
2183,425,731,181.6,196,0,0,0,-1,105,5,88,72
2046,514,362,146.5,155.5,0,0,0,-1,106,5,61,45
1951,39,852,184.5,199.5,0,0,0,-1,100,5,87,75
2139,125,743,154.4,166,0,0,0,-1,93,5,79,58
2022,426,619,173.4,187,0,0,0,-1,118,5,85,68
1985,963,158,164.3,176.9,0,0,0,-1,75,5,95,63
1870,984,812,170.2,184.6,0,0,0,-1,118,5,91,72
1847,123,953,163.5,174.1,0,0,0,-1,92,5,84,53
2059,823,724,155,165.4,0,0,0,-1,86,5,77,52
2042,826,963,155.4,170.6,0,0,0,-1,89,5,87,76
1880,672,297,146,154,0,0,0,-1,94,5,54,40
1997,130,670,150.6,160.2,0,0,0,-1,90,5,69,48
1832,64,1029,154.3,164.5,0,0,0,-1,106,5,88,51
2179,976,883,157,169,0,0,0,-1,87,5,79,60
2008,154,849,172,185.2,0,0,0,-1,107,5,73,66
1978,555,766,152.9,166.7,0,0,0,-1,96,5,77,69
1844,892,798,177.8,193.4,0,0,0,-1,93,5,92,78
1991,997,494,172.5,185.1,0,0,0,-1,108,5,78,63
1967,399,573,152.6,165.8,0,0,0,-1,98,5,80,66
2154,278,340,171.1,184.5,0,0,0,-1,105,5,84,67
2160,928,1030,141.2,154.8,0,0,0,-1,86,5,80,68
2161,261,1001,153.4,166.2,0,0,0,-1,98,5,83,64
2214,508,258,153.5,165.3,0,0,0,-1,93,5,65,59
2040,487,355,157.3,166.7,0,0,0,-1,108,5,68,47
1998,150,613,207,223,0,0,0,-1,118,5,87,80
1790,1027,301,165,175,0,0,0,-1,93,5,80,50
1889,1008,224,156.8,170.4,0,0,0,-1,102,5,82,68
2088,801,925,165.3,179.9,0,0,0,-1,108,5,85,73
2109,1015,559,151.8,163,0,0,0,-1,93,5,79,56
2170,696,387,167.6,179.2,0,0,0,-1,115,5,69,58
1928,998,1064,179.7,196.3,0,0,0,-1,107,5,105,83
2141,474,552,167.1,177.3,0,0,0,-1,108,5,60,51
2072,658,168,150.3,159.7,0,0,0,-1,100,5,61,47
2074,486,224,176.6,191,0,0,0,-1,104,5,83,72
1922,655,974,167.5,180.1,0,0,0,-1,79,5,73,63
2060,303,632,178,194,0,0,0,-1,108,5,106,80
2157,788,387,157.5,168.5,0,0,0,-1,109,5,75,55
1916,850,112,157.8,168.6,0,0,0,-1,103,5,66,54
2103,993,768,175.7,191.1,0,0,0,-1,99,5,91,77
1861,637,183,151.1,161.7,0,0,0,-1,112,5,61,53
1996,400,841,155.5,166.5,0,0,0,-1,106,5,62,55
2027,520,731,157.2,171.6,0,0,0,-1,86,5,78,72
2031,177,403,187.6,202.8,0,0,0,-1,92,5,104,76
1846,548,669,150.8,163.2,0,0,0,-1,91,5,95,62
1976,763,243,166.5,181.5,0,0,0,-1,92,5,99,75
2000,82,364,160.4,173.2,0,0,0,-1,83,5,90,64
1788,759,373,147,158.2,0,0,0,-1,111,5,63,56
1934,928,914,152.5,163.9,0,0,0,-1,97,5,67,57
2028,316,369,171.5,181.7,0,0,0,-1,112,5,95,51
1837,13,751,151.5,160.5,0,0,0,-1,79,5,66,45
1812,201,801,164,175.6,0,0,0,-1,99,5,77,58
1909,990,889,172.7,186.5,0,0,0,-1,125,5,83,69
2079,810,306,168.8,179.2,0,0,0,-1,97,5,70,52
2035,210,384,172.5,183.1,0,0,0,-1,108,5,84,53
1858,815,251,147.4,156.6,0,0,0,-1,92,5,60,46
2117,526,232,159.7,169.9,0,0,0,-1,86,5,73,51
1958,954,433,181.2,192.4,0,0,0,-1,109,5,86,56
1888,253,972,176.9,189.5,0,0,0,-1,82,5,95,63
2166,603,898,157.8,171,0,0,0,-1,102,5,72,66
2039,605,126,155.1,166.5,0,0,0,-1,91,5,81,57
2186,499,83,132.1,140.7,0,0,0,-1,79,5,59,43
1892,841,428,172.1,180.7,0,0,0,-1,103,5,56,43
1947,192,390,176,188,0,0,0,-1,117,5,86,60
2045,320,806,165.8,179.4,0,0,0,-1,98,5,91,68
2063,311,421,173.4,183.8,0,0,0,-1,103,5,85,52
1882,437,32,179.1,188.5,0,0,0,-1,119,5,71,47
1833,908,368,125.5,134.9,0,0,0,-1,96,5,55,47
1782,71,385,166.1,175.5,0,0,0,-1,120,5,58,47
2102,806,724,166.3,178.9,0,0,0,-1,93,5,97,63
2050,256,874,169.3,181.5,0,0,0,-1,96,5,90,61
2177,1053,441,166.1,179.5,0,0,0,-1,118,5,79,67
1886,504,544,161.8,172.2,0,0,0,-1,104,5,63,52
1878,1008,18,141.5,152.1,0,0,0,-1,95,5,62,53
1830,676,287,180.5,195.5,0,0,0,-1,104,5,98,75
2151,1014,419,126.5,135.5,0,0,0,-1,91,5,59,45
2108,462,597,161.8,175.4,0,0,0,-1,90,5,87,68
1836,1069,285,169.8,180.6,0,0,0,-1,92,5,78,54
1797,937,1018,140.4,153.2,0,0,0,-1,91,5,70,64
2124,785,472,167.6,178.4,0,0,0,-1,93,5,65,54
2176,852,92,172.5,187.5,0,0,0,-1,86,5,90,75
2223,588,475,168.5,177.5,0,0,0,-1,96,5,56,45
2026,806,733,162.6,175.8,0,0,0,-1,97,5,90,66
1876,290,371,173.4,183.8,0,0,0,-1,110,5,85,52
1895,79,989,164,176,0,0,0,-1,98,5,86,60
1810,972,67,145,155,0,0,0,-1,100,5,70,50
1926,726,269,169.5,182.1,0,0,0,-1,88,5,75,63
2041,785,21,157.5,168.5,0,0,0,-1,104,5,64,55
2092,554,258,164.4,178,0,0,0,-1,94,5,75,68
2163,1048,54,160,172,0,0,0,-1,94,5,70,60
1929,379,117,211.1,225.7,0,0,0,-1,135,5,87,73
2019,866,751,159,173,0,0,0,-1,95,5,82,70
2203,521,696,147,157,0,0,0,-1,90,5,62,50
2075,671,722,172.4,187.2,0,0,0,-1,110,5,91,74
1802,726,664,186.2,202.6,0,0,0,-1,97,5,96,82
1930,609,132,185,199,0,0,0,-1,101,5,94,70
1780,262,336,191,204.2,0,0,0,-1,111,5,92,66
1960,609,754,179.8,192.6,0,0,0,-1,104,5,71,64
2126,850,184,141.6,151.2,0,0,0,-1,89,5,60,48
1935,771,310,193,206.6,0,0,0,-1,95,5,91,68
2221,564,120,162.5,174.7,0,0,0,-1,103,5,71,61
1923,525,262,201.4,217,0,0,0,-1,125,5,100,78
1806,881,426,141,151.4,0,0,0,-1,104,5,63,52
1902,129,416,153,163,0,0,0,-1,93,5,58,50
2205,476,606,159.7,173.1,0,0,0,-1,94,5,86,67
1862,247,759,196,212,0,0,0,-1,109,5,108,80
1890,631,638,169,183,0,0,0,-1,105,5,78,70
1980,893,431,197.9,215.7,0,0,0,-1,121,5,100,89
2169,706,609,160.5,173.5,0,0,0,-1,99,5,76,65
2199,1048,215,154.9,168.7,0,0,0,-1,98,5,79,69
1817,756,105,161.5,173.7,0,0,0,-1,92,5,70,61
1990,511,187,178.5,191.1,0,0,0,-1,111,5,84,63
1897,668,262,190,206,0,0,0,-1,114,5,102,80
1869,413,217,197.5,210.9,0,0,0,-1,99,5,97,67
2218,482,63,140.2,148.6,0,0,0,-1,91,5,52,42
1789,682,1065,170.6,181.4,0,0,0,-1,99,5,68,54
2111,849,328,189.5,204.5,0,0,0,-1,112,5,92,75
2119,280,919,178.5,193.5,0,0,0,-1,107,5,96,75
2130,279,916,194.9,212.7,0,0,0,-1,123,5,97,89
2087,687,1000,167.2,180,0,0,0,-1,103,5,84,64
1879,580,66,171.7,187.1,0,0,0,-1,116,5,87,77
