demandID,SourceID,DestinationID,MinDelay,MaxDelay,Bandwidth,Ishotstandby,DelayDifference,DisjointType,WorkOptCostRangeType,MinCostDelay,MinDelayDelay
13,120,483,82.8,84.4,10,0,0,-1,28166,5,70,70
12,88,483,84.8,86.4,10,0,0,-1,41498,5,72,72
6,369,475,120.6,121.3,10,0,0,-1,45664,5,118,115
3,277,483,72.8,74.4,10,0,0,-1,28166,3,76,60
10,277,483,72.8,74.4,10,0,0,-1,28166,3,76,60
9,368,469,98.8,100.4,10,0,0,-1,38998,3,102,86
2,287,483,75.8,77.9,10,0,0,-1,34164,3,80,59
135,59,468,234.5,245.5,10,0,0,-1,38832,5,86,55
7,407,471,124,125,10,0,0,-1,51996,3,126,116
67,327,483,197.3,207.1,10,0,0,-1,24000,5,51,49
54,339,477,170.4,178.8,10,0,0,-1,21500,5,42,42
40,303,480,200.2,209.4,10,0,0,-1,32666,5,76,46
38,388,475,203.1,213.7,10,0,0,-1,21000,5,53,53
113,54,467,228.5,239.5,10,0,0,-1,33166,5,80,55
96,391,469,208.4,218.8,10,0,0,-1,40998,5,52,52
140,413,469,216.8,227.6,10,0,0,-1,21000,5,71,54
110,210,469,212.1,222.7,10,0,0,-1,38332,5,69,53
124,203,477,151.9,159.3,10,0,0,-1,20500,5,52,37
43,106,473,192.2,201.4,10,0,0,-1,23000,5,68,46
57,356,475,221.6,233.2,10,0,0,-1,35332,5,61,58
63,167,466,308.9,324.3,10,0,0,-1,53498,5,101,77
134,428,470,210.1,220.7,10,0,0,-1,35832,5,64,53
42,154,477,188.9,198.3,10,0,0,-1,30666,5,62,47
14,78,477,127.2,129.1,10,0,0,-1,65162,5,116,112
93,428,480,188.6,198.2,10,0,0,-1,36332,5,59,48
104,432,469,210.1,220.7,10,0,0,-1,30166,5,69,53
49,432,469,210.1,220.7,10,0,0,-1,30166,5,69,53
114,422,475,214.1,224.7,10,0,0,-1,23500,5,64,53
32,420,478,220.2,231.4,10,0,0,-1,40332,5,69,56
89,314,477,218.5,229.5,10,0,0,-1,39832,5,55,55
131,101,470,259.9,273.3,10,0,0,-1,59330,5,79,67
74,18,477,188.9,198.3,10,0,0,-1,33666,5,47,47
88,298,478,254,266,10,0,0,-1,39332,5,92,60
80,104,477,225.9,237.3,10,0,0,-1,38832,5,57,57
0,190,152,102.2,103.6,10,0,0,-1,67494,5,94,91
121,34,469,246,258,10,0,0,-1,36666,5,84,60
139,296,478,243.6,255.2,10,0,0,-1,39332,5,87,58
73,298,478,254,266,10,0,0,-1,39332,5,92,60
8,309,469,103.8,105.4,10,0,0,-1,56162,3,107,91
65,164,483,243.5,254.5,10,0,0,-1,31500,5,95,55
109,432,479,192,202,10,0,0,-1,31666,5,57,50
58,373,478,275.7,289.9,10,0,0,-1,42332,5,84,71
37,37,470,311.4,327.8,10,0,0,-1,57664,5,90,82
103,267,477,222.2,233.4,10,0,0,-1,45498,5,56,56
81,364,479,188.3,198.1,10,0,0,-1,26000,5,56,49
91,390,475,262.3,276.1,10,0,0,-1,40332,5,69,69
51,53,466,283,297,10,0,0,-1,50164,5,94,70
16,84,306,207.4,217.8,10,0,0,-1,39166,5,67,52
100,36,469,301.5,316.5,10,0,0,-1,51998,5,83,75
36,161,469,305.2,320.4,10,0,0,-1,51998,5,84,76
5,180,484,132.6,134.3,10,0,0,-1,62662,3,136,119
101,277,483,238,250,10,0,0,-1,37166,5,76,60
64,277,483,238,250,10,0,0,-1,37166,5,76,60
24,202,457,184.6,194.2,10,0,0,-1,28500,5,48,48
117,73,467,287.7,301.9,10,0,0,-1,47332,5,96,71
126,25,473,204.6,214.2,10,0,0,-1,34666,5,60,48
34,418,478,262.7,274.9,10,0,0,-1,56164,5,98,61
45,287,483,239.3,251.1,10,0,0,-1,41832,5,80,59
23,275,454,208,218,10,0,0,-1,36666,5,50,50
94,385,481,244.4,256.8,10,0,0,-1,40832,5,77,62
90,425,478,228.6,240.2,10,0,0,-1,41832,5,72,58
106,313,477,266.6,280.2,10,0,0,-1,49998,5,68,68
82,309,469,352.7,370.9,10,0,0,-1,61164,5,107,91
122,6,467,314.1,330.7,10,0,0,-1,64830,5,90,83
129,359,473,275.2,288.4,10,0,0,-1,58330,5,97,66
1,125,459,137.2,138.6,10,0,0,-1,70828,3,140,126
27,229,448,303.3,319.1,10,0,0,-1,58664,5,79,79
87,144,477,296.2,311.4,10,0,0,-1,56164,5,76,76
86,75,472,327.4,343.8,10,0,0,-1,60664,5,106,82
77,359,468,267.1,279.7,10,0,0,-1,58830,5,97,63
46,408,478,338.6,356.2,10,0,0,-1,60164,5,101,88
25,195,458,273.7,287.9,10,0,0,-1,35666,5,82,71
118,279,469,245.4,257.8,10,0,0,-1,40332,5,62,62
56,112,474,286.7,300.9,10,0,0,-1,64330,5,95,71
116,294,482,246.5,259.5,10,0,0,-1,43832,5,71,65
84,307,475,306.7,322.9,10,0,0,-1,45332,5,84,81
31,98,481,228,240,10,0,0,-1,45332,5,66,60
55,168,478,314.3,330.1,10,0,0,-1,60664,5,101,79
133,394,468,308.7,324.9,10,0,0,-1,68496,5,90,81
120,120,483,275,289,10,0,0,-1,45166,5,70,70
61,371,477,342.5,359.5,10,0,0,-1,58164,5,98,85
60,29,473,318.2,333.4,10,0,0,-1,57664,5,113,76
28,432,452,210.5,221.5,10,0,0,-1,34166,5,62,55
111,88,483,282.4,296.8,10,0,0,-1,58998,5,72,72
21,267,454,230.2,241.4,10,0,0,-1,54998,5,56,56
102,125,479,339.6,357.2,10,0,0,-1,78996,5,102,88
30,29,483,303.6,319.2,10,0,0,-1,60664,5,93,78
138,328,483,267.6,281.2,10,0,0,-1,43166,5,70,68
26,63,460,232.9,244.3,10,0,0,-1,37166,5,79,57
59,73,476,312.6,328.2,10,0,0,-1,49332,5,106,78
76,296,479,231.3,243.1,10,0,0,-1,46832,5,72,59
19,312,453,281.6,295.2,10,0,0,-1,66164,5,98,68
69,287,475,282.1,296.7,10,0,0,-1,43332,5,81,73
17,190,152,350.7,368.9,10,0,0,-1,76996,5,94,91
66,54,475,319.6,335.2,10,0,0,-1,43666,5,109,78
95,368,469,334.2,351.4,10,0,0,-1,54498,5,102,86
15,411,440,312,328,10,0,0,-1,78162,5,96,80
35,101,471,300.6,316.2,10,0,0,-1,63330,5,90,78
127,321,482,292.5,307.5,10,0,0,-1,64164,5,90,75
107,111,483,284.2,297.4,10,0,0,-1,67664,5,106,66
83,6,476,339,357,10,0,0,-1,69330,5,96,90
130,331,469,386,406,10,0,0,-1,73664,5,116,100
11,111,483,98,102,10,0,0,-1,69828,3,106,66
4,164,483,87,91,10,0,0,-1,43164,3,95,55
108,184,481,327.9,345.3,10,0,0,-1,65998,5,93,87
48,312,477,329.5,346.5,10,0,0,-1,64164,5,85,85
47,6,484,342.7,360.9,10,0,0,-1,75330,5,97,91
136,394,482,297.6,313.2,10,0,0,-1,72496,5,87,78
105,141,478,408.6,430.2,10,0,0,-1,87162,5,117,108
44,270,477,355.4,373.8,10,0,0,-1,72996,5,92,92
119,80,477,351.7,369.9,10,0,0,-1,66664,5,91,91
85,40,468,438.9,462.3,10,0,0,-1,102162,5,123,117
98,182,473,378.5,397.5,10,0,0,-1,73330,5,107,95
20,100,462,360.5,379.5,10,0,0,-1,66664,5,98,95
137,76,469,407.9,427.3,10,0,0,-1,85330,5,146,97
97,372,479,310.4,326.8,10,0,0,-1,59498,5,89,82
71,197,475,388.1,408.7,10,0,0,-1,66998,5,106,103
41,198,475,399.2,420.4,10,0,0,-1,74664,5,109,106
52,168,483,369.9,387.3,10,0,0,-1,77664,5,135,87
141,394,481,338.5,355.5,10,0,0,-1,78496,5,94,85
62,333,469,440.8,463.6,10,0,0,-1,91996,5,117,114
75,243,477,362.8,381.6,10,0,0,-1,82496,5,109,94
92,405,475,399.2,420.4,10,0,0,-1,79664,5,120,106
128,35,475,377,397,10,0,0,-1,65332,5,100,100
33,418,475,375.1,393.7,10,0,0,-1,74164,5,123,93
29,332,458,443.9,467.3,10,0,0,-1,82330,5,128,117
125,191,475,369.6,389.2,10,0,0,-1,66998,5,98,98
72,369,475,432.5,455.5,10,0,0,-1,82164,5,118,115
79,407,469,431,453,10,0,0,-1,79830,5,134,110
115,76,482,401.4,421.8,10,0,0,-1,98828,5,142,102
112,125,482,432.1,454.7,10,0,0,-1,112160,5,127,113
123,78,477,433.4,455.8,10,0,0,-1,90996,5,116,112
68,140,475,476.9,502.3,10,0,0,-1,97996,5,127,127
70,180,484,457.3,481.1,10,0,0,-1,103994,5,136,119
53,125,481,432.1,454.7,10,0,0,-1,116160,5,127,113
50,179,481,431.5,454.5,10,0,0,-1,103828,5,121,115
18,125,459,480.2,505.4,10,0,0,-1,114826,5,140,126
99,126,484,450.5,473.5,10,0,0,-1,120826,5,140,115
22,168,461,450.1,472.7,10,0,0,-1,92496,5,145,113
78,407,471,439.2,462.4,10,0,0,-1,105660,5,126,116
132,180,475,512.8,539.6,10,0,0,-1,109494,5,154,134
39,69,477,530.3,558.1,10,0,0,-1,139158,5,155,139
