demandID,SourceID,DestinationID,MinDelay,MaxDelay,Bandwidth,Ishotstandby,DelayDifference,DisjointType,WorkOptCostRangeType,MinCostDelay,MinDelayDelay
119,698,2075,152.3,160.1,10,1,0,0,15500,5,45,39
87,1640,2022,148.9,156.3,10,1,0,0,15000,5,64,37
69,719,2022,184.9,194.3,10,1,0,0,25666,5,58,47
105,633,2029,159.1,165.7,10,1,0,0,19000,5,101,33
78,537,2043,156,162,10,1,0,0,22666,5,30,30
115,76,2079,187.9,197.3,10,1,0,0,17000,5,61,47
114,703,2077,183.2,192.4,10,1,0,0,28832,5,59,46
61,1316,2041,183.7,191.9,10,1,0,0,18000,5,69,41
38,940,2006,181.9,191.3,10,1,0,0,25666,5,55,47
34,1925,2049,172.2,179.4,10,1,0,0,21000,5,75,36
66,979,2022,207.1,217.7,10,1,0,0,19000,5,64,53
108,712,2021,220.2,231.4,10,1,0,0,34832,5,56,56
118,1559,2065,207.4,217.8,10,1,0,0,38498,5,67,52
52,871,1999,222.2,233.4,10,1,0,0,34332,5,71,56
79,587,2018,262.3,276.1,10,1,0,0,45498,5,76,69
72,845,2006,189.3,199.1,10,1,0,0,27666,5,57,49
120,1349,2076,230,242,10,1,0,0,41998,5,79,60
37,1094,2004,199,209,10,1,0,0,20000,5,64,50
70,1862,2023,215.4,225.8,10,1,0,0,22500,5,75,52
85,114,2035,217.9,229.3,10,1,0,0,21000,5,64,57
64,1628,2031,219.2,230.4,10,1,0,0,22000,5,68,56
93,1983,2052,205.4,215.8,10,1,0,0,23000,5,69,52
59,1948,2043,225.1,235.7,10,1,0,0,35832,5,82,53
104,1634,2030,259.9,273.3,10,1,0,0,28666,5,79,67
81,313,2016,223.6,235.2,10,1,0,0,42998,5,67,58
55,410,2014,232,244,10,1,0,0,30166,5,70,60
71,1446,2060,246.6,258.2,10,1,0,0,38832,5,84,58
31,1492,1589,295.1,309.7,10,1,0,0,49498,5,98,73
48,530,2029,225.4,235.8,10,1,0,0,29166,5,85,52
84,448,2028,238.7,250.9,10,1,0,0,24000,5,80,61
98,861,1997,285.1,299.7,10,1,0,0,54830,5,88,73
57,1863,2013,221.8,232.6,10,1,0,0,25000,5,56,54
36,432,2057,230.3,242.1,10,1,0,0,24000,5,67,59
63,1639,2003,264.6,278.2,10,1,0,0,31166,5,81,68
50,219,2034,222.2,233.4,10,1,0,0,26500,5,71,56
106,1388,2003,251.2,264.4,10,1,0,0,27500,5,68,66
41,1014,2021,247.8,260.6,10,1,0,0,38832,5,75,64
40,1078,2046,269.6,283.2,10,1,0,0,36832,5,86,68
32,1171,2037,280,294,10,1,0,0,46998,5,91,70
39,1822,1999,264.3,276.1,10,1,0,0,28500,5,80,59
65,574,2006,234.5,245.5,10,1,0,0,30166,5,86,55
58,1109,1998,261.8,274.6,10,1,0,0,33166,5,81,64
62,1268,2006,264.6,278.2,10,1,0,0,43998,5,81,68
43,1801,2014,264.2,277.4,10,1,0,0,38832,5,86,66
67,1789,2052,247.4,259.8,10,1,0,0,27000,5,80,62
33,1231,2049,261.8,274.6,10,1,0,0,43332,5,82,64
68,1758,2000,296.6,312.2,10,1,0,0,34666,5,86,78
99,754,2001,291.9,307.3,10,1,0,0,31500,5,84,77
116,1378,2077,318.1,334.7,10,1,0,0,46832,5,90,83
88,495,2004,268.3,282.1,10,1,0,0,33666,5,88,69
100,154,2012,269.7,283.9,10,1,0,0,36166,5,92,71
45,529,2008,281.1,295.7,10,1,0,0,40832,5,84,73
44,920,2045,290,304,10,1,0,0,58830,5,101,70
73,1821,2001,277.5,290.5,10,1,0,0,34666,5,100,65
102,1472,1997,287.4,301.8,10,1,0,0,42832,5,93,72
53,1559,2052,268.7,282.9,10,1,0,0,48498,5,77,71
77,744,2039,281.4,295.8,10,1,0,0,43332,5,87,72
96,266,2008,267,281,10,1,0,0,49498,5,86,70
74,1229,2012,287.2,302.4,10,1,0,0,48498,5,82,76
60,1885,2039,290.4,304.8,10,1,0,0,31500,5,96,72
82,1965,2053,283.1,297.7,10,1,0,0,48998,5,86,73
94,1644,2026,297.9,313.3,10,1,0,0,42332,5,90,77
83,1749,2030,290.2,305.4,10,1,0,0,53664,5,85,76
110,1140,2011,318.3,334.1,10,1,0,0,60330,5,105,79
86,435,2052,259.2,272.4,10,1,0,0,40832,5,77,66
89,1820,2023,307.9,323.3,10,1,0,0,44832,5,100,77
49,138,2035,288.2,303.4,10,1,0,0,37666,5,76,76
92,698,2035,283.1,297.7,10,1,0,0,27500,5,86,73
