demandID,SourceID,DestinationID,MinDelay,MaxDelay,Bandwidth,Ishotstandby,DelayDifference,DisjointType,WorkOptCostRangeType,MinCostDelay,MinDelayDelay
29,13,17,0,3,0,1,3,2,3,2,1.06245,0.60875
26,16,17,4,6,0,1,2,2,6,5,2.48795,2.48795
25,24,25,0,5,0,1,5,2,3,2,0.1018,0.1018
22,16,25,1,3,0,1,2,2,4,2,1.3168,1.3168
11,4,25,0,1,0,1,1,2,4,2,0.8473,0.84505
28,17,24,3,6,0,1,3,2,7,2,3.70295,3.2745
27,7,17,3,6,0,1,3,2,7,2,3.72975,3.28
13,9,25,2,4,0,1,2,2,6,2,2.0308,2.02855
24,21,25,1,3,0,1,2,2,5,2,1.5163,1.5163
0,19,25,0,3,0,1,3,2,5,2,0.9351,0.77855
17,18,25,1,7,0,1,6,2,5,2,1.4473,1.44505
16,15,25,2,7,0,1,5,2,6,2,2.0473,2.04505
1,22,25,1,2,0,1,1,2,6,2,1.77595,1.6194
23,20,25,2,4,0,1,2,2,6,2,2.5848,2.5848
5,25,26,2,3,0,1,1,2,7,2,2.36345,2.3612
19,6,25,2,4,0,1,2,2,7,2,3.1348,2.55575
20,8,25,3,4,0,1,1,2,7,2,3.75255,3.3204
15,14,25,3,6,0,1,3,2,7,2,3.3448,3.34255
9,1,25,2,4,0,1,2,2,7,2,2.5608,2.55855
4,3,25,2,3,0,1,1,2,7,2,2.6658,2.19325
21,10,25,4,6,0,1,2,2,8,2,5.4347,4.3222
6,11,25,3,4,0,1,1,2,8,2,3.32875,3.3265
12,5,25,4,5,0,1,1,2,8,2,4.0198,4.01755
2,12,25,2,5,0,1,3,2,8,2,2.59595,2.5937
18,23,25,2,6,0,1,4,2,8,2,2.9458,2.94355
14,13,25,2,5,0,1,3,2,8,2,2.8268,2.82455
7,25,27,4,5,0,1,1,2,9,4,4.28995,3.98775
3,17,25,3,6,0,1,3,2,9,2,3.35725,3.355
8,0,25,3,5,0,1,2,2,9,2,3.4658,3.46355
10,2,25,4,5,0,1,1,2,9,2,4.1898,4.18755
