demandID,SourceID,DestinationID,MinDelay,MaxDelay,Bandwidth,Ishotstandby,DelayDifference,DisjointType,WorkOptCostRangeType,MinCostDelay,MinDelayDelay
30,875,2069,92.8,96.9,10,0,0,-1,44830,5,86,60
27,826,2073,70.6,72.8,10,0,0,-1,34164,3,102,53
158,1449,2021,121.6,127.2,10,0,0,-1,20166,5,46,28
16,61,2025,74.2,76.6,10,0,0,-1,33498,3,79,55
7,1151,2054,117.6,118.3,10,0,0,-1,60162,3,119,112
31,1915,2068,44.8,45.9,10,0,0,-1,13000,3,47,36
190,1584,2078,142.5,149.5,10,0,0,-1,27332,5,48,35
183,1730,2069,116.3,122.1,10,0,0,-1,12500,5,38,29
18,380,2052,104,105.5,10,0,0,-1,49496,3,107,92
20,862,2003,84.8,86.9,10,0,0,-1,26332,3,89,68
59,1949,2013,122.2,127.4,10,0,0,-1,17000,5,26,26
187,1517,2067,154.9,162.3,10,0,0,-1,20666,5,55,37
194,1229,2066,137.1,143.7,10,0,0,-1,19166,5,48,33
26,1543,2007,104.4,105.7,10,0,0,-1,34498,5,100,94
130,1385,2026,154.9,162.3,10,0,0,-1,22166,5,55,37
23,1687,2053,115.2,116.1,10,0,0,-1,54662,3,117,108
4,125,2057,74.2,76.1,10,0,0,-1,26166,3,78,59
8,1473,2053,76.6,77.3,10,0,0,-1,40164,3,78,71
12,1421,2053,92.6,93.3,10,0,0,-1,25166,3,94,87
14,1335,2053,73.6,74.3,10,0,0,-1,22666,3,75,68
21,1767,2061,119.8,121.9,10,0,0,-1,30332,3,124,103
17,905,2000,125.8,127.9,10,0,0,-1,43164,3,145,109
3,556,334,119.2,120.6,10,0,0,-1,51830,3,122,108
0,1781,1099,149.8,151.9,10,0,0,-1,73994,3,154,133
41,462,2051,169.1,177.7,10,0,0,-1,29332,5,53,43
15,169,2059,114.2,116.6,10,0,0,-1,30832,5,107,95
179,829,2076,127.1,131.7,10,0,0,-1,15500,5,50,23
11,1282,1998,95.8,96.9,10,0,0,-1,44664,3,98,87
79,1825,2022,165.3,173.1,10,0,0,-1,29332,5,52,39
77,824,2027,180.2,189.4,10,0,0,-1,30332,5,60,46
177,882,2069,159.3,167.1,10,0,0,-1,20666,5,54,39
150,800,2051,139.2,146.4,10,0,0,-1,20166,5,70,36
6,979,2052,133.2,135.6,10,0,0,-1,48330,3,138,114
45,1842,2025,179.2,188.4,10,0,0,-1,19166,5,55,46
113,66,2002,151.6,159.2,10,0,0,-1,22666,5,38,38
188,1141,2066,174.1,182.7,10,0,0,-1,29832,5,58,43
140,1080,2024,159.4,165.8,10,0,0,-1,16000,5,43,32
22,1013,2015,78.4,80.2,10,0,0,-1,42664,3,100,64
159,462,2054,177.2,186.4,10,0,0,-1,29332,5,53,46
174,1789,2078,202.3,212.1,10,0,0,-1,21166,5,70,49
40,960,846,205,215,10,0,0,-1,42664,5,70,50
136,1960,2040,161.3,169.1,10,0,0,-1,16500,5,56,39
148,1092,2037,155.1,161.7,10,0,0,-1,18500,5,66,33
192,1915,2068,144.2,151.4,10,0,0,-1,15000,5,47,36
170,1574,2070,198.3,208.1,10,0,0,-1,30332,5,66,49
1,1973,1753,151.4,152.2,10,0,0,-1,73328,3,153,145
25,561,2022,68.6,69.8,10,0,0,-1,17500,3,71,59
176,1597,2078,206,216,10,0,0,-1,30332,5,71,50
133,971,2003,176.4,184.8,10,0,0,-1,20166,5,63,42
42,460,2040,170.7,178.9,10,0,0,-1,16000,5,60,41
75,934,2032,161.4,169.8,10,0,0,-1,17000,5,48,42
178,593,2066,182,190,10,0,0,-1,22666,5,45,40
152,1143,2028,216.9,228.3,10,0,0,-1,40998,5,63,57
180,1106,2069,194.3,204.1,10,0,0,-1,27832,5,59,49
72,1657,2008,186.9,196.3,10,0,0,-1,17000,5,54,47
19,1807,2060,86.8,87.9,10,0,0,-1,34998,3,89,78
92,335,2042,175.8,184.6,10,0,0,-1,20166,5,57,44
66,666,2027,191.2,200.4,10,0,0,-1,17500,5,57,46
144,1297,2041,180.9,190.3,10,0,0,-1,17000,5,54,47
9,1671,2059,89.8,90.9,10,0,0,-1,37498,3,92,81
5,1714,2061,94.8,95.9,10,0,0,-1,37498,3,97,86
48,1574,2042,198,208,10,0,0,-1,31332,5,63,50
2,745,980,114.6,115.8,10,0,0,-1,46664,3,117,105
93,393,2051,183.9,193.3,10,0,0,-1,31332,5,57,47
112,659,2046,161.4,169.8,10,0,0,-1,25166,5,78,42
106,1764,2027,208.6,218.2,10,0,0,-1,21000,5,73,48
91,1440,2030,193,203,10,0,0,-1,23666,5,58,50
111,603,2051,172.5,181.5,10,0,0,-1,30332,5,79,45
71,826,2042,188.2,197.4,10,0,0,-1,37498,5,76,46
109,1456,2026,206.7,216.9,10,0,0,-1,31832,5,69,51
57,309,2025,196,206,10,0,0,-1,30332,5,61,50
171,203,2066,209.3,219.1,10,0,0,-1,37998,5,49,49
10,617,2028,135.6,137.3,10,0,0,-1,66662,3,140,122
157,1742,2063,192.9,202.3,10,0,0,-1,16500,5,66,47
117,213,2055,199,209,10,0,0,-1,29832,5,64,50
90,248,2017,201.7,211.9,10,0,0,-1,31332,5,64,51
44,1538,2030,230.3,242.1,10,0,0,-1,26666,5,71,59
94,1866,2038,190.9,200.3,10,0,0,-1,21000,5,64,47
82,1529,2001,223.9,235.3,10,0,0,-1,32332,5,70,57
29,864,2072,78.6,81.3,10,0,0,-1,44330,3,102,57
54,1238,2012,197.7,205.9,10,0,0,-1,19000,5,87,41
163,1554,2027,226.4,236.8,10,0,0,-1,27166,5,73,52
189,864,2072,237.9,249.3,10,0,0,-1,44664,5,102,57
97,61,2025,227.5,238.5,10,0,0,-1,38998,5,79,55
181,1175,2071,254.3,266.1,10,0,0,-1,38498,5,95,59
154,994,2026,222.3,232.1,10,0,0,-1,32332,5,60,49
185,341,2079,237.4,249.8,10,0,0,-1,33832,5,70,62
193,890,2072,212,222,10,0,0,-1,23666,5,77,50
47,1551,2011,202.5,211.5,10,0,0,-1,25666,5,48,45
73,361,2054,251.2,264.4,10,0,0,-1,32332,5,73,66
63,1517,2011,213.2,222.4,10,0,0,-1,25666,5,89,46
87,1529,2031,230.3,242.1,10,0,0,-1,35832,5,71,59
161,1566,2024,235.6,247.2,10,0,0,-1,28166,5,79,58
67,822,2062,222.4,232.8,10,0,0,-1,32832,5,92,52
55,331,2002,216.5,227.5,10,0,0,-1,36332,5,55,55
149,1230,2050,212.8,223.6,10,0,0,-1,33332,5,67,54
60,185,2016,223.9,235.3,10,0,0,-1,23000,5,70,57
53,231,2057,210.6,220.2,10,0,0,-1,21500,5,81,48
110,1834,2021,264.5,277.5,10,0,0,-1,58496,5,90,65
107,1103,2019,202.5,211.5,10,0,0,-1,19000,5,86,45
173,636,2080,214.6,224.2,10,0,0,-1,32332,5,82,48
101,1299,2018,222.8,233.6,10,0,0,-1,24166,5,74,54
132,1108,2018,224.7,234.9,10,0,0,-1,25166,5,87,51
166,1590,2077,257.8,270.6,10,0,0,-1,39998,5,77,64
58,1822,2001,268,282,10,0,0,-1,45164,5,79,70
102,1538,2006,251.8,264.6,10,0,0,-1,29166,5,86,64
127,892,2031,203.7,213.9,10,0,0,-1,27166,5,79,51
141,17,2047,220.7,230.9,10,0,0,-1,23000,5,83,51
68,1574,2002,242.4,254.8,10,0,0,-1,35832,5,75,62
182,1968,2075,233.2,244.4,10,0,0,-1,39498,5,81,56
61,1918,2024,215.8,226.6,10,0,0,-1,32832,5,70,54
52,800,2062,214.2,225.4,10,0,0,-1,25666,5,57,56
172,826,2073,218.1,228.7,10,0,0,-1,39498,5,102,53
191,875,2069,263,275,10,0,0,-1,51330,5,86,60
123,1820,2043,250.4,262.8,10,0,0,-1,34332,5,83,62
51,9,2053,229.9,241.3,10,0,0,-1,29166,5,76,57
116,685,2029,213.2,224.4,10,0,0,-1,28166,5,62,56
151,130,2013,260.9,274.3,10,0,0,-1,50664,5,80,67
39,400,375,278.1,292.7,10,0,0,-1,56830,5,96,73
145,1481,2011,224.7,234.9,10,0,0,-1,21000,5,63,51
115,1450,2035,247.4,259.8,10,0,0,-1,39332,5,80,62
46,1011,2010,268.7,282.9,10,0,0,-1,35832,5,77,71
169,682,2080,244.2,255.4,10,0,0,-1,25666,5,92,56
138,561,2022,230.3,242.1,10,0,0,-1,21500,5,71,59
167,1413,2076,270.3,284.1,10,0,0,-1,45164,5,77,69
104,1969,2012,246.9,258.3,10,0,0,-1,36332,5,67,57
28,1517,2067,51.4,53.2,10,0,0,-1,28998,3,55,37
126,1240,1996,254.3,266.1,10,0,0,-1,35332,5,95,59
124,1013,2015,254.8,267.6,10,0,0,-1,48664,5,100,64
100,1048,2041,284.5,299.5,10,0,0,-1,33666,5,83,75
38,496,943,234.2,245.4,10,0,0,-1,24000,5,73,56
121,1685,2063,294.8,309.6,10,0,0,-1,53830,5,95,74
86,1562,2013,263.2,276.4,10,0,0,-1,37332,5,82,66
108,1638,2013,254.2,267.4,10,0,0,-1,43998,5,73,66
49,1193,2046,257.5,270.5,10,0,0,-1,41832,5,76,65
103,1828,2045,246.7,258.9,10,0,0,-1,26000,5,82,61
85,1335,2053,258.6,272.2,10,0,0,-1,30166,5,75,68
43,125,2057,237.3,249.1,10,0,0,-1,33166,5,78,59
186,1413,2074,266.6,280.2,10,0,0,-1,46164,5,83,68
160,1233,2048,326.5,343.5,10,0,0,-1,50664,5,97,85
88,1066,2012,273.5,286.5,10,0,0,-1,27000,5,86,65
84,1654,2041,293.5,308.5,10,0,0,-1,42998,5,82,75
120,1807,2060,299.6,315.2,10,0,0,-1,41498,5,89,78
168,487,2067,281.1,295.7,10,0,0,-1,34332,5,119,73
175,677,2066,296.7,310.9,10,0,0,-1,56830,5,76,71
96,460,2037,271.8,284.6,10,0,0,-1,26000,5,64,64
33,510,1398,244.8,257.6,10,0,0,-1,30666,5,68,64
135,1006,2011,258,270,10,0,0,-1,33666,5,79,60
37,386,847,289.5,304.5,10,0,0,-1,35832,5,75,75
65,1473,2053,269.7,283.9,10,0,0,-1,48664,5,78,71
70,908,2048,259.1,271.7,10,0,0,-1,27666,5,104,63
155,1632,2039,302.2,317.4,10,0,0,-1,38832,5,97,76
129,1537,2011,294.2,309.4,10,0,0,-1,36332,5,92,76
36,1556,859,309.6,325.2,10,0,0,-1,45498,5,99,78
164,1950,2031,238.5,249.5,10,0,0,-1,30666,5,64,55
69,1671,2059,310.7,326.9,10,0,0,-1,43998,5,92,81
13,1159,2050,103.4,105.7,10,0,0,-1,57662,3,106,85
83,1520,2012,256.9,268.3,10,0,0,-1,36832,5,103,57
134,1012,2016,273.1,285.7,10,0,0,-1,44498,5,112,63
78,1871,2026,290.2,305.4,10,0,0,-1,56830,5,85,76
64,1749,2019,267.6,281.2,10,0,0,-1,44498,5,81,68
62,1584,2045,290.5,305.5,10,0,0,-1,42832,5,88,75
32,1378,2080,110.4,111.7,10,0,0,-1,43330,3,115,100
81,913,1996,299.6,315.2,10,0,0,-1,44498,5,89,78
74,1179,2020,262.2,275.4,10,0,0,-1,29500,5,85,66
122,862,2003,272.6,286.2,10,0,0,-1,35832,5,89,68
95,1964,2010,290.5,305.5,10,0,0,-1,45998,5,88,75
76,151,2056,287.8,302.6,10,0,0,-1,45998,5,88,74
139,548,2005,294.5,309.5,10,0,0,-1,32666,5,91,75
128,1319,2018,309.6,325.2,10,0,0,-1,57830,5,99,78
34,915,1113,302,318,10,0,0,-1,53664,5,86,80
137,1834,2015,315.4,331.8,10,0,0,-1,63496,5,85,82
147,897,2035,287.2,302.4,10,0,0,-1,36166,5,94,76
146,571,2045,262.3,276.1,10,0,0,-1,27500,5,69,69
184,807,2080,316.4,332.8,10,0,0,-1,55330,5,95,82
143,1146,2057,283.7,297.9,10,0,0,-1,40832,5,71,71
98,1628,2034,313.3,329.1,10,0,0,-1,47998,5,100,79
153,1385,2005,282.1,294.7,10,0,0,-1,32666,5,81,63
114,1860,2060,268.7,282.9,10,0,0,-1,34332,5,77,71
162,954,2053,268.5,281.5,10,0,0,-1,31666,5,93,65
99,1268,2043,347.4,365.8,10,0,0,-1,58164,5,99,92
50,1674,2063,333.7,349.9,10,0,0,-1,57330,5,115,81
131,1479,2016,279.8,294.6,10,0,0,-1,33666,5,76,74
80,1652,2026,338.5,355.5,10,0,0,-1,59330,5,85,85
156,1530,2003,313.3,329.1,10,0,0,-1,46498,5,92,79
89,1924,2016,268.7,282.9,10,0,0,-1,37332,5,86,71
119,1807,2019,313.1,329.7,10,0,0,-1,44998,5,83,83
24,1462,2029,108.2,111.1,10,0,0,-1,50996,3,114,85
105,86,2018,334.6,352.2,10,0,0,-1,66496,5,97,88
56,1570,2034,341.3,357.1,10,0,0,-1,62330,5,128,79
142,101,2034,304.6,320.2,10,0,0,-1,34666,5,107,78
125,1462,2029,343.5,360.5,10,0,0,-1,51498,5,114,85
195,839,2067,344,362,10,0,0,-1,63996,5,101,90
35,1590,1338,328.1,344.7,10,0,0,-1,58164,5,104,83
118,293,2048,310.7,326.9,10,0,0,-1,58830,5,92,81
165,170,2048,359.8,378.6,10,0,0,-1,46498,5,106,94
