demandID,SourceID,DestinationID,MinDelay,MaxDelay,Bandwidth,Ishotstandby,DelayDifference,DisjointType,WorkOptCostRangeType,MinCostDelay,MinDelayDelay
112,274,460,162,170,10,1,0,0,28666,5,54,40
2,280,472,118.8,120.9,10,1,0,0,56662,3,123,102
179,143,460,215.1,225.7,10,1,0,0,34666,5,72,53
243,391,472,164.9,172.3,10,1,0,0,27166,5,65,37
88,287,461,182.8,191.6,10,1,0,0,25000,5,64,44
257,219,460,258.2,271.4,10,1,0,0,57164,5,80,66
49,315,467,198.6,208.2,10,1,0,0,36332,5,69,48
126,133,461,213.7,223.9,10,1,0,0,28000,5,76,51
113,133,461,213.7,223.9,10,1,0,0,28000,5,76,51
36,308,460,254.5,267.5,10,1,0,0,59664,5,79,65
253,314,473,196.8,205.6,10,1,0,0,29666,5,78,44
256,146,462,243.4,255.8,10,1,0,0,34166,5,64,62
107,370,473,196.8,205.6,10,1,0,0,42998,5,78,44
250,289,461,230.9,242.3,10,1,0,0,39832,5,77,57
151,278,460,250.8,263.6,10,1,0,0,63830,5,78,64
58,243,464,280,294,10,1,0,0,58664,5,91,70
140,78,460,280.4,294.8,10,1,0,0,57998,5,86,72
84,392,466,193.9,203.3,10,1,0,0,35832,5,67,47
233,388,475,224.3,236.1,10,1,0,0,39332,5,65,59
235,179,467,254.1,266.7,10,1,0,0,60164,5,84,63
194,286,468,205,215,10,1,0,0,27500,5,70,50
33,264,462,280.4,294.8,10,1,0,0,48332,5,74,72
75,297,475,226.5,237.5,10,1,0,0,33166,5,78,55
125,97,462,244,256,10,1,0,0,30000,5,70,60
133,305,460,295.2,310.4,10,1,0,0,77996,5,90,76
177,146,461,253.1,265.7,10,1,0,0,38166,5,83,63
234,163,460,321.1,337.7,10,1,0,0,76330,5,97,83
160,238,472,210.1,220.7,10,1,0,0,31500,5,67,53
141,240,468,244.4,256.8,10,1,0,0,39166,5,77,62
236,257,461,276.1,290.7,10,1,0,0,60664,5,79,73
78,366,461,267.9,281.3,10,1,0,0,55664,5,87,67
165,247,461,275.3,289.1,10,1,0,0,47332,5,89,69
255,158,471,218.7,228.9,10,1,0,0,33500,5,82,51
79,105,473,244.9,256.3,10,1,0,0,55498,5,91,57
244,247,461,275.3,289.1,10,1,0,0,47332,5,89,69
158,261,473,221,231,10,1,0,0,30500,5,64,50
239,34,469,285,299,10,1,0,0,60998,5,96,70
221,41,466,273,287,10,1,0,0,57998,5,76,70
60,166,462,310,326,10,1,0,0,59998,5,82,80
92,361,462,299.3,313.1,10,1,0,0,60664,5,101,69
208,303,466,284.1,298.7,10,1,0,0,61664,5,87,73
213,358,471,266.8,279.6,10,1,0,0,50166,5,95,64
197,246,462,302.6,318.2,10,1,0,0,58998,5,80,78
240,318,470,192.8,201.6,10,1,0,0,54330,5,74,44
173,34,462,276.7,290.9,10,1,0,0,83160,5,73,71
118,295,462,326.1,342.7,10,1,0,0,67498,5,90,83
195,65,461,290.1,304.7,10,1,0,0,65664,5,93,73
23,207,452,311.3,327.1,10,1,0,0,64998,5,98,79
82,66,468,266.6,280.2,10,1,0,0,57498,5,83,68
69,304,462,332.2,349.4,10,1,0,0,75830,5,100,86
224,379,472,226.3,238.1,10,1,0,0,52498,5,59,59
59,99,462,314.3,330.1,10,1,0,0,60832,5,89,79
38,147,469,259.1,271.7,10,1,0,0,49332,5,89,63
63,155,462,310,326,10,1,0,0,57332,5,82,80
251,148,468,262.9,276.3,10,1,0,0,57498,5,82,67
161,269,466,321.1,337.7,10,1,0,0,61998,5,89,83
186,269,466,321.1,337.7,10,1,0,0,61998,5,89,83
229,311,473,221,231,10,1,0,0,42666,5,86,50
248,66,474,243.4,255.8,10,1,0,0,56998,5,76,62
45,312,473,198.8,207.6,10,1,0,0,33000,5,58,44
19,274,459,224.9,236.3,10,1,0,0,41666,5,71,57
202,318,466,191.6,201.2,10,1,0,0,40332,5,54,48
57,17,469,278.2,291.4,10,1,0,0,47666,5,100,66
102,36,461,341.9,359.3,10,1,0,0,108992,5,107,87
117,96,462,327.6,343.2,10,1,0,0,73164,5,105,78
116,101,462,326.2,341.4,10,1,0,0,69164,5,109,76
232,195,474,247.1,259.7,10,1,0,0,62498,5,77,63
129,214,468,296.2,311.4,10,1,0,0,64998,5,91,76
120,366,475,258.5,271.5,10,1,0,0,57164,5,83,65
260,142,474,292.8,307.6,10,1,0,0,61332,5,93,74
206,318,471,237.2,248.4,10,1,0,0,51832,5,87,56
178,346,473,285.6,299.2,10,1,0,0,63998,5,102,68
211,307,466,306.3,322.1,10,1,0,0,76330,5,85,79
67,244,466,314.4,328.8,10,1,0,0,67830,5,112,72
109,244,466,314.4,328.8,10,1,0,0,67830,5,112,72
185,163,462,365.5,384.5,10,1,0,0,80830,5,97,95
168,155,468,318.4,334.8,10,1,0,0,63332,5,97,82
182,330,474,273,287,10,1,0,0,60832,5,84,70
110,97,471,256.3,268.1,10,1,0,0,45500,5,98,59
32,147,472,273,287,10,1,0,0,60332,5,84,70
252,288,475,177.1,185.7,10,1,0,0,31166,5,61,43
170,193,470,285.3,299.1,10,1,0,0,87494,5,99,69
54,151,470,289,303,10,1,0,0,80996,5,100,70
148,166,469,318.3,334.1,10,1,0,0,70498,5,109,79
238,35,461,338.2,355.4,10,1,0,0,91494,5,106,86
215,48,473,293,307,10,1,0,0,97992,5,104,70
144,305,461,349.3,367.1,10,1,0,0,86496,5,109,89
93,166,475,310.3,326.1,10,1,0,0,58998,5,97,79
50,173,461,257.6,271.2,10,1,0,0,84660,5,74,68
115,50,473,300.4,314.8,10,1,0,0,112324,5,106,72
66,155,475,310.3,326.1,10,1,0,0,57332,5,97,79
242,293,464,325.5,342.5,10,1,0,0,109992,5,96,85
254,49,473,296.7,310.9,10,1,0,0,105658,5,105,71
124,393,467,223.5,234.5,10,1,0,0,48998,5,84,55
220,39,462,402.5,423.5,10,1,0,0,121658,5,107,105
143,163,466,332.2,349.4,10,1,0,0,78330,5,92,86
136,154,475,321.4,337.8,10,1,0,0,66498,5,100,82
157,293,465,329.2,346.4,10,1,0,0,74330,5,97,86
132,17,460,225.5,236.5,10,1,0,0,34666,5,77,55
231,194,468,311,327,10,1,0,0,74164,5,95,80
216,128,467,336.5,353.5,10,1,0,0,108992,5,107,85
34,257,473,293,307,10,1,0,0,72162,5,104,70
47,27,461,375.8,394.6,10,1,0,0,105660,5,122,94
91,246,460,258.2,271.4,10,1,0,0,55498,5,80,66
147,20,462,399.4,419.8,10,1,0,0,109160,5,112,102
174,361,475,299.6,313.2,10,1,0,0,67330,5,116,68
166,94,475,299.2,314.4,10,1,0,0,78162,5,94,76
73,163,474,350.7,368.9,10,1,0,0,89496,5,105,91
154,205,467,368.2,387.4,10,1,0,0,116492,5,109,96
80,154,470,289,303,10,1,0,0,99494,5,100,70
159,154,461,330.8,347.6,10,1,0,0,68998,5,104,84
121,204,473,341.1,357.7,10,1,0,0,114324,5,117,83
65,330,472,310,326,10,1,0,0,97826,5,94,80
192,281,461,382.6,402.2,10,1,0,0,116492,5,118,98
90,63,469,354.3,372.1,10,1,0,0,76830,5,114,89
104,341,472,236,248,10,1,0,0,48666,5,74,60
123,268,467,361.2,380.4,10,1,0,0,88496,5,102,96
217,78,474,310,326,10,1,0,0,93328,5,94,80
245,150,471,318.6,334.2,10,1,0,0,87162,5,109,78
134,67,473,250.6,262.2,10,1,0,0,57332,5,94,58
86,378,461,268.7,282.9,10,1,0,0,66330,5,77,71
53,167,472,298.9,314.3,10,1,0,0,96994,5,91,77
149,242,468,351.7,369.9,10,1,0,0,103160,5,106,91
225,95,461,334.5,351.5,10,1,0,0,83162,5,105,85
162,168,461,219.8,230.6,10,1,0,0,35666,5,74,54
46,295,470,294,308,10,1,0,0,90828,5,105,70
172,101,475,326.5,341.5,10,1,0,0,73164,5,124,75
21,15,453,299.5,314.5,10,1,0,0,47500,5,97,75
247,167,471,289,303,10,1,0,0,66332,5,101,70
18,319,457,286,300,10,1,0,0,51666,5,97,70
175,154,474,306.3,322.1,10,1,0,0,100494,5,93,79
181,243,470,310,324,10,1,0,0,74164,5,121,70
61,301,460,180.5,189.5,10,1,0,0,40332,5,59,45
56,166,473,324.6,340.2,10,1,0,0,103828,5,92,78
114,95,473,339.4,355.8,10,1,0,0,110660,5,96,82
72,153,461,341.9,359.3,10,1,0,0,97328,5,107,87
22,423,448,292.9,308.3,10,1,0,0,106992,5,85,77
37,163,468,373.9,393.3,10,1,0,0,121658,5,112,97
145,191,474,343.2,360.4,10,1,0,0,125656,5,111,86
26,123,445,217.5,228.5,10,1,0,0,44332,5,69,55
87,96,472,349.8,366.6,10,1,0,0,115326,5,123,84
171,66,470,226.1,236.7,10,1,0,0,60998,5,83,53
180,306,468,389,409,10,1,0,0,129158,5,119,100
207,304,473,346.8,363.6,10,1,0,0,119324,5,120,84
77,334,466,420.6,442.2,10,1,0,0,133658,5,129,108
103,35,468,336.9,354.3,10,1,0,0,109826,5,102,87
218,205,472,405.8,426.6,10,1,0,0,136656,5,125,104
85,154,471,333.4,349.8,10,1,0,0,105994,5,113,82
152,76,469,384.9,404.3,10,1,0,0,120992,5,123,97
16,40,452,389,409,10,1,0,0,129490,5,119,100
205,293,469,395.9,415.3,10,1,0,0,120992,5,138,97
203,266,468,362.8,381.6,10,1,0,0,90496,5,109,94
29,436,445,287.5,302.5,10,1,0,0,65664,5,85,75
94,205,473,398.2,417.4,10,1,0,0,134656,5,117,96
100,310,471,222.4,232.8,10,1,0,0,51332,5,83,52
51,164,468,392.4,412.8,10,1,0,0,127492,5,117,102
74,77,471,370.4,388.8,10,1,0,0,120158,5,122,92
44,291,467,276.1,290.7,10,1,0,0,68164,5,79,73
219,393,470,242,254,10,1,0,0,91160,5,80,60
169,22,470,430.2,451.4,10,1,0,0,149322,5,144,106
189,332,468,436.8,459.6,10,1,0,0,128326,5,129,114
96,267,474,384,404,10,1,0,0,122824,5,114,100
146,26,475,396,416,10,1,0,0,118992,5,126,100
76,77,472,380.3,400.1,10,1,0,0,125658,5,113,99
35,41,471,318.6,334.2,10,1,0,0,139822,5,109,78
99,267,475,399.1,419.7,10,1,0,0,118992,5,121,103
39,23,470,433.9,455.3,10,1,0,0,154322,5,145,107
52,281,473,387.5,406.5,10,1,0,0,131324,5,109,95
135,23,466,432.7,454.9,10,1,0,0,142156,5,125,111
156,158,462,206.4,216.8,10,1,0,0,27500,5,54,52
183,216,474,410.9,432.3,10,1,0,0,131490,5,122,107
31,160,471,289,303,10,1,0,0,87994,5,101,70
24,343,443,161.4,169.8,10,1,0,0,25000,5,48,42
25,94,457,374.8,393.6,10,1,0,0,104494,5,121,94
122,293,472,409.8,430.6,10,1,0,0,135824,5,129,104
97,20,473,414,434,10,1,0,0,132990,5,122,100
28,18,458,371.7,389.9,10,1,0,0,107994,5,126,91
228,21,475,444.1,466.7,10,1,0,0,134824,5,139,113
40,140,472,433.4,455.8,10,1,0,0,133658,5,131,112
119,25,475,455.2,478.4,10,1,0,0,136490,5,142,116
237,335,474,423.4,443.8,10,1,0,0,141488,5,148,102
201,158,462,206.4,216.8,10,1,0,0,27500,5,54,52
204,58,461,165.1,173.7,10,1,0,0,21500,5,49,43
41,280,472,398.4,418.8,10,1,0,0,139990,5,123,102
190,349,473,419.1,439.7,10,1,0,0,141656,5,141,103
131,267,473,413.4,433.8,10,1,0,0,132990,5,116,102
64,24,474,443.8,466.6,10,1,0,0,149322,5,136,114
199,97,466,210.7,220.9,10,1,0,0,29000,5,65,51
241,363,467,202.3,212.1,10,1,0,0,32166,5,70,49
20,364,458,257.2,270.4,10,1,0,0,48832,5,79,66
164,270,471,344.5,361.5,10,1,0,0,103828,5,116,85
187,23,471,478.3,502.1,10,1,0,0,160156,5,158,119
230,66,469,266.5,279.5,10,1,0,0,58498,5,95,65
98,67,469,244.3,256.1,10,1,0,0,46832,5,89,59
191,276,468,251.8,264.6,10,1,0,0,56498,5,79,64
111,339,466,206.4,216.8,10,1,0,0,46998,5,58,52
108,357,467,172.5,181.5,10,1,0,0,21500,5,51,45
105,69,473,191.4,199.8,10,1,0,0,32500,5,56,42
155,186,467,213.4,223.8,10,1,0,0,38832,5,73,52
43,327,473,191.4,199.8,10,1,0,0,35000,5,78,42
193,339,467,224.3,236.1,10,1,0,0,51498,5,82,59
95,329,467,209.5,220.5,10,1,0,0,37666,5,78,55
128,16,467,236,248,10,1,0,0,34000,5,91,60
150,211,474,150.9,158.3,10,1,0,0,20500,5,51,37
259,102,473,156.1,162.7,10,1,0,0,23000,5,67,33
130,222,467,168.8,177.6,10,1,0,0,30666,5,67,44
81,249,467,180.1,188.7,10,1,0,0,26500,5,43,43
17,396,449,195.3,205.1,10,1,0,0,35166,5,63,49
127,239,469,174,182,10,1,0,0,27000,5,70,40
