demandID,SourceID,DestinationID,MinDelay,MaxDelay,Bandwidth,Ishotstandby,DelayDifference,DisjointType,WorkOptCostRangeType,MinCostDelay,MinDelayDelay
141,1969,2045,185.8,194.6,10,1,0,0,45164,5,44,44
170,765,2068,194,204,10,1,0,0,27666,5,50,50
175,516,2063,157.7,165.9,10,1,0,0,21000,5,47,41
117,1823,2018,168,176,10,1,0,0,30332,5,60,40
83,722,1994,179.9,189.3,10,1,0,0,27166,5,60,47
97,743,2042,221.5,232.5,10,1,0,0,25666,5,84,55
160,1581,2057,222.6,234.2,10,1,0,0,43498,5,66,58
102,1226,1986,216.5,225.5,10,1,0,0,25666,5,95,45
138,603,1995,211,221,10,1,0,0,29666,5,57,50
60,678,1993,197.1,205.7,10,1,0,0,20000,5,81,43
74,1947,1992,179.5,188.5,10,1,0,0,29832,5,45,45
127,1002,2012,216.7,226.9,10,1,0,0,32332,5,79,51
61,1568,2020,205.1,215.7,10,1,0,0,21500,5,62,53
131,1370,2042,206.7,216.9,10,1,0,0,21500,5,69,51
55,605,2016,232.7,244.9,10,1,0,0,44998,5,68,61
48,1048,2005,207.6,217.2,10,1,0,0,21500,5,78,48
93,1140,2019,232.3,244.1,10,1,0,0,42498,5,73,59
109,1101,2018,243.4,255.8,10,1,0,0,41498,5,76,62
82,518,2046,244.8,257.6,10,1,0,0,34166,5,75,64
49,1121,2010,181.1,189.7,10,1,0,0,35832,5,65,43
95,1284,2017,229,241,10,1,0,0,41998,5,67,60
167,659,2062,239.1,251.7,10,1,0,0,26666,5,69,63
72,712,2045,247.4,259.8,10,1,0,0,32666,5,80,62
122,1369,2014,216.9,228.3,10,1,0,0,22000,5,60,57
176,843,2067,235.7,247.9,10,1,0,0,35332,5,71,61
128,854,2046,244.9,256.3,10,1,0,0,25000,5,102,57
62,643,1986,244.3,256.1,10,1,0,0,40332,5,85,59
106,779,2033,215,225,10,1,0,0,21500,5,80,50
45,1578,2031,230.6,242.2,10,1,0,0,24000,5,74,58
86,1895,2005,237,249,10,1,0,0,33832,5,75,60
116,944,2034,269.7,283.9,10,1,0,0,39332,5,77,71
168,1017,2063,224.7,234.9,10,1,0,0,24000,5,87,51
144,1039,2039,245.4,257.8,10,1,0,0,31666,5,87,62
133,872,2047,256.7,268.9,10,1,0,0,39332,5,92,61
157,153,2031,228.9,240.3,10,1,0,0,31166,5,57,57
173,907,2065,262.9,276.3,10,1,0,0,38832,5,70,67
50,643,1993,264.2,277.4,10,1,0,0,42832,5,86,66
53,1304,2003,268.6,282.2,10,1,0,0,37832,5,85,68
115,1969,2040,249.5,262.5,10,1,0,0,48164,5,92,65
71,383,1987,258.8,271.6,10,1,0,0,26000,5,67,64
100,530,1986,285,299,10,1,0,0,43332,5,70,70
46,1129,2009,242.6,254.2,10,1,0,0,30000,5,86,58
149,70,2049,227.3,239.1,10,1,0,0,38332,5,59,59
76,1557,2016,257.9,271.3,10,1,0,0,47998,5,77,67
177,716,2057,310.3,326.1,10,1,0,0,49998,5,97,79
171,613,2065,262.2,275.4,10,1,0,0,32666,5,84,66
80,1037,2012,250.2,263.4,10,1,0,0,44998,5,72,66
153,1934,2040,223.6,235.2,10,1,0,0,21500,5,58,58
174,510,2067,318.1,334.7,10,1,0,0,68996,5,94,83
104,1771,2054,265.8,278.6,10,1,0,0,41166,5,84,64
44,1653,2054,273.2,286.4,10,1,0,0,41666,5,86,66
51,1275,2052,281.4,295.8,10,1,0,0,31500,5,87,72
132,765,2024,268,282,10,1,0,0,39666,5,83,70
134,1038,2031,285.4,299.8,10,1,0,0,40332,5,91,72
159,470,2066,269,283,10,1,0,0,39332,5,70,70
56,1125,1988,242.3,254.1,10,1,0,0,35332,5,83,59
68,1370,2013,269.1,281.7,10,1,0,0,28500,5,104,63
75,1268,2012,233.7,245.9,10,1,0,0,32332,5,69,61
101,1967,2003,299.2,314.4,10,1,0,0,68496,5,94,76
164,1474,2068,286.5,301.5,10,1,0,0,55164,5,75,75
136,1446,2018,266.3,280.1,10,1,0,0,47998,5,80,69
47,1198,2030,249.6,261.2,10,1,0,0,26000,5,93,58
119,613,2041,268.4,280.8,10,1,0,0,35166,5,101,62
84,1490,1987,312.7,328.9,10,1,0,0,51998,5,94,81
114,830,1998,300.9,316.3,10,1,0,0,50998,5,77,77
125,615,2033,285.6,299.2,10,1,0,0,32500,5,85,68
158,1488,2059,311.4,327.8,10,1,0,0,65330,5,90,82
130,1935,1986,237.3,249.1,10,1,0,0,29166,5,78,59
126,1385,2003,302.9,318.3,10,1,0,0,42832,5,95,77
69,1340,1994,283.3,297.1,10,1,0,0,30000,5,78,69
113,1200,2046,226.2,237.4,10,1,0,0,29666,5,56,56
172,1035,2063,318.8,335.6,10,1,0,0,63830,5,92,84
108,1902,2002,305.3,321.1,10,1,0,0,57664,5,94,79
92,1633,2032,311.7,327.9,10,1,0,0,42666,5,96,81
73,1652,2017,308.2,323.4,10,1,0,0,48332,5,103,76
150,1017,2030,275.8,288.6,10,1,0,0,31000,5,103,64
156,1015,2047,299.6,315.2,10,1,0,0,37166,5,89,78
129,1287,1994,327.9,345.3,10,1,0,0,49998,5,93,87
169,1902,2069,279.4,293.8,10,1,0,0,52164,5,85,72
151,902,2054,333.6,349.2,10,1,0,0,50332,5,98,78
78,404,2056,338.3,356.1,10,1,0,0,41166,5,114,89
111,1262,1989,314.9,330.3,10,1,0,0,45832,5,88,77
107,486,2036,326.5,343.5,10,1,0,0,40500,5,97,85
90,1269,1989,263.1,275.7,10,1,0,0,33166,5,74,63
91,1458,2018,280.4,294.8,10,1,0,0,45832,5,86,72
154,1162,2034,310.6,326.2,10,1,0,0,45832,5,85,78
39,1896,268,309,325,10,1,0,0,45332,5,93,80
98,1357,1994,311.8,326.6,10,1,0,0,46832,5,98,74
88,1779,2052,344,362,10,1,0,0,54332,5,101,90
79,377,1986,374.2,393.4,10,1,0,0,66330,5,96,96
70,213,2037,291,305,10,1,0,0,43166,5,102,70
40,717,1470,341,359,10,1,0,0,68164,5,98,90
123,708,2030,354.5,371.5,10,1,0,0,64164,5,125,85
137,978,2029,323.3,339.1,10,1,0,0,61664,5,110,79
66,1055,2051,345.2,362.4,10,1,0,0,45166,5,113,86
142,1016,2037,330.5,347.5,10,1,0,0,39500,5,110,85
87,786,2025,344.5,361.5,10,1,0,0,66830,5,115,85
85,408,2041,351.3,369.1,10,1,0,0,52332,5,111,89
120,1356,2039,311.9,327.3,10,1,0,0,43666,5,104,77
99,1017,2031,315.3,331.1,10,1,0,0,34500,5,102,79
42,1304,325,326,342,10,1,0,0,53832,5,110,80
112,1949,1995,307.6,323.2,10,1,0,0,48998,5,97,78
135,438,2039,366.2,385.4,10,1,0,0,81996,5,118,96
