demandID,SourceID,DestinationID,MinDelay,MaxDelay,Bandwidth,Ishotstandby,DelayDifference,DisjointType,WorkOptCostRangeType,MinCostDelay,MinDelayDelay
70,358,456,219.4,229.8,10,0,0,-1,29666,5,79,52
7,318,471,100.8,102.9,10,0,0,-1,48996,3,105,84
1,337,470,107.8,108.9,10,0,0,-1,30332,3,110,99
3,212,472,109.6,112.8,10,0,0,-1,43830,3,120,84
162,104,464,143.2,150.4,10,0,0,-1,23666,5,46,36
118,386,460,193.9,203.3,10,0,0,-1,29166,5,67,47
59,24,469,151.6,159.2,10,0,0,-1,20000,5,39,38
167,13,464,154.3,162.1,10,0,0,-1,17000,5,53,39
5,175,466,134.2,135.6,10,0,0,-1,63828,3,137,123
111,323,463,144.9,152.3,10,0,0,-1,17500,5,49,37
97,323,457,141.2,148.4,10,0,0,-1,18500,5,48,36
55,249,469,177.5,186.5,10,0,0,-1,21500,5,56,45
64,358,460,205.4,215.8,10,0,0,-1,30666,5,65,52
67,34,457,158,166,10,0,0,-1,25666,5,40,40
95,89,455,241,253,10,0,0,-1,51664,5,83,60
157,184,455,177,185,10,0,0,-1,38998,5,68,40
127,358,463,228.8,239.6,10,0,0,-1,32666,5,83,54
93,388,459,230.9,242.3,10,0,0,-1,47498,5,77,57
6,89,468,92.6,94.3,10,0,0,-1,47496,3,96,79
40,251,455,232,244,10,0,0,-1,42332,5,68,60
123,414,464,217.2,228.4,10,0,0,-1,31666,5,56,56
107,334,457,170.8,179.6,10,0,0,-1,20500,5,56,44
4,318,458,98.8,100.4,10,0,0,-1,52996,3,113,86
66,208,467,181.9,191.3,10,0,0,-1,28166,5,59,47
80,323,458,159.7,167.9,10,0,0,-1,20500,5,64,41
47,358,461,236.2,247.4,10,0,0,-1,34666,5,85,56
161,117,460,180.2,189.4,10,0,0,-1,26666,5,46,46
45,189,469,224.9,236.3,10,0,0,-1,43998,5,71,57
165,249,460,174.5,183.5,10,0,0,-1,20500,5,53,45
65,182,470,183.1,191.7,10,0,0,-1,26666,5,65,43
10,77,447,229.6,241.2,10,0,0,-1,45998,5,73,58
96,249,457,180.2,189.4,10,0,0,-1,21500,5,54,46
83,388,464,235.7,247.9,10,0,0,-1,47498,5,71,61
79,375,457,289.4,303.8,10,0,0,-1,47498,5,95,72
164,263,471,203.7,213.9,10,0,0,-1,30166,5,64,51
138,49,471,207.4,217.8,10,0,0,-1,23500,5,65,52
90,33,467,198.7,208.9,10,0,0,-1,35832,5,51,51
172,26,472,202.4,212.8,10,0,0,-1,36332,5,52,52
156,323,468,179.2,188.4,10,0,0,-1,22500,5,52,46
39,184,459,188.4,196.8,10,0,0,-1,36998,5,70,42
89,262,461,191.3,201.1,10,0,0,-1,21500,5,57,49
143,374,460,238.3,250.1,10,0,0,-1,44332,5,79,59
106,72,460,242.8,255.6,10,0,0,-1,49164,5,70,64
140,421,464,228.3,240.1,10,0,0,-1,42332,5,59,59
94,324,458,185.6,195.2,10,0,0,-1,22500,5,71,48
100,375,460,286.7,300.9,10,0,0,-1,47498,5,95,71
69,393,455,388.7,408.9,10,0,0,-1,88996,5,116,101
73,389,456,315.2,330.4,10,0,0,-1,62164,5,76,76
2,199,464,129.2,130.6,10,0,0,-1,62162,3,132,118
91,33,461,195.3,205.1,10,0,0,-1,35832,5,49,49
173,26,456,228.3,240.1,10,0,0,-1,36832,5,59,59
71,240,470,258.2,271.4,10,0,0,-1,39332,5,80,66
128,240,470,258.2,271.4,10,0,0,-1,39332,5,80,66
20,159,450,218.2,229.4,10,0,0,-1,27000,5,67,56
23,68,450,214.5,225.5,10,0,0,-1,27000,5,66,55
120,423,462,263.6,277.2,10,0,0,-1,33000,5,68,68
28,343,465,226.3,238.1,10,0,0,-1,31666,5,71,59
52,26,467,250.5,263.5,10,0,0,-1,39332,5,65,65
81,185,471,247.1,259.7,10,0,0,-1,40332,5,81,63
46,375,471,290.1,302.7,10,0,0,-1,47498,5,120,63
17,111,446,306,322,10,0,0,-1,66330,5,112,80
84,309,464,243.1,255.7,10,0,0,-1,40332,5,73,63
131,31,460,228.3,240.1,10,0,0,-1,51664,5,59,59
35,170,456,254.2,267.4,10,0,0,-1,39332,5,66,66
31,60,464,243.1,255.7,10,0,0,-1,41332,5,77,63
18,354,443,306.2,321.4,10,0,0,-1,53498,5,76,76
176,123,469,272.4,286.8,10,0,0,-1,43332,5,75,72
153,332,464,221.5,232.5,10,0,0,-1,40332,5,77,55
159,332,467,241.1,253.7,10,0,0,-1,41832,5,75,63
149,264,471,237,249,10,0,0,-1,41832,5,73,60
125,334,462,207.8,218.6,10,0,0,-1,26000,5,66,54
51,389,460,301.2,316.4,10,0,0,-1,65164,5,96,76
42,32,461,224.9,236.3,10,0,0,-1,46498,5,57,57
151,220,464,287.5,302.5,10,0,0,-1,59164,5,85,75
63,268,460,228.3,240.1,10,0,0,-1,39832,5,67,59
124,98,468,253.9,267.3,10,0,0,-1,42832,5,78,67
72,169,462,232,244,10,0,0,-1,34166,5,60,60
74,396,457,355.7,373.9,10,0,0,-1,63498,5,110,91
132,281,464,224.9,236.3,10,0,0,-1,41332,5,71,57
32,374,468,271,285,10,0,0,-1,47332,5,70,70
109,307,471,298.6,314.2,10,0,0,-1,58664,5,83,78
160,209,463,237.4,249.8,10,0,0,-1,42332,5,74,62
129,340,455,385.4,405.8,10,0,0,-1,73164,5,114,102
76,142,466,271,285,10,0,0,-1,56664,5,82,70
44,360,470,336.4,352.8,10,0,0,-1,60998,5,115,82
135,62,466,290.5,305.5,10,0,0,-1,56664,5,91,75
174,98,461,239.4,251.8,10,0,0,-1,42832,5,70,62
108,325,458,226.3,238.1,10,0,0,-1,35166,5,82,59
60,125,465,265,279,10,0,0,-1,39832,5,80,70
148,335,461,243.1,255.7,10,0,0,-1,29500,5,71,63
168,142,459,248.8,261.6,10,0,0,-1,55664,5,76,64
85,163,464,296.9,312.3,10,0,0,-1,59164,5,79,77
29,50,467,269,283,10,0,0,-1,38666,5,78,70
56,407,470,342,360,10,0,0,-1,71830,5,99,90
158,115,468,296.6,312.2,10,0,0,-1,51998,5,79,78
136,333,470,264.3,278.1,10,0,0,-1,38666,5,75,69
121,342,465,278.1,292.7,10,0,0,-1,44832,5,85,73
36,434,471,354.4,370.8,10,0,0,-1,64164,5,133,82
147,221,464,339.3,357.1,10,0,0,-1,70830,5,99,89
117,25,470,270,284,10,0,0,-1,38666,5,71,70
37,26,458,250.5,263.5,10,0,0,-1,42832,5,76,65
110,129,459,248.5,261.5,10,0,0,-1,39832,5,77,65
122,89,468,309.3,325.1,10,0,0,-1,58664,5,96,79
88,51,466,280.1,294.7,10,0,0,-1,45832,5,88,73
58,260,459,280.1,294.7,10,0,0,-1,38166,5,81,73
145,378,471,345.6,361.2,10,0,0,-1,64164,5,135,78
166,365,459,405.2,426.4,10,0,0,-1,105828,5,119,106
141,142,467,293.2,308.4,10,0,0,-1,60164,5,88,76
150,318,471,331.8,348.6,10,0,0,-1,65330,5,105,84
154,435,461,354,372,10,0,0,-1,70498,5,111,90
57,214,466,300.3,316.1,10,0,0,-1,46832,5,91,79
113,435,464,366.1,384.7,10,0,0,-1,67498,5,115,93
99,378,465,347.1,363.7,10,0,0,-1,62664,5,123,83
175,41,464,306.3,322.1,10,0,0,-1,76496,5,93,79
114,269,468,320.5,337.5,10,0,0,-1,54498,5,96,85
126,210,461,278.4,292.8,10,0,0,-1,53498,5,84,72
130,260,456,302.3,318.1,10,0,0,-1,40166,5,87,79
25,129,461,285.5,300.5,10,0,0,-1,44332,5,87,75
134,100,460,280.7,294.9,10,0,0,-1,58164,5,89,71
146,27,458,306,322,10,0,0,-1,55498,5,91,80
16,61,449,358.8,377.6,10,0,0,-1,61498,5,94,94
170,376,468,385.3,405.1,10,0,0,-1,62332,5,118,99
34,212,472,342.8,359.6,10,0,0,-1,59664,5,120,84
104,215,462,296.6,312.2,10,0,0,-1,42666,5,90,78
75,318,458,334.2,351.4,10,0,0,-1,67330,5,113,86
14,343,449,296.5,311.5,10,0,0,-1,43166,5,98,75
21,149,449,299.6,315.2,10,0,0,-1,49832,5,93,78
103,260,461,317.1,333.7,10,0,0,-1,45166,5,91,83
61,337,467,350.4,368.8,10,0,0,-1,55832,5,100,92
152,348,462,290.7,304.9,10,0,0,-1,52498,5,85,71
102,337,464,330.8,347.6,10,0,0,-1,53832,5,102,84
137,172,463,358.1,376.7,10,0,0,-1,69164,5,107,93
144,172,461,365.5,384.5,10,0,0,-1,69164,5,109,95
101,203,464,328.5,345.5,10,0,0,-1,60998,5,99,85
163,259,460,361.5,380.5,10,0,0,-1,55832,5,103,95
155,141,468,372.3,392.1,10,0,0,-1,75330,5,105,99
19,209,448,304.8,319.6,10,0,0,-1,52332,5,109,74
50,338,461,352.4,370.8,10,0,0,-1,62498,5,100,92
53,259,461,376.3,396.1,10,0,0,-1,61832,5,107,99
68,18,456,383.4,403.8,10,0,0,-1,73330,5,112,102
38,271,456,392.8,413.6,10,0,0,-1,77830,5,112,104
15,276,448,341.2,358.4,10,0,0,-1,54832,5,113,86
27,337,470,377.3,397.1,10,0,0,-1,62832,5,110,99
78,42,464,376.6,396.2,10,0,0,-1,115658,5,112,98
49,113,462,391.4,411.8,10,0,0,-1,79830,5,102,102
92,212,457,376.4,394.8,10,0,0,-1,67664,5,128,92
0,411,114,132.6,134.3,10,0,0,-1,72994,3,136,119
13,269,452,350.4,368.8,10,0,0,-1,63998,5,100,92
41,329,465,370.9,390.3,10,0,0,-1,72330,5,105,97
24,415,447,357.8,376.6,10,0,0,-1,56332,5,101,94
62,46,471,416,438,10,0,0,-1,122826,5,119,110
48,255,457,391.1,411.7,10,0,0,-1,80996,5,113,103
87,255,457,391.1,411.7,10,0,0,-1,80996,5,113,103
171,329,458,400.2,421.4,10,0,0,-1,81330,5,125,106
112,271,461,409.6,431.2,10,0,0,-1,100994,5,116,108
12,112,453,399.5,420.5,10,0,0,-1,81496,5,121,105
9,112,62,508.8,535.6,10,0,0,-1,146656,5,147,134
54,329,467,404.2,425.4,10,0,0,-1,81330,5,114,106
86,329,463,389.4,409.8,10,0,0,-1,79830,5,110,102
82,329,464,384.6,404.2,10,0,0,-1,79330,5,116,98
139,254,471,403.5,424.5,10,0,0,-1,91162,5,118,105
77,253,462,404.2,425.4,10,0,0,-1,94828,5,117,106
11,328,452,418.7,440.9,10,0,0,-1,84664,5,123,111
26,257,468,438.9,462.3,10,0,0,-1,102160,5,128,117
142,256,459,431.1,453.7,10,0,0,-1,108826,5,124,113
119,272,462,450.3,474.1,10,0,0,-1,121492,5,130,119
22,259,448,434.3,456.1,10,0,0,-1,92328,5,140,109
116,175,466,469.1,493.7,10,0,0,-1,126158,5,137,123
115,382,459,564.2,593.4,10,0,0,-1,163322,5,170,146
105,383,456,618.9,650.3,10,0,0,-1,175488,5,195,157
33,199,464,450.6,474.2,10,0,0,-1,120992,5,132,118
30,257,470,453.7,477.9,10,0,0,-1,110160,5,132,121
133,256,462,494,520,10,0,0,-1,117826,5,141,130
8,411,114,457.3,481.1,10,0,0,-1,115494,5,136,119
98,383,463,628.3,660.1,10,0,0,-1,197318,5,199,159
43,383,467,643.1,675.7,10,0,0,-1,200318,5,203,163
169,383,468,673.6,707.2,10,0,0,-1,202318,5,220,168
