demandID,SourceID,DestinationID,MinDelay,MaxDelay,Bandwidth,Ishotstandby,DelayDifference,DisjointType,WorkOptCostRangeType,MinCostDelay,MinDelayDelay
59,215,468,112.5,117.5,10,0,0,-1,12500,5,46,25
5,319,465,58.4,59.2,10,0,0,-1,19166,5,56,52
155,217,454,164.6,172.2,10,0,0,-1,22666,5,62,38
13,161,469,127,129,10,0,0,-1,68328,5,111,111
9,261,452,62,64,10,0,0,-1,22166,5,46,46
8,189,469,102,104,10,0,0,-1,37498,3,106,86
7,173,469,114,116,10,0,0,-1,44164,3,118,98
22,10,452,63,65,10,0,0,-1,28832,5,47,47
17,155,469,85,87,10,0,0,-1,28332,5,69,69
19,19,460,118.8,121.9,10,0,0,-1,47330,3,124,94
4,154,452,53,55,10,0,0,-1,22166,5,37,37
173,289,454,160.9,168.3,10,0,0,-1,18500,5,64,37
91,221,466,134.7,140.9,10,0,0,-1,20166,5,51,31
138,243,455,157.3,165.1,10,0,0,-1,27832,5,52,39
84,215,453,135,141,10,0,0,-1,14500,5,55,30
10,10,452,63,65,10,0,0,-1,28832,5,47,47
68,244,456,172.1,180.7,10,0,0,-1,34498,5,56,43
43,129,468,172.7,180.9,10,0,0,-1,23666,5,65,41
20,359,455,92,93.5,10,0,0,-1,41664,5,88,80
223,324,455,126,132,10,0,0,-1,15000,5,38,30
15,345,455,107,108.5,10,0,0,-1,34998,5,103,95
116,152,456,183.2,192.4,10,0,0,-1,24666,5,59,46
181,66,452,146.1,152.7,10,0,0,-1,18500,5,33,33
70,220,452,183.1,191.7,10,0,0,-1,34832,5,63,43
16,18,468,102.8,105.4,10,0,0,-1,48996,3,117,82
24,310,458,139,142,10,0,0,-1,59828,3,145,115
268,283,463,159,167,10,0,0,-1,29332,5,40,40
72,154,452,156.9,164.3,10,0,0,-1,25666,5,37,37
206,141,467,166,174,10,0,0,-1,31332,5,64,40
214,181,454,183.1,191.7,10,0,0,-1,32332,5,67,43
6,192,468,53.8,55.9,10,0,0,-1,16500,5,37,37
2,214,468,74.8,76.9,10,0,0,-1,23166,5,58,58
12,109,468,86.8,88.9,10,0,0,-1,29832,5,70,70
145,357,462,163.9,171.3,10,0,0,-1,30332,5,64,37
11,112,468,93.8,95.9,10,0,0,-1,36498,5,77,77
1,9,468,73.8,75.9,10,0,0,-1,36498,5,57,57
240,27,463,198.8,207.6,10,0,0,-1,35332,5,80,44
193,180,453,168.6,176.2,10,0,0,-1,26666,5,66,38
163,306,452,231.2,242.4,10,0,0,-1,50664,5,80,56
67,50,468,135.7,141.9,10,0,0,-1,17000,5,31,31
81,192,468,157.9,165.3,10,0,0,-1,17000,5,37,37
134,379,461,176.3,184.1,10,0,0,-1,16500,5,39,39
78,425,455,177.2,186.4,10,0,0,-1,29832,5,53,46
53,93,469,186.8,195.6,10,0,0,-1,29832,5,68,44
245,23,468,165.3,173.1,10,0,0,-1,23666,5,39,39
174,240,466,146.8,153.6,10,0,0,-1,17000,5,34,34
256,217,469,190.5,199.5,10,0,0,-1,26666,5,69,45
148,320,462,163.6,171.2,10,0,0,-1,28332,5,52,38
233,216,467,188.2,197.4,10,0,0,-1,20000,5,70,46
227,38,468,187.5,196.5,10,0,0,-1,21500,5,45,45
127,330,461,153.5,160.5,10,0,0,-1,17000,5,59,35
124,39,466,172.7,180.9,10,0,0,-1,18000,5,41,41
89,409,463,198.4,208.8,10,0,0,-1,41498,5,58,52
122,261,452,190.2,199.4,10,0,0,-1,29666,5,46,46
103,358,452,193,203,10,0,0,-1,45998,5,58,50
238,30,466,157.2,164.4,10,0,0,-1,22666,5,48,36
251,10,452,193.9,203.3,10,0,0,-1,36332,5,47,47
3,197,466,112.6,118.8,10,0,0,-1,44330,5,104,63
184,376,455,184.6,194.2,10,0,0,-1,31832,5,55,48
140,26,463,202.4,212.8,10,0,0,-1,30666,5,52,52
23,279,452,64,66,10,0,0,-1,27998,3,83,48
121,70,454,223.8,234.6,10,0,0,-1,23500,5,81,54
222,413,467,178.2,187.4,10,0,0,-1,20500,5,56,46
254,279,452,197.6,207.2,10,0,0,-1,28166,5,83,48
92,323,461,161.4,169.8,10,0,0,-1,23166,5,66,42
212,228,453,179.7,187.9,10,0,0,-1,20000,5,45,41
263,117,454,183.1,191.7,10,0,0,-1,26166,5,43,43
115,67,455,201.7,211.9,10,0,0,-1,26666,5,64,51
25,218,440,185.4,193.8,10,0,0,-1,33832,5,72,42
237,0,469,190.5,199.5,10,0,0,-1,20000,5,45,45
100,286,466,198.6,208.2,10,0,0,-1,42998,5,66,48
234,402,457,169.8,178.6,10,0,0,-1,18500,5,59,44
175,342,456,200.4,210.8,10,0,0,-1,20000,5,60,52
202,26,462,213.5,224.5,10,0,0,-1,28666,5,55,55
151,31,469,179.4,187.8,10,0,0,-1,24666,5,51,42
180,340,457,188.3,198.1,10,0,0,-1,25666,5,57,49
87,127,452,222.4,232.8,10,0,0,-1,29000,5,82,52
129,4,453,220.4,230.8,10,0,0,-1,43998,5,80,52
57,389,461,175.7,183.9,10,0,0,-1,25666,5,65,41
200,399,457,195.7,205.9,10,0,0,-1,35332,5,58,51
249,422,469,237.4,249.8,10,0,0,-1,29666,5,70,62
105,278,461,188.6,198.2,10,0,0,-1,18000,5,59,48
239,305,466,228.2,239.4,10,0,0,-1,41998,5,74,56
153,10,452,193.9,203.3,10,0,0,-1,36332,5,47,47
224,274,456,260.9,274.3,10,0,0,-1,32166,5,80,67
253,358,456,230,242,10,0,0,-1,42498,5,68,60
154,14,466,202.3,212.1,10,0,0,-1,27166,5,49,49
93,201,453,190.5,199.5,10,0,0,-1,28666,5,49,45
188,43,452,286.4,300.8,10,0,0,-1,52998,5,72,72
208,202,454,194.2,203.4,10,0,0,-1,22000,5,46,46
136,306,468,246.7,258.9,10,0,0,-1,50664,5,85,61
18,27,463,72.8,76.4,10,0,0,-1,40164,3,80,44
37,222,453,242.3,254.1,10,0,0,-1,46498,5,83,59
73,370,469,244.8,257.6,10,0,0,-1,49664,5,72,64
191,220,469,234.9,246.3,10,0,0,-1,38332,5,77,57
51,268,452,255.7,267.9,10,0,0,-1,39666,5,61,61
261,278,455,195.3,205.1,10,0,0,-1,20000,5,63,49
236,143,466,235.6,247.2,10,0,0,-1,52164,5,82,58
157,66,467,203,213,10,0,0,-1,22500,5,50,50
82,343,468,241.1,253.7,10,0,0,-1,31166,5,71,63
79,58,452,260.5,273.5,10,0,0,-1,63164,5,65,65
34,321,466,178.4,186.8,10,0,0,-1,35998,5,61,42
123,50,460,190.5,199.5,10,0,0,-1,23000,5,47,45
160,131,455,264.6,278.2,10,0,0,-1,48498,5,81,68
114,60,453,224.1,234.7,10,0,0,-1,38332,5,57,53
187,29,455,214.8,225.6,10,0,0,-1,34332,5,69,54
106,363,462,229.9,241.3,10,0,0,-1,35832,5,76,57
192,368,458,222.6,234.2,10,0,0,-1,36332,5,66,58
264,363,462,229.9,241.3,10,0,0,-1,35832,5,76,57
107,76,455,242.4,254.8,10,0,0,-1,28500,5,75,62
80,418,468,270.7,284.9,10,0,0,-1,55330,5,79,71
120,148,454,268.2,281.4,10,0,0,-1,62830,5,90,66
258,126,454,253.4,265.8,10,0,0,-1,32666,5,62,62
40,250,466,209.7,219.9,10,0,0,-1,29666,5,51,51
21,279,469,78,80,10,0,0,-1,28998,3,97,62
170,194,469,234.9,246.3,10,0,0,-1,31166,5,57,57
111,319,461,194.7,204.9,10,0,0,-1,26666,5,79,51
55,37,466,217.1,227.7,10,0,0,-1,32166,5,53,53
113,98,453,305.5,320.5,10,0,0,-1,58664,5,103,75
255,0,467,195.6,205.2,10,0,0,-1,25000,5,48,48
56,281,455,228.6,240.2,10,0,0,-1,27666,5,72,58
110,178,453,227.5,238.5,10,0,0,-1,29500,5,79,55
71,297,469,260.8,273.6,10,0,0,-1,36166,5,64,64
50,214,468,235.6,247.2,10,0,0,-1,32666,5,58,58
131,239,454,249.7,261.9,10,0,0,-1,36666,5,78,61
41,106,452,304.1,318.7,10,0,0,-1,56498,5,73,73
133,37,469,259.4,271.8,10,0,0,-1,36166,5,62,62
130,156,454,260.5,273.5,10,0,0,-1,49498,5,65,65
38,9,468,231.9,243.3,10,0,0,-1,45998,5,57,57
149,147,455,309,325,10,0,0,-1,70996,5,93,80
213,156,454,260.5,273.5,10,0,0,-1,49498,5,65,65
76,319,465,200.4,210.8,10,0,0,-1,27666,5,56,52
266,314,463,287.5,302.5,10,0,0,-1,49832,5,75,75
186,134,463,286.9,300.3,10,0,0,-1,60664,5,96,67
171,104,467,228.9,240.3,10,0,0,-1,34666,5,59,57
201,298,456,301.6,317.2,10,0,0,-1,46332,5,91,78
259,98,469,316.3,332.1,10,0,0,-1,58664,5,103,79
226,109,454,290.4,304.8,10,0,0,-1,49832,5,89,72
137,282,464,246.1,258.7,10,0,0,-1,37332,5,65,63
248,384,469,294.3,308.1,10,0,0,-1,60830,5,108,69
142,63,468,256.7,268.9,10,0,0,-1,37666,5,91,61
225,29,465,213.8,224.6,10,0,0,-1,36832,5,68,54
94,6,466,257.8,270.6,10,0,0,-1,61330,5,82,64
247,344,462,293.4,307.8,10,0,0,-1,42832,5,99,72
167,195,453,290.7,304.9,10,0,0,-1,47332,5,75,71
52,108,453,279.6,293.2,10,0,0,-1,43166,5,72,68
204,232,456,338.6,356.2,10,0,0,-1,63164,5,101,88
152,49,469,242.3,254.1,10,0,0,-1,33666,5,59,59
135,177,453,260.8,273.6,10,0,0,-1,43166,5,88,64
139,145,454,312.6,328.2,10,0,0,-1,74496,5,109,78
216,301,453,278.2,291.4,10,0,0,-1,37500,5,100,66
47,25,453,274.5,287.5,10,0,0,-1,36500,5,99,65
229,231,455,353.4,371.8,10,0,0,-1,58498,5,105,92
218,230,453,312.9,328.3,10,0,0,-1,49832,5,81,77
228,170,453,268.2,281.4,10,0,0,-1,43666,5,90,66
243,279,469,249.4,261.8,10,0,0,-1,34166,5,97,62
165,109,468,280,294,10,0,0,-1,44332,5,70,70
60,119,453,301.8,316.6,10,0,0,-1,56998,5,78,74
88,417,454,274.4,288.8,10,0,0,-1,57664,5,80,72
203,429,457,311.4,327.8,10,0,0,-1,79996,5,82,82
219,417,454,274.4,288.8,10,0,0,-1,57664,5,80,72
231,321,457,212.3,222.1,10,0,0,-1,40498,5,76,49
232,155,469,275.3,289.1,10,0,0,-1,45332,5,69,69
252,8,453,323.7,339.9,10,0,0,-1,67164,5,85,81
86,421,458,270.7,284.9,10,0,0,-1,45332,5,79,71
98,121,452,327.1,343.7,10,0,0,-1,92328,5,104,83
62,197,466,295.1,307.7,10,0,0,-1,54664,5,104,63
35,53,467,269.6,283.2,10,0,0,-1,46332,5,70,68
117,45,452,323.4,339.8,10,0,0,-1,92328,5,82,82
66,26,466,256.7,268.9,10,0,0,-1,41166,5,91,61
194,314,462,298.6,314.2,10,0,0,-1,47832,5,78,78
63,146,452,332.7,348.9,10,0,0,-1,105660,5,114,81
141,112,454,312.3,328.1,10,0,0,-1,57498,5,79,79
75,249,466,272.6,286.2,10,0,0,-1,46332,5,68,68
164,417,453,289.5,304.5,10,0,0,-1,59664,5,87,75
42,308,455,357.1,375.7,10,0,0,-1,80996,5,106,93
205,276,466,261.5,274.5,10,0,0,-1,39666,5,83,65
97,261,467,251.1,263.7,10,0,0,-1,41166,5,63,63
207,178,460,257.8,270.6,10,0,0,-1,37500,5,66,64
95,7,453,312.4,326.8,10,0,0,-1,69830,5,98,72
176,74,456,283.1,297.7,10,0,0,-1,54664,5,86,73
244,197,453,316.6,330.2,10,0,0,-1,59664,5,113,68
46,114,467,291.8,306.6,10,0,0,-1,44166,5,97,74
215,406,455,258.6,272.2,10,0,0,-1,56664,5,68,68
178,90,460,276.3,290.1,10,0,0,-1,40000,5,71,69
44,232,468,328.1,344.7,10,0,0,-1,63164,5,83,83
198,25,469,285.3,299.1,10,0,0,-1,37500,5,99,69
49,256,456,381.3,401.1,10,0,0,-1,66164,5,114,99
61,8,466,302.2,317.4,10,0,0,-1,62164,5,76,76
109,282,461,277.4,291.8,10,0,0,-1,42332,5,72,72
102,123,468,331.8,348.6,10,0,0,-1,62664,5,84,84
126,344,454,304,320,10,0,0,-1,51332,5,88,80
58,249,466,272.6,286.2,10,0,0,-1,46332,5,68,68
158,19,454,327.4,343.8,10,0,0,-1,70830,5,112,82
112,285,458,277.4,291.8,10,0,0,-1,53664,5,72,72
83,277,467,280.7,294.9,10,0,0,-1,40000,5,93,71
108,231,469,360.7,378.9,10,0,0,-1,59498,5,91,91
189,315,466,323.3,339.1,10,0,0,-1,49666,5,109,79
14,346,455,121.6,123.8,10,0,0,-1,63828,5,119,104
159,112,468,305.9,321.3,10,0,0,-1,56498,5,77,77
250,134,468,331.2,346.4,10,0,0,-1,65164,5,135,76
262,187,462,356.8,375.6,10,0,0,-1,75330,5,103,94
183,134,468,331.2,346.4,10,0,0,-1,65164,5,135,76
146,269,454,324,340,10,0,0,-1,49332,5,111,80
96,282,469,297.4,311.8,10,0,0,-1,45332,5,96,72
196,263,469,296.4,310.8,10,0,0,-1,43666,5,72,72
161,42,460,297.8,312.6,10,0,0,-1,71330,5,76,74
217,18,466,329.4,345.8,10,0,0,-1,68830,5,117,82
101,189,469,338.2,355.4,10,0,0,-1,67498,5,106,86
210,18,468,329.4,345.8,10,0,0,-1,69330,5,117,82
257,235,454,364.4,382.8,10,0,0,-1,84162,5,109,92
128,345,466,322.5,339.5,10,0,0,-1,60498,5,93,85
132,74,466,272.6,286.2,10,0,0,-1,58664,5,86,68
39,44,453,345.9,363.3,10,0,0,-1,79496,5,91,87
69,248,454,349.3,367.1,10,0,0,-1,83496,5,89,89
199,265,468,294.8,309.6,10,0,0,-1,46832,5,74,74
144,111,452,355.9,373.3,10,0,0,-1,94660,5,101,87
33,316,436,224.5,235.5,10,0,0,-1,26500,5,61,55
74,359,458,304,320,10,0,0,-1,64664,5,88,80
45,28,467,259.4,271.8,10,0,0,-1,49998,5,67,62
230,285,461,292.5,307.5,10,0,0,-1,58664,5,79,75
156,349,457,296.6,312.2,10,0,0,-1,72330,5,93,78
166,234,464,359.7,377.9,10,0,0,-1,74996,5,114,91
99,259,460,354,372,10,0,0,-1,78662,5,92,90
48,121,466,346.6,364.2,10,0,0,-1,73830,5,109,88
242,359,455,311,327,10,0,0,-1,67496,5,88,80
150,127,460,293.7,307.9,10,0,0,-1,63330,5,101,71
118,58,467,321.4,337.8,10,0,0,-1,76162,5,82,82
0,346,441,107.6,108.3,10,0,0,-1,62828,3,109,102
54,235,466,354,372,10,0,0,-1,82162,5,110,90
195,345,455,366.5,385.5,10,0,0,-1,81996,5,103,95
147,359,460,318.8,335.6,10,0,0,-1,69664,5,92,84
168,269,465,331.6,349.2,10,0,0,-1,53832,5,94,88
235,73,467,314,330,10,0,0,-1,70830,5,80,80
119,57,453,368.1,386.7,10,0,0,-1,99994,5,118,93
90,314,454,352.2,369.4,10,0,0,-1,84162,5,116,86
182,81,454,379.2,398.4,10,0,0,-1,101660,5,123,96
211,315,469,355.6,373.2,10,0,0,-1,72164,5,118,88
220,111,455,394.4,414.8,10,0,0,-1,89328,5,119,102
246,236,467,343.6,361.2,10,0,0,-1,87828,5,110,88
221,299,467,339.9,357.3,10,0,0,-1,66164,5,105,87
85,173,469,382.6,402.2,10,0,0,-1,80830,5,118,98
28,426,436,310.3,326.1,10,0,0,-1,58998,5,82,79
125,347,453,370.4,388.8,10,0,0,-1,82330,5,122,92
190,43,460,360.7,378.9,10,0,0,-1,88328,5,93,91
65,408,465,329.9,347.3,10,0,0,-1,70164,5,87,87
169,311,462,391,411,10,0,0,-1,98828,5,111,100
162,314,469,374.1,392.7,10,0,0,-1,80830,5,123,93
77,81,468,368.8,387.6,10,0,0,-1,97328,5,94,94
36,135,455,368.2,387.4,10,0,0,-1,90828,5,109,96
30,346,441,384.4,404.8,10,0,0,-1,70664,5,109,102
64,347,465,378.9,398.3,10,0,0,-1,82330,5,123,97
29,351,437,316.8,333.6,10,0,0,-1,59998,5,90,84
241,19,460,378.8,397.6,10,0,0,-1,104160,5,124,94
31,361,440,363.5,382.5,10,0,0,-1,66664,5,107,95
179,346,455,406.8,427.6,10,0,0,-1,96162,5,119,104
197,434,465,392.8,413.6,10,0,0,-1,126824,5,104,104
32,19,436,371.6,391.2,10,0,0,-1,101660,5,98,98
265,209,455,455,479,10,0,0,-1,115992,5,131,120
185,310,455,466.5,489.5,10,0,0,-1,119492,5,156,115
260,310,458,455.5,478.5,10,0,0,-1,119492,5,145,115
172,161,469,430.7,452.9,10,0,0,-1,132824,5,111,111
143,56,469,442.1,464.7,10,0,0,-1,110326,5,134,113
267,185,460,401.4,421.8,10,0,0,-1,117492,5,126,102
177,311,455,453.2,476.4,10,0,0,-1,118492,5,140,116
27,55,436,403.9,425.3,10,0,0,-1,113992,5,115,107
209,164,462,471.5,496.5,10,0,0,-1,152822,5,134,125
104,161,467,439.8,462.6,10,0,0,-1,151988,5,132,114
26,361,438,404.2,425.4,10,0,0,-1,95662,5,118,106
