demandID,SourceID,DestinationID,MinDelay,MaxDelay,Bandwidth,Ishotstandby,DelayDifference,DisjointType,WorkOptCostRangeType,MinCostDelay,MinDelayDelay
107,0,462,165.1,173.7,10,1,0,0,15500,5,49,43
67,355,464,163.4,171.8,10,1,0,0,44164,5,63,42
126,375,463,143.1,149.7,10,1,0,0,29332,5,33,33
178,408,460,207.8,218.6,10,1,0,0,28666,5,54,54
165,276,464,198.3,208.1,10,1,0,0,44164,5,55,49
147,5,462,216.9,228.3,10,1,0,0,24166,5,63,57
84,409,464,167.1,175.7,10,1,0,0,18500,5,57,43
148,10,463,191.2,200.4,10,1,0,0,19000,5,50,46
131,11,476,179.2,188.4,10,1,0,0,18500,5,46,46
184,340,462,230,242,10,1,0,0,34832,5,74,60
204,413,460,200.4,210.8,10,1,0,0,32832,5,66,52
159,327,461,206.1,216.7,10,1,0,0,20500,5,55,53
212,353,463,198.6,208.2,10,1,0,0,32832,5,69,48
142,3,464,198.3,208.1,10,1,0,0,30832,5,55,49
117,349,474,259.6,273.2,10,1,0,0,30166,5,83,68
80,236,463,224.6,236.2,10,1,0,0,31832,5,68,58
51,123,471,237.7,249.9,10,1,0,0,50664,5,61,61
111,275,476,198.7,208.9,10,1,0,0,43498,5,57,51
106,332,470,196.7,206.9,10,1,0,0,37832,5,51,51
215,366,467,194.1,202.7,10,1,0,0,27666,5,84,43
95,301,462,257.5,270.5,10,1,0,0,37332,5,71,65
214,54,463,217.1,227.7,10,1,0,0,29166,5,57,53
143,159,476,231,243,10,1,0,0,29166,5,60,60
58,117,462,239,251,10,1,0,0,24000,5,66,60
149,367,471,179.1,187.7,10,1,0,0,28832,5,43,43
94,247,475,210.5,221.5,10,1,0,0,21500,5,55,55
69,304,472,300.3,316.1,10,1,0,0,60330,5,87,79
91,307,471,248.8,261.6,10,1,0,0,52664,5,64,64
181,327,471,208.1,218.7,10,1,0,0,22500,5,53,53
71,0,463,169.1,177.7,10,1,0,0,16500,5,49,43
219,356,468,204.1,214.7,10,1,0,0,55830,5,78,53
118,362,473,263.3,277.1,10,1,0,0,37832,5,94,69
129,101,475,258.6,272.2,10,1,0,0,40332,5,73,68
211,197,476,238.4,250.8,10,1,0,0,40832,5,62,62
36,335,462,259.6,273.2,10,1,0,0,40832,5,68,68
189,102,469,243.3,255.1,10,1,0,0,37166,5,65,59
156,118,464,257.5,270.5,10,1,0,0,30166,5,71,65
166,64,467,238.4,250.8,10,1,0,0,46998,5,71,62
216,55,469,217.4,227.8,10,1,0,0,30500,5,58,52
64,132,470,287.1,301.7,10,1,0,0,75828,5,79,73
135,4,463,276.4,290.8,10,1,0,0,40832,5,82,72
151,169,476,245.8,258.6,10,1,0,0,36666,5,73,64
201,68,476,223.6,235.2,10,1,0,0,25000,5,58,58
49,115,467,245.8,258.6,10,1,0,0,48664,5,73,64
196,112,462,250.1,262.7,10,1,0,0,34166,5,69,63
195,366,470,204.2,213.4,10,1,0,0,28166,5,86,46
81,339,471,216.1,226.7,10,1,0,0,34666,5,67,53
152,113,464,264.9,278.3,10,1,0,0,39332,5,73,67
218,281,475,254.9,268.3,10,1,0,0,46998,5,72,67
179,281,475,254.9,268.3,10,1,0,0,46998,5,72,67
157,410,469,211.5,222.5,10,1,0,0,28000,5,75,55
86,19,463,261.5,274.5,10,1,0,0,35166,5,69,65
98,342,462,296.6,312.2,10,1,0,0,58664,5,92,78
26,19,475,254.9,268.3,10,1,0,0,36166,5,81,67
224,411,470,226.3,238.1,10,1,0,0,35666,5,73,59
45,162,473,284.7,298.9,10,1,0,0,56164,5,93,71
217,349,470,278.1,292.7,10,1,0,0,40666,5,87,73
119,348,470,281.8,296.6,10,1,0,0,47332,5,88,74
21,92,462,287.1,301.7,10,1,0,0,51498,5,79,73
24,401,467,253.2,266.4,10,1,0,0,43832,5,75,66
200,204,471,289.5,304.5,10,1,0,0,61664,5,75,75
125,333,469,252.2,265.4,10,1,0,0,50164,5,91,66
73,333,469,252.2,265.4,10,1,0,0,50164,5,91,66
146,404,466,302.9,318.3,10,1,0,0,70330,5,95,77
124,16,474,269.7,283.9,10,1,0,0,55164,5,78,71
56,400,461,287.5,302.5,10,1,0,0,41166,5,77,75
50,123,469,272.9,286.3,10,1,0,0,62164,5,73,67
182,342,461,309.7,325.9,10,1,0,0,62664,5,97,81
28,358,467,269.8,282.6,10,1,0,0,67996,5,103,64
167,23,463,294.8,309.6,10,1,0,0,46832,5,78,74
120,118,470,283.4,297.8,10,1,0,0,43166,5,78,72
20,365,471,242,254,10,1,0,0,30500,5,74,60
140,114,474,287.2,302.4,10,1,0,0,53498,5,82,76
19,28,450,331.5,348.5,10,1,0,0,75496,5,102,85
213,304,467,306.9,322.3,10,1,0,0,72830,5,99,77
208,371,471,241.6,253.2,10,1,0,0,28000,5,65,58
60,32,476,275.4,289.8,10,1,0,0,48332,5,81,72
68,245,476,286.5,301.5,10,1,0,0,48332,5,84,75
177,362,463,287.4,301.8,10,1,0,0,46332,5,90,72
29,330,471,249.4,261.8,10,1,0,0,42832,5,62,62
174,315,463,313.3,329.1,10,1,0,0,55998,5,83,79
65,162,462,317.7,333.9,10,1,0,0,59164,5,99,81
57,38,463,302.2,317.4,10,1,0,0,55998,5,80,76
97,119,461,333.6,351.2,10,1,0,0,52332,5,96,88
35,360,473,333.6,351.2,10,1,0,0,61664,5,113,88
87,93,461,329.9,347.3,10,1,0,0,65664,5,95,87
162,238,461,355.8,374.6,10,1,0,0,82828,5,102,94
168,90,469,266.6,280.2,10,1,0,0,44166,5,74,68
127,171,471,337.6,355.2,10,1,0,0,62498,5,100,88
116,408,469,289.2,304.4,10,1,0,0,47166,5,76,76
110,413,471,271.6,285.2,10,1,0,0,46332,5,94,68
112,296,476,323.5,340.5,10,1,0,0,53332,5,85,85
145,244,475,314.1,330.7,10,1,0,0,60998,5,97,83
52,205,469,309.9,325.3,10,1,0,0,78162,5,83,77
99,212,476,277.4,291.8,10,1,0,0,48332,5,74,72
40,92,469,318.4,334.8,10,1,0,0,79662,5,88,82
72,118,467,264.3,278.1,10,1,0,0,42666,5,78,69
191,304,469,372.1,390.7,10,1,0,0,92994,5,112,93
105,164,469,317.3,333.1,10,1,0,0,72996,5,85,79
160,360,463,357.7,375.9,10,1,0,0,70164,5,109,91
187,30,463,383.6,403.2,10,1,0,0,70164,5,102,98
122,204,469,324.7,340.9,10,1,0,0,85828,5,87,81
13,167,455,316.1,332.7,10,1,0,0,39500,5,92,83
141,50,465,335.6,353.2,10,1,0,0,63664,5,98,88
128,115,469,321,337,10,1,0,0,64164,5,86,80
161,132,467,268,282,10,1,0,0,56664,5,79,70
22,94,470,375.9,395.3,10,1,0,0,96494,5,103,97
15,178,455,327.2,344.4,10,1,0,0,51166,5,95,86
103,134,463,383.7,403.9,10,1,0,0,89328,5,111,101
77,412,469,317.4,333.8,10,1,0,0,53832,5,108,82
132,122,473,277.6,291.2,10,1,0,0,62830,5,94,68
43,239,463,383.7,403.9,10,1,0,0,91494,5,111,101
206,16,475,317.4,333.8,10,1,0,0,66664,5,89,82
226,230,469,391.3,411.1,10,1,0,0,86662,5,105,99
163,137,476,393.8,414.6,10,1,0,0,97494,5,104,104
203,279,469,383.9,403.3,10,1,0,0,97494,5,103,97
175,304,466,268.3,282.1,10,1,0,0,81162,5,82,69
193,286,469,346.9,364.3,10,1,0,0,70830,5,87,87
198,344,468,366.9,386.3,10,1,0,0,83496,5,122,97
199,174,463,409.5,430.5,10,1,0,0,83496,5,109,105
93,172,463,402.1,422.7,10,1,0,0,87662,5,107,103
197,229,471,415.3,437.1,10,1,0,0,93328,5,109,109
158,138,469,402.4,422.8,10,1,0,0,95828,5,108,102
70,228,467,382.7,402.9,10,1,0,0,91328,5,110,101
41,33,467,256.9,270.3,10,1,0,0,37666,5,76,67
186,95,463,424.4,446.8,10,1,0,0,106660,5,122,112
47,31,469,398.7,418.9,10,1,0,0,89162,5,107,101
185,96,471,400.5,421.5,10,1,0,0,108326,5,105,105
144,344,473,385.4,405.8,10,1,0,0,101660,5,113,102
192,23,467,256.9,270.3,10,1,0,0,45332,5,76,67
85,313,467,197.7,207.9,10,1,0,0,31666,5,60,51
205,324,467,286.5,301.5,10,1,0,0,50332,5,84,75
154,135,467,416,438,10,1,0,0,110826,5,119,110
134,172,469,439.4,461.8,10,1,0,0,100828,5,118,112
190,29,469,443.1,465.7,10,1,0,0,107494,5,119,113
115,170,467,253.2,266.4,10,1,0,0,45832,5,75,66
202,174,467,371.6,391.2,10,1,0,0,82496,5,107,98
17,122,448,244.3,256.1,10,1,0,0,54330,5,85,59
137,150,471,459.7,483.9,10,1,0,0,124992,5,133,121
188,149,469,443.1,465.7,10,1,0,0,122492,5,119,113
75,101,476,242.1,254.7,10,1,0,0,41832,5,63,63
223,28,469,469.2,492.4,10,1,0,0,129992,5,156,116
63,225,469,517.1,543.7,10,1,0,0,140824,5,158,133
32,233,469,243.3,255.1,10,1,0,0,34000,5,65,59
113,332,468,181.9,191.3,10,1,0,0,32332,5,72,47
82,410,470,163.4,171.8,10,1,0,0,19500,5,56,42
