demandID,SourceID,DestinationID,MinDelay,MaxDelay,Bandwidth,Ishotstandby,DelayDifference,DisjointType,WorkOptCostRangeType,MinCostDelay,MinDelayDelay
106,21,461,285.6,299.2,10,1,0,0,62996,5,102,68
180,143,461,225.5,236.5,10,1,0,0,33166,5,72,55
191,133,460,278.1,292.7,10,1,0,0,51998,5,81,73
187,109,471,216.4,226.8,10,1,0,0,37332,5,76,52
140,25,464,244.8,257.6,10,1,0,0,38832,5,69,64
198,73,461,225.5,236.5,10,1,0,0,59830,5,72,55
167,353,470,185.9,195.3,10,1,0,0,37332,5,59,47
58,235,476,211.5,222.5,10,1,0,0,55330,5,63,55
55,117,478,226.3,238.1,10,1,0,0,30166,5,67,59
62,315,461,209.8,220.6,10,1,0,0,36332,5,64,54
27,315,461,209.8,220.6,10,1,0,0,36332,5,64,54
99,345,472,182.2,191.4,10,1,0,0,23500,5,58,46
126,198,477,211.5,222.5,10,1,0,0,31166,5,70,55
207,197,477,226.3,238.1,10,1,0,0,37832,5,74,59
66,316,473,229,241,10,1,0,0,30666,5,83,60
17,15,447,198.9,208.3,10,1,0,0,32666,5,65,47
113,287,473,229,241,10,1,0,0,37332,5,83,60
166,288,470,246.8,259.6,10,1,0,0,44998,5,74,64
48,179,460,244.8,257.6,10,1,0,0,44832,5,67,64
203,420,460,282.1,296.7,10,1,0,0,46332,5,80,73
73,130,473,211.5,222.5,10,1,0,0,27000,5,63,55
143,233,476,268.2,281.4,10,1,0,0,57330,5,90,66
224,241,473,200.4,210.8,10,1,0,0,27000,5,60,52
114,314,472,251.2,264.4,10,1,0,0,46998,5,73,66
117,289,478,284.7,298.9,10,1,0,0,53664,5,93,71
138,99,460,281.8,296.6,10,1,0,0,53498,5,77,74
37,345,463,211.4,221.8,10,1,0,0,25500,5,71,52
92,203,464,251.4,263.8,10,1,0,0,43498,5,81,62
161,186,472,244.8,257.6,10,1,0,0,34166,5,67,64
183,149,478,233.7,245.9,10,1,0,0,43998,5,69,61
42,246,474,233.7,245.9,10,1,0,0,41332,5,69,61
127,110,471,253.4,265.8,10,1,0,0,45998,5,86,62
71,203,476,240.3,252.1,10,1,0,0,43498,5,81,59
56,106,468,222.6,234.2,10,1,0,0,28000,5,66,58
118,404,469,268.9,282.3,10,1,0,0,46998,5,86,67
199,8,469,232,244,10,1,0,0,35166,5,63,60
46,246,471,218.9,230.3,10,1,0,0,40332,5,77,57
39,140,474,259.6,273.2,10,1,0,0,36666,5,76,68
72,397,477,307.3,323.1,10,1,0,0,50498,5,94,79
26,160,472,244.8,257.6,10,1,0,0,43332,5,72,64
25,245,473,244.8,257.6,10,1,0,0,48998,5,88,64
23,77,450,226.3,238.1,10,1,0,0,47998,5,67,59
98,291,470,269,283,10,1,0,0,53664,5,80,70
160,37,471,259.6,273.2,10,1,0,0,55664,5,88,68
110,25,468,270.7,284.9,10,1,0,0,43832,5,79,71
78,245,471,230,242,10,1,0,0,47664,5,80,60
28,159,471,289.8,304.6,10,1,0,0,50998,5,90,74
93,10,464,282.7,296.9,10,1,0,0,49498,5,91,71
38,75,471,255.9,269.3,10,1,0,0,60330,5,87,67
83,132,471,289.2,304.4,10,1,0,0,44332,5,96,76
173,9,466,252.2,265.4,10,1,0,0,44832,5,69,66
122,396,477,355.4,373.8,10,1,0,0,65664,5,107,92
175,346,473,237.7,249.9,10,1,0,0,30000,5,89,61
105,10,463,267.3,281.1,10,1,0,0,49664,5,81,69
134,274,467,278.7,292.9,10,1,0,0,58164,5,87,71
64,179,464,281.8,296.6,10,1,0,0,44332,5,77,74
171,209,473,263.3,277.1,10,1,0,0,51498,5,93,69
186,186,468,274.4,288.8,10,1,0,0,38166,5,75,72
100,184,464,264.2,277.4,10,1,0,0,49498,5,81,66
40,19,474,278.1,292.7,10,1,0,0,63830,5,81,73
79,168,461,339.5,356.5,10,1,0,0,70830,5,105,85
172,201,468,248.5,261.5,10,1,0,0,36666,5,73,65
176,32,470,270.7,284.9,10,1,0,0,56164,5,74,71
44,249,472,289.2,304.4,10,1,0,0,51998,5,84,76
133,314,478,236.6,248.2,10,1,0,0,75328,5,80,58
125,58,461,341,359,10,1,0,0,64164,5,93,90
124,251,468,278.1,292.7,10,1,0,0,51998,5,81,73
81,193,471,278.1,292.7,10,1,0,0,64330,5,81,73
206,157,474,253.2,266.4,10,1,0,0,57830,5,75,66
80,76,474,233.7,245.9,10,1,0,0,54664,5,69,61
164,440,468,320.7,336.9,10,1,0,0,59664,5,102,81
51,231,474,289.2,304.4,10,1,0,0,52498,5,84,76
148,24,471,307.7,323.9,10,1,0,0,53498,5,101,81
36,157,468,267,281,10,1,0,0,58664,5,78,70
182,106,470,181.9,191.3,10,1,0,0,22500,5,55,47
200,160,477,289.2,304.4,10,1,0,0,45332,5,91,76
178,397,463,313.7,329.9,10,1,0,0,56498,5,92,81
69,194,473,278.1,292.7,10,1,0,0,66330,5,81,73
152,132,466,278.1,292.7,10,1,0,0,45832,5,81,73
33,143,467,271.9,285.3,10,1,0,0,43166,5,70,67
153,85,470,333.6,351.2,10,1,0,0,63664,5,96,88
97,346,475,248.8,261.6,10,1,0,0,32000,5,83,64
213,85,472,344.7,362.9,10,1,0,0,64164,5,99,91
86,93,464,288.5,303.5,10,1,0,0,48332,5,81,75
14,318,447,276.7,290.9,10,1,0,0,30500,5,85,71
139,74,464,300.3,316.1,10,1,0,0,72496,5,84,79
196,143,465,307.7,323.9,10,1,0,0,47166,5,84,81
89,143,465,307.7,323.9,10,1,0,0,47166,5,84,81
95,35,466,333.6,351.2,10,1,0,0,76496,5,96,88
21,77,451,252.2,265.4,10,1,0,0,52498,5,74,66
123,133,474,329.9,347.3,10,1,0,0,56498,5,95,87
53,143,471,282.3,296.1,10,1,0,0,42666,5,84,69
96,100,466,311.4,327.8,10,1,0,0,64164,5,85,82
77,289,463,328.5,345.5,10,1,0,0,63164,5,92,85
91,11,465,300.1,314.7,10,1,0,0,51498,5,109,73
101,321,469,331.8,348.6,10,1,0,0,55498,5,103,84
174,276,467,378.6,398.2,10,1,0,0,89828,5,114,98
49,124,463,342.3,360.1,10,1,0,0,68830,5,102,89
218,217,473,322.5,339.5,10,1,0,0,63164,5,109,85
197,184,478,290.4,304.8,10,1,0,0,53498,5,87,72
142,274,475,310,326,10,1,0,0,67664,5,94,80
145,339,468,339.2,356.4,10,1,0,0,72996,5,107,86
131,412,475,278.4,292.8,10,1,0,0,34500,5,79,72
211,61,470,378,398,10,1,0,0,76996,5,108,100
20,3,451,243.9,255.3,10,1,0,0,35666,5,106,57
84,373,467,228.2,239.4,10,1,0,0,56164,5,77,56
210,36,477,329.9,347.3,10,1,0,0,72330,5,102,87
65,421,475,326.5,343.5,10,1,0,0,43166,5,92,85
111,393,468,384.9,404.3,10,1,0,0,67330,5,123,97
146,124,471,334.8,351.6,10,1,0,0,66830,5,108,84
57,85,469,380,400,10,1,0,0,67164,5,110,100
108,218,471,366.9,386.3,10,1,0,0,74330,5,105,97
179,243,478,300.3,316.1,10,1,0,0,53832,5,87,79
136,124,467,324.4,340.8,10,1,0,0,72330,5,82,82
47,222,470,392.8,413.6,10,1,0,0,75330,5,112,104
144,195,467,246,258,10,1,0,0,58164,5,84,60
41,370,475,176.8,185.6,10,1,0,0,34832,5,58,44
68,236,476,178.2,187.4,10,1,0,0,48664,5,54,46
9,16,447,258.1,270.7,10,1,0,0,46832,5,81,63
34,173,472,329.2,346.4,10,1,0,0,59498,5,92,86
194,348,476,236.3,248.1,10,1,0,0,40832,5,77,59
8,432,449,321.5,338.5,10,1,0,0,47166,5,92,85
128,219,472,392.8,413.6,10,1,0,0,84996,5,112,104
61,222,476,396.5,417.5,10,1,0,0,80830,5,113,105
24,139,452,363.2,382.4,10,1,0,0,57332,5,104,96
159,288,477,288.8,303.6,10,1,0,0,55498,5,89,74
192,172,472,366.2,385.4,10,1,0,0,76164,5,102,96
130,222,472,403.9,425.3,10,1,0,0,80330,5,115,107
162,135,472,367.9,387.3,10,1,0,0,75330,5,106,97
88,136,468,389.1,409.7,10,1,0,0,77330,5,111,103
10,414,446,363.1,381.7,10,1,0,0,54666,5,112,93
59,143,469,294.9,310.3,10,1,0,0,45166,5,80,77
195,417,475,422.7,444.9,10,1,0,0,75664,5,123,111
158,125,473,392.8,413.6,10,1,0,0,78164,5,112,104
141,125,473,392.8,413.6,10,1,0,0,78164,5,112,104
170,316,476,203.1,213.7,10,1,0,0,34166,5,60,53
205,263,476,441.2,464.4,10,1,0,0,91496,5,142,116
90,220,470,452,476,10,1,0,0,93662,5,128,120
155,394,474,436.2,459.4,10,1,0,0,86496,5,123,116
151,126,478,348.4,366.8,10,1,0,0,82996,5,100,92
165,208,477,340.3,358.1,10,1,0,0,70664,5,100,89
18,430,444,362.2,381.4,10,1,0,0,84662,5,103,96
132,327,476,433.8,456.6,10,1,0,0,103994,5,121,114
129,315,470,195,205,10,1,0,0,36332,5,60,50
193,289,475,328.9,346.3,10,1,0,0,113158,5,94,87
43,91,465,429.1,451.7,10,1,0,0,105660,5,119,113
54,87,466,448.3,472.1,10,1,0,0,124992,5,127,119
30,136,478,385.4,405.8,10,1,0,0,105494,5,110,102
119,327,461,429.8,452.6,10,1,0,0,106994,5,124,114
202,125,478,400.2,421.4,10,1,0,0,108826,5,114,106
52,392,464,489.3,515.1,10,1,0,0,118160,5,148,129
137,171,468,451.3,475.1,10,1,0,0,121492,5,125,119
70,278,475,488.5,513.5,10,1,0,0,133158,5,146,125
149,185,460,233.7,245.9,10,1,0,0,42832,5,64,61
120,393,461,473,497,10,1,0,0,122826,5,156,120
184,171,469,457,481,10,1,0,0,125492,5,128,120
102,171,469,457,481,10,1,0,0,125492,5,128,120
147,393,472,484.4,508.8,10,1,0,0,127492,5,155,122
112,125,475,332.8,349.6,10,1,0,0,83996,5,106,84
223,392,474,504.1,530.7,10,1,0,0,127326,5,145,133
19,91,458,484.6,510.2,10,1,0,0,113160,5,148,128
75,415,461,289.2,304.4,10,1,0,0,44832,5,91,76
67,90,465,488.3,514.1,10,1,0,0,143990,5,135,129
150,220,477,507.5,534.5,10,1,0,0,144824,5,150,135
12,1,453,167.1,175.7,10,1,0,0,22000,5,51,43
15,330,448,441.1,463.7,10,1,0,0,116326,5,124,113
63,251,469,283.8,298.6,10,1,0,0,53498,5,84,74
74,98,465,296.6,312.2,10,1,0,0,52332,5,81,78
45,87,477,500.1,526.7,10,1,0,0,151490,5,148,133
201,31,466,248.5,261.5,10,1,0,0,51498,5,68,65
76,4,468,210.6,220.2,10,1,0,0,36832,5,81,48
189,30,472,230,242,10,1,0,0,43332,5,63,60
217,129,473,193,203,10,1,0,0,25000,5,58,50
116,95,472,162.7,170.9,10,1,0,0,22500,5,47,41
60,93,472,284.8,299.6,10,1,0,0,47832,5,80,74
22,254,448,317.7,333.9,10,1,0,0,40500,5,99,81
222,40,468,189.3,199.1,10,1,0,0,31666,5,57,49
219,190,466,204.1,214.7,10,1,0,0,37832,5,61,53
109,215,471,230,242,10,1,0,0,42332,5,68,60
163,305,477,188.9,198.3,10,1,0,0,29000,5,62,47
216,181,466,189.3,199.1,10,1,0,0,32166,5,52,49
29,97,466,185.6,195.2,10,1,0,0,31666,5,51,48
190,305,464,169.8,178.6,10,1,0,0,21000,5,51,44
177,204,469,202.4,212.8,10,1,0,0,40332,5,62,52
11,425,455,210.5,221.5,10,1,0,0,37332,5,62,55
107,117,474,218.9,230.3,10,1,0,0,34666,5,65,57
103,353,474,215.5,226.5,10,1,0,0,44332,5,67,55
