demandID,SourceID,DestinationID,MinDelay,MaxDelay,Bandwidth,Ishotstandby,DelayDifference,DisjointType,WorkOptCostRangeType,MinCostDelay,MinDelayDelay
15,620,2038,61.8,62.9,10,0,0,-1,27332,5,53,53
8,1468,2008,96,100,10,0,0,-1,37498,5,87,64
47,290,1996,151.6,153.8,10,0,0,-1,61996,5,145,134
13,1670,2050,61.4,62.2,10,0,0,-1,21666,3,63,55
48,1551,2057,72,73.5,10,0,0,-1,38164,3,74,60
21,531,2050,81.2,83.1,10,0,0,-1,17500,3,85,66
38,1722,2000,93.4,96.7,10,0,0,-1,38164,3,100,67
65,1393,2033,196.3,206.1,10,0,0,-1,32332,5,64,49
25,659,1989,66.8,69.4,10,0,0,-1,15500,5,46,46
44,1601,2051,98.4,99.2,10,0,0,-1,30832,3,100,92
26,949,2043,96.4,98.2,10,0,0,-1,43164,5,85,82
14,655,1988,93.4,95.2,10,0,0,-1,42164,3,97,79
43,970,1988,84.6,86.3,10,0,0,-1,23166,3,88,71
7,462,2037,100.8,102.4,10,0,0,-1,49830,3,106,88
45,732,1994,82.4,84.2,10,0,0,-1,31498,3,91,68
154,1523,2046,148.6,156.2,10,0,0,-1,26332,5,46,38
40,654,1990,99.2,101.6,10,0,0,-1,53830,3,106,80
67,1237,2000,135.5,142.5,10,0,0,-1,21666,5,59,35
41,421,2017,92.8,95.4,10,0,0,-1,19000,3,98,72
9,49,2049,86.4,88.7,10,0,0,-1,36664,3,91,68
163,1359,2026,140.7,146.9,10,0,0,-1,21666,5,40,31
36,844,1990,99.4,101.2,10,0,0,-1,41498,3,103,85
31,526,1990,140.4,142.2,10,0,0,-1,53830,5,138,126
2,501,1038,148.8,149.9,10,0,0,-1,78994,5,140,140
24,1647,2000,95.4,98.7,10,0,0,-1,47330,5,93,69
30,289,2029,151.6,153.8,10,0,0,-1,58496,5,150,134
145,1407,2032,155.9,163.3,10,0,0,-1,29166,5,56,37
22,111,2050,75.4,77.7,10,0,0,-1,27166,3,80,57
29,1981,2043,139,140,10,0,0,-1,50830,3,141,131
120,1006,1994,179.2,188.4,10,0,0,-1,17500,5,55,46
153,693,2028,127.4,133.8,10,0,0,-1,28332,5,32,32
179,1708,1999,149,155,10,0,0,-1,15000,5,50,30
42,323,2051,65.4,67.7,10,0,0,-1,18000,3,70,47
210,1362,2070,149.2,156.4,10,0,0,-1,19666,5,36,36
108,25,2019,143.4,149.8,10,0,0,-1,33498,5,40,32
20,1473,2003,80,81,10,0,0,-1,35998,5,72,72
39,1791,2025,86.6,88.3,10,0,0,-1,25666,3,90,73
11,1848,2025,91.6,93.3,10,0,0,-1,38998,3,95,78
209,1251,2063,175,183,10,0,0,-1,25666,5,49,40
148,1358,2014,158.9,166.3,10,0,0,-1,17000,5,59,37
165,395,2011,188.6,198.2,10,0,0,-1,37998,5,59,48
203,1302,2063,189.8,198.6,10,0,0,-1,25666,5,53,44
109,142,1998,149,155,10,0,0,-1,15500,5,30,30
28,1378,1992,97.4,99.2,10,0,0,-1,44164,5,83,83
35,1451,1993,139.4,141.7,10,0,0,-1,57496,5,122,121
3,632,1677,166.4,167.7,10,0,0,-1,58496,5,156,156
19,1598,2055,89.6,91.3,10,0,0,-1,34998,3,93,76
4,1482,2032,83.6,84.3,10,0,0,-1,19500,3,85,78
16,139,2052,106.4,108.7,10,0,0,-1,40498,3,111,88
12,278,2052,116,119,10,0,0,-1,52164,5,107,92
6,445,2022,67.8,70.9,10,0,0,-1,18500,5,66,43
166,1047,2035,188.3,198.1,10,0,0,-1,24166,5,56,49
37,171,2014,137.4,138.7,10,0,0,-1,56830,3,140,127
117,837,2047,172.8,181.6,10,0,0,-1,32832,5,52,44
172,274,2019,158.3,166.1,10,0,0,-1,28832,5,47,39
212,1691,2056,205.1,215.7,10,0,0,-1,31832,5,76,53
27,1410,1993,71.4,73.7,10,0,0,-1,26666,5,71,53
205,1951,2056,196.9,206.3,10,0,0,-1,25666,5,70,47
17,1689,2051,113.4,114.2,10,0,0,-1,46664,3,115,107
152,17,1998,188.6,198.2,10,0,0,-1,27166,5,63,48
0,617,1737,163.4,164.2,10,0,0,-1,93492,3,165,157
95,1800,2003,158.8,165.6,10,0,0,-1,18000,5,64,34
135,50,2010,166.3,174.1,10,0,0,-1,20500,5,65,39
90,682,2042,198.9,208.3,10,0,0,-1,26166,5,69,47
96,1798,2011,181.6,189.2,10,0,0,-1,31332,5,79,38
192,1557,2003,188.3,198.1,10,0,0,-1,19500,5,56,49
92,12,2006,181.2,190.4,10,0,0,-1,36498,5,57,46
207,458,2063,191,201,10,0,0,-1,27666,5,66,50
97,1769,1997,182.1,190.7,10,0,0,-1,26666,5,45,43
69,1282,2000,190.9,200.3,10,0,0,-1,24166,5,64,47
186,206,1998,193.4,201.8,10,0,0,-1,25666,5,42,42
132,369,2023,185.8,194.6,10,0,0,-1,26166,5,67,44
71,407,1994,216.9,228.3,10,0,0,-1,45664,5,69,57
1,1086,332,85.6,88.3,10,0,0,-1,42164,5,83,64
77,1816,2040,199.7,209.9,10,0,0,-1,26166,5,51,51
78,1463,2042,221.6,233.2,10,0,0,-1,31832,5,65,58
164,401,2034,250.6,262.2,10,0,0,-1,30832,5,95,58
10,447,2036,101.2,102.6,10,0,0,-1,27666,3,116,90
123,912,2019,212.8,223.6,10,0,0,-1,27666,5,67,54
125,1124,2036,210.5,221.5,10,0,0,-1,28166,5,62,55
167,603,2035,184.6,194.2,10,0,0,-1,19500,5,55,48
5,834,2055,88,89,10,0,0,-1,40830,3,90,80
98,1727,1991,203.7,213.9,10,0,0,-1,29666,5,66,51
197,1044,2072,230.2,241.4,10,0,0,-1,27666,5,70,56
46,1557,2003,54.6,55.3,10,0,0,-1,20500,3,56,49
68,445,2022,190.1,198.7,10,0,0,-1,22500,5,66,43
213,1551,2057,237,249,10,0,0,-1,45164,5,74,60
200,274,2061,209.5,220.5,10,0,0,-1,31832,5,61,55
49,1718,1570,219.1,229.7,10,0,0,-1,36332,5,76,53
73,405,1992,215.8,226.6,10,0,0,-1,37332,5,66,54
141,910,2043,235.8,246.6,10,0,0,-1,23500,5,90,54
101,1471,1990,182.5,191.5,10,0,0,-1,31166,5,45,45
198,1390,2068,254.9,268.3,10,0,0,-1,30166,5,74,67
61,730,1986,206.3,216.1,10,0,0,-1,26666,5,59,49
112,1362,2055,201.4,211.8,10,0,0,-1,23666,5,61,52
183,323,2051,196.9,206.3,10,0,0,-1,23500,5,70,47
178,719,2049,193.3,203.1,10,0,0,-1,21500,5,61,49
140,1031,1997,214.8,225.6,10,0,0,-1,24500,5,68,54
143,1918,2049,189.3,199.1,10,0,0,-1,26166,5,57,49
33,1559,2013,75.6,76.3,10,0,0,-1,29666,3,77,70
194,1960,2006,231.2,242.4,10,0,0,-1,33332,5,94,56
85,160,1996,248.9,260.3,10,0,0,-1,33166,5,68,57
171,1928,2017,192.2,201.4,10,0,0,-1,22500,5,46,46
127,659,1989,196.2,205.4,10,0,0,-1,23000,5,46,46
156,1878,2025,201.7,211.9,10,0,0,-1,22500,5,64,51
208,1609,2066,216.4,226.8,10,0,0,-1,26666,5,76,52
188,1911,2012,197.3,207.1,10,0,0,-1,28166,5,77,49
146,1082,2011,239.1,251.7,10,0,0,-1,36332,5,73,63
211,282,2058,214.5,225.5,10,0,0,-1,24000,5,66,55
99,620,2038,207.1,217.7,10,0,0,-1,35332,5,53,53
142,1410,1993,219.1,229.7,10,0,0,-1,30166,5,71,53
74,14,2032,203.4,213.8,10,0,0,-1,29166,5,63,52
202,1693,2058,235.9,247.3,10,0,0,-1,20000,5,80,57
84,740,2047,239.6,251.2,10,0,0,-1,36832,5,68,58
128,1357,2055,205.1,215.7,10,0,0,-1,21000,5,53,53
215,148,2057,223,233,10,0,0,-1,27166,5,50,50
18,917,2048,121.4,124.7,10,0,0,-1,52496,3,128,95
93,1929,2003,211.6,221.2,10,0,0,-1,28166,5,79,48
107,831,2001,253.5,266.5,10,0,0,-1,25000,5,78,65
151,972,2000,231.2,242.4,10,0,0,-1,31166,5,80,56
59,1774,2005,191.3,199.1,10,0,0,-1,33332,5,86,39
94,1670,2050,211.5,222.5,10,0,0,-1,30166,5,63,55
174,1135,1991,230.7,240.9,10,0,0,-1,27000,5,83,51
121,111,2050,233.9,245.3,10,0,0,-1,34666,5,80,57
155,942,2037,236.9,248.3,10,0,0,-1,35332,5,82,57
34,1359,2026,51.8,54.4,10,0,0,-1,29164,5,40,31
57,1100,1991,230.7,240.9,10,0,0,-1,27000,5,83,51
191,732,1994,269.6,283.2,10,0,0,-1,41998,5,91,68
87,1687,2021,243.8,256.6,10,0,0,-1,51164,5,71,64
110,1683,2013,220.6,232.2,10,0,0,-1,26500,5,65,58
158,1378,2047,280.1,294.7,10,0,0,-1,51164,5,73,73
50,1853,1091,237.3,249.1,10,0,0,-1,37332,5,87,59
115,135,2004,233,245,10,0,0,-1,36332,5,99,60
139,258,1996,271.1,283.7,10,0,0,-1,40832,5,63,63
103,797,2028,256.9,270.3,10,0,0,-1,25000,5,76,67
81,1918,2007,216.4,226.8,10,0,0,-1,30666,5,69,52
89,116,2010,229.2,240.4,10,0,0,-1,37832,5,78,56
147,401,2035,282.6,296.2,10,0,0,-1,37332,5,101,68
56,944,789,270.9,284.3,10,0,0,-1,38666,5,90,67
214,1763,2060,235.3,247.1,10,0,0,-1,39998,5,75,59
102,667,2024,284.5,299.5,10,0,0,-1,46498,5,82,75
190,512,1986,270.5,283.5,10,0,0,-1,44498,5,75,65
196,1881,2004,245.7,257.9,10,0,0,-1,38332,5,106,61
137,117,2047,272.3,286.1,10,0,0,-1,45998,5,86,69
105,1303,1990,253.2,266.4,10,0,0,-1,44832,5,85,66
122,456,2044,246.3,258.1,10,0,0,-1,26000,5,59,59
62,1045,2013,261.3,275.1,10,0,0,-1,29000,5,79,69
72,1145,2034,263.5,276.5,10,0,0,-1,27000,5,75,65
181,781,2024,240.1,252.7,10,0,0,-1,53164,5,70,63
161,1559,2013,266,280,10,0,0,-1,33666,5,77,70
91,1652,2002,268.7,282.9,10,0,0,-1,46998,5,95,71
55,1086,332,263.8,276.6,10,0,0,-1,48998,5,83,64
113,1069,2050,259.6,273.2,10,0,0,-1,48998,5,76,68
201,1747,2063,317.8,334.6,10,0,0,-1,62330,5,84,84
136,440,2045,295.8,310.6,10,0,0,-1,59830,5,74,74
150,1888,2023,275.9,289.3,10,0,0,-1,43998,5,95,67
173,1722,2000,280.9,294.3,10,0,0,-1,50664,5,100,67
114,587,2046,259,271,10,0,0,-1,33666,5,86,60
54,1147,1635,291.9,307.3,10,0,0,-1,43332,5,84,77
111,337,2018,243.3,255.1,10,0,0,-1,37832,5,84,59
144,845,2042,288.8,303.6,10,0,0,-1,55664,5,74,74
86,1962,2018,267,281,10,0,0,-1,30500,5,78,70
82,1921,2041,272.4,286.8,10,0,0,-1,53164,5,78,72
100,1422,2015,269.7,283.9,10,0,0,-1,47498,5,71,71
76,1468,2008,276.8,289.6,10,0,0,-1,47998,5,87,64
180,500,2013,277.4,291.8,10,0,0,-1,42832,5,72,72
184,684,2023,269.7,283.9,10,0,0,-1,47498,5,78,71
88,883,2047,285.5,298.5,10,0,0,-1,38166,5,97,65
159,534,2017,288.2,303.4,10,0,0,-1,42332,5,83,76
118,1473,2003,276.4,290.8,10,0,0,-1,46998,5,72,72
32,1587,2026,110.2,111.6,10,0,0,-1,54496,3,113,99
187,970,1988,279.7,293.9,10,0,0,-1,36666,5,88,71
116,485,2012,304,320,10,0,0,-1,35666,5,88,80
75,212,2005,265.6,279.2,10,0,0,-1,53164,5,82,68
189,781,2050,267.3,281.1,10,0,0,-1,54664,5,81,69
129,949,2043,321.4,337.8,10,0,0,-1,58164,5,85,82
66,931,2042,292.5,307.5,10,0,0,-1,74662,5,90,75
79,988,2039,306.2,321.4,10,0,0,-1,56664,5,101,76
168,1480,2015,305.4,319.8,10,0,0,-1,39832,5,95,72
104,815,2041,299.2,314.4,10,0,0,-1,44332,5,84,76
169,1603,1994,310.4,326.8,10,0,0,-1,53164,5,82,82
126,1647,2000,288.3,302.1,10,0,0,-1,59830,5,93,69
51,897,593,295.2,310.4,10,0,0,-1,47832,5,76,76
106,332,2018,287.7,301.9,10,0,0,-1,42332,5,79,71
124,147,2013,280.3,294.1,10,0,0,-1,42332,5,90,69
133,98,2042,285.8,300.6,10,0,0,-1,44832,5,86,74
195,1949,2023,294.4,308.8,10,0,0,-1,46998,5,100,72
157,1634,1995,283.2,296.4,10,0,0,-1,40332,5,85,66
160,248,2023,289.2,304.4,10,0,0,-1,54164,5,84,76
63,352,2049,282.1,296.7,10,0,0,-1,54664,5,85,73
138,452,2022,282,296,10,0,0,-1,48998,5,93,70
182,420,2039,290.4,304.8,10,0,0,-1,29000,5,98,72
149,352,2040,311.4,327.8,10,0,0,-1,55664,5,93,82
175,1332,2010,271.1,283.7,10,0,0,-1,30500,5,70,63
60,277,2030,289.7,303.9,10,0,0,-1,60330,5,83,71
64,834,2055,306,322,10,0,0,-1,49498,5,90,80
70,1501,1998,289.4,303.8,10,0,0,-1,57164,5,81,72
83,49,2049,274.6,288.2,10,0,0,-1,50498,5,91,68
206,1569,2070,286.1,300.7,10,0,0,-1,47498,5,97,73
23,1403,2047,112.4,115.7,10,0,0,-1,52496,5,109,86
134,277,2018,280.4,294.8,10,0,0,-1,62330,5,80,72
170,1475,2022,312.3,328.1,10,0,0,-1,62330,5,89,79
193,1569,2001,303.9,319.3,10,0,0,-1,48998,5,117,77
130,46,2027,297,311,10,0,0,-1,34000,5,111,70
185,1070,2054,294.5,309.5,10,0,0,-1,45832,5,92,75
53,743,388,287.1,301.7,10,0,0,-1,55664,5,90,73
80,875,2034,329.1,345.7,10,0,0,-1,70996,5,83,83
119,531,2050,263.2,276.4,10,0,0,-1,31000,5,85,66
52,560,1481,295.6,311.2,10,0,0,-1,48998,5,92,78
162,253,2031,292.1,306.7,10,0,0,-1,50998,5,84,73
199,1079,2067,364.8,383.6,10,0,0,-1,71830,5,111,94
131,646,1994,293.2,308.4,10,0,0,-1,35666,5,76,76
204,1890,2057,296.8,311.6,10,0,0,-1,37166,5,97,74
176,1791,2025,287.1,301.7,10,0,0,-1,38166,5,90,73
177,421,2017,292.4,306.8,10,0,0,-1,33500,5,98,72
58,531,2020,293.5,308.5,10,0,0,-1,34000,5,97,75
