demandID,SourceID,DestinationID,MinDelay,MaxDelay,Bandwidth,Ishotstandby,DelayDifference,DisjointType,WorkOptCostRangeType,MinCostDelay,MinDelayDelay
129,310,463,176.2,185.4,10,1,0,0,19000,5,52,46
50,49,465,168.4,176.8,10,1,0,0,24666,5,42,42
30,142,465,150.2,157.4,10,1,0,0,22666,5,42,36
86,175,475,149.9,157.3,10,1,0,0,18000,5,40,37
188,338,463,183.6,193.2,10,1,0,0,28166,5,54,48
187,408,468,178.2,187.4,10,1,0,0,28166,5,46,46
126,141,464,188.6,198.2,10,1,0,0,31332,5,54,48
22,75,467,160.7,168.9,10,1,0,0,20500,5,41,41
103,25,467,179.2,188.4,10,1,0,0,22000,5,46,46
46,93,465,190.6,200.2,10,1,0,0,32332,5,48,48
125,92,465,204.3,214.1,10,1,0,0,40498,5,59,49
56,144,461,179.9,189.3,10,1,0,0,40498,5,53,47
139,150,470,183.9,193.3,10,1,0,0,23000,5,47,47
82,223,465,212.8,223.6,10,1,0,0,43998,5,54,54
29,179,466,184.1,192.7,10,1,0,0,23166,5,80,43
16,84,448,229.3,239.1,10,1,0,0,49664,5,97,49
100,41,475,187.6,197.2,10,1,0,0,30666,5,48,48
59,112,465,213.2,224.4,10,1,0,0,38832,5,56,56
149,121,475,228.3,240.1,10,1,0,0,29000,5,59,59
161,407,472,239,251,10,1,0,0,39332,5,74,60
43,407,472,239,251,10,1,0,0,39332,5,74,60
34,343,462,241,253,10,1,0,0,46498,5,79,60
94,419,471,177.2,186.4,10,1,0,0,22000,5,53,46
49,144,472,170.1,178.7,10,1,0,0,39498,5,56,43
89,385,472,217.9,229.3,10,1,0,0,32166,5,64,57
101,145,461,205.8,216.6,10,1,0,0,42998,5,69,54
109,306,470,214.2,225.4,10,1,0,0,32166,5,63,56
132,305,475,201.7,211.9,10,1,0,0,25500,5,64,51
20,216,475,246.8,259.6,10,1,0,0,53998,5,64,64
110,90,475,195,205,10,1,0,0,50664,5,60,50
57,398,468,239.1,251.7,10,1,0,0,35666,5,71,63
146,111,471,230,242,10,1,0,0,39666,5,60,60
76,183,468,173.6,181.2,10,1,0,0,33332,5,63,38
152,178,466,198.9,208.3,10,1,0,0,34332,5,84,47
186,143,467,194.3,204.1,10,1,0,0,36832,5,55,49
131,307,470,251.2,264.4,10,1,0,0,39832,5,73,66
183,152,467,231,243,10,1,0,0,42832,5,69,60
124,369,471,184.6,194.2,10,1,0,0,30166,5,55,48
72,152,467,231,243,10,1,0,0,42832,5,69,60
54,187,475,265.3,279.1,10,1,0,0,49832,5,69,69
191,45,473,248.1,260.7,10,1,0,0,59830,5,78,63
164,213,465,249.8,262.6,10,1,0,0,59830,5,64,64
47,197,475,271,285,10,1,0,0,39000,5,70,70
155,178,471,188.2,197.4,10,1,0,0,35332,5,72,46
116,92,475,249.4,261.8,10,1,0,0,51498,5,72,62
79,385,464,250.7,262.9,10,1,0,0,34166,5,90,61
51,109,471,241.1,253.7,10,1,0,0,37000,5,63,63
17,441,460,290.9,306.3,10,1,0,0,69996,5,83,77
190,164,475,269,283,10,1,0,0,60664,5,70,70
130,231,468,211.5,222.5,10,1,0,0,41332,5,55,55
24,91,475,237.4,247.8,10,1,0,0,53164,5,87,52
81,116,472,280.4,294.8,10,1,0,0,56664,5,86,72
175,140,463,228.3,240.1,10,1,0,0,45498,5,69,59
185,29,465,260.9,274.3,10,1,0,0,59164,5,67,67
71,375,470,305.6,321.2,10,1,0,0,63164,5,95,78
192,48,475,265.3,279.1,10,1,0,0,52332,5,69,69
167,198,469,260.6,274.2,10,1,0,0,39000,5,75,68
93,143,466,218.2,229.4,10,1,0,0,39832,5,74,56
171,263,465,236.7,248.9,10,1,0,0,43998,5,66,61
153,360,469,279.4,293.8,10,1,0,0,42166,5,91,72
58,48,469,238.4,250.8,10,1,0,0,46332,5,62,62
73,168,472,296.8,311.6,10,1,0,0,67496,5,97,74
169,391,461,324.2,341.4,10,1,0,0,87162,5,86,86
66,316,462,337.2,354.4,10,1,0,0,93160,5,105,86
98,391,461,324.2,341.4,10,1,0,0,87162,5,86,86
113,92,466,250.5,263.5,10,1,0,0,51498,5,87,65
35,103,474,309.2,324.4,10,1,0,0,72496,5,104,76
157,133,465,258.9,272.3,10,1,0,0,45832,5,72,67
178,99,468,235,247,10,1,0,0,52998,5,67,60
52,36,475,280.1,294.7,10,1,0,0,63998,5,73,73
99,113,468,255.9,269.3,10,1,0,0,57998,5,75,67
84,103,463,295.7,309.9,10,1,0,0,74996,5,104,71
170,58,475,306,322,10,1,0,0,65664,5,80,80
44,115,475,287.5,302.5,10,1,0,0,67330,5,83,75
68,303,464,286.5,301.5,10,1,0,0,53998,5,84,75
13,339,452,249.5,262.5,10,1,0,0,45832,5,81,65
111,17,467,242.1,254.7,10,1,0,0,52332,5,63,63
33,5,468,278.1,292.7,10,1,0,0,66664,5,81,73
135,205,465,283.1,297.7,10,1,0,0,54832,5,84,73
137,177,475,237.7,249.9,10,1,0,0,43998,5,74,61
193,205,465,283.1,297.7,10,1,0,0,54832,5,84,73
181,287,471,259.6,273.2,10,1,0,0,57332,5,68,68
118,212,467,260.6,274.2,10,1,0,0,65664,5,68,68
67,411,467,302,318,10,1,0,0,59664,5,80,80
27,278,465,327.5,344.5,10,1,0,0,76496,5,98,85
166,420,468,296.5,311.5,10,1,0,0,51498,5,96,75
39,245,468,278.1,292.7,10,1,0,0,73330,5,81,73
128,244,465,298.3,314.1,10,1,0,0,85494,5,79,79
182,287,468,249.8,262.6,10,1,0,0,51332,5,71,64
115,200,475,330.2,347.4,10,1,0,0,70664,5,86,86
102,139,475,274.7,288.9,10,1,0,0,52332,5,79,71
10,286,458,229.3,241.1,10,1,0,0,43166,5,62,59
69,64,469,264.9,278.3,10,1,0,0,52332,5,75,67
127,254,465,309,325,10,1,0,0,80662,5,93,80
15,287,459,273.7,287.9,10,1,0,0,58332,5,74,71
172,306,466,290.5,305.5,10,1,0,0,56498,5,96,75
144,308,469,294.2,309.4,10,1,0,0,66330,5,95,76
141,101,469,280.8,295.6,10,1,0,0,77330,5,81,74
121,349,471,233.2,244.4,10,1,0,0,57164,5,82,56
55,31,465,283.1,297.7,10,1,0,0,81496,5,73,73
90,197,470,300.3,316.1,10,1,0,0,55832,5,89,79
108,9,473,384.3,404.1,10,1,0,0,93162,5,117,99
41,141,468,241,253,10,1,0,0,48832,5,66,60
85,103,472,324,340,10,1,0,0,77496,5,108,80
114,192,475,331.9,349.3,10,1,0,0,85662,5,87,87
65,433,462,233.6,245.2,10,1,0,0,44498,5,77,58
26,444,467,331.6,349.2,10,1,0,0,87994,5,88,88
80,53,466,320.1,336.7,10,1,0,0,69164,5,83,83
148,18,475,306,322,10,1,0,0,77330,5,80,80
78,19,475,309.7,325.9,10,1,0,0,77330,5,82,81
122,46,468,285.5,300.5,10,1,0,0,71664,5,75,75
21,140,475,292.1,306.7,10,1,0,0,61498,5,91,73
75,254,469,327.2,344.4,10,1,0,0,94660,5,95,86
117,154,467,319.8,336.6,10,1,0,0,86994,5,93,84
95,399,462,266.9,280.3,10,1,0,0,86660,5,86,67
134,308,474,325.2,342.4,10,1,0,0,73330,5,93,86
106,428,462,363.1,381.7,10,1,0,0,89828,5,112,93
53,190,469,319.8,336.6,10,1,0,0,88162,5,84,84
136,280,469,364.2,383.4,10,1,0,0,96494,5,105,96
36,9,461,399.1,419.7,10,1,0,0,113826,5,121,103
23,405,472,338.9,356.3,10,1,0,0,84328,5,101,87
91,239,465,346,364,10,1,0,0,95660,5,90,90
11,65,458,281.4,295.8,10,1,0,0,54166,5,77,72
63,154,468,327.8,344.6,10,1,0,0,88994,5,93,84
189,168,469,335.8,352.6,10,1,0,0,105326,5,107,84
162,361,473,358.5,377.5,10,1,0,0,84662,5,102,95
37,353,463,357.4,375.8,10,1,0,0,97160,5,109,92
8,388,452,331.4,347.8,10,1,0,0,72664,5,107,82
123,270,470,285.5,300.5,10,1,0,0,68996,5,75,75
14,255,459,370.2,389.4,10,1,0,0,99994,5,101,96
42,407,471,209.4,219.8,10,1,0,0,80160,5,69,52
156,421,464,358,376,10,1,0,0,78162,5,119,90
60,315,464,364.9,384.3,10,1,0,0,94994,5,107,97
138,392,466,361.2,380.4,10,1,0,0,93994,5,104,96
184,427,464,353.8,372.6,10,1,0,0,80662,5,104,94
179,34,475,343,361,10,1,0,0,105660,5,90,90
31,417,463,373.3,393.1,10,1,0,0,88828,5,106,99
12,28,458,303.6,319.2,10,1,0,0,79830,5,83,78
159,84,468,321.3,337.1,10,1,0,0,82496,5,100,79
165,362,473,365.9,385.3,10,1,0,0,98828,5,104,97
61,364,462,415.4,435.8,10,1,0,0,116492,5,140,102
107,203,475,385.7,405.9,10,1,0,0,103994,5,101,101
25,428,468,390.8,411.6,10,1,0,0,92328,5,112,104
120,130,469,347.4,365.8,10,1,0,0,103994,5,99,92
147,116,470,358.7,376.9,10,1,0,0,99994,5,113,91
173,203,469,364.2,383.4,10,1,0,0,101494,5,103,96
70,361,466,390.4,410.8,10,1,0,0,97328,5,123,102
160,418,475,391,411,10,1,0,0,99994,5,121,100
97,418,475,391,411,10,1,0,0,99994,5,121,100
143,130,468,364.5,383.5,10,1,0,0,111660,5,102,95
180,202,475,407.9,429.3,10,1,0,0,114826,5,107,107
40,8,475,452.3,474.1,10,1,0,0,131490,5,148,109
177,203,467,375.3,395.1,10,1,0,0,108160,5,106,99
88,102,470,370.6,390.2,10,1,0,0,113992,5,98,98
112,10,469,408.6,430.2,10,1,0,0,118158,5,108,108
64,429,473,419.7,441.9,10,1,0,0,114660,5,120,111
87,423,464,412.4,432.8,10,1,0,0,105660,5,141,102
92,233,471,196.7,206.9,10,1,0,0,29500,5,51,51
45,162,471,204.1,214.7,10,1,0,0,32000,5,53,53
