demandID,SourceID,DestinationID,MinDelay,MaxDelay,Bandwidth,Ishotstandby,DelayDifference,DisjointType,WorkOptCostRangeType,MinCostDelay,MinDelayDelay
90,1899,2055,159.5,166.5,10,1,0,0,17500,5,35,35
130,262,2058,154.6,162.2,10,1,0,0,16000,5,52,38
41,113,2047,160.3,168.1,10,1,0,0,16500,5,39,39
102,559,2028,134.8,141.6,10,1,0,0,14000,5,40,34
129,700,2066,205.8,216.6,10,1,0,0,26166,5,60,54
124,305,2063,222.5,233.5,10,1,0,0,36832,5,74,55
61,150,2032,184.8,193.6,10,1,0,0,23500,5,44,44
128,1436,2073,207.7,217.9,10,1,0,0,27666,5,62,51
65,1370,2046,219.9,231.3,10,1,0,0,41998,5,72,57
103,1882,2045,260.1,272.7,10,1,0,0,40998,5,90,63
58,337,2007,192.5,201.5,10,1,0,0,24500,5,71,45
133,11,2063,257.2,270.4,10,1,0,0,50164,5,79,66
38,79,2004,222.6,234.2,10,1,0,0,29666,5,66,58
138,269,2073,241,253,10,1,0,0,46664,5,79,60
42,596,2025,248.5,261.5,10,1,0,0,29166,5,73,65
136,1596,2073,233.3,245.1,10,1,0,0,27666,5,74,59
113,445,2035,231,243,10,1,0,0,34166,5,67,60
33,1639,2026,263.6,277.2,10,1,0,0,48664,5,80,68
125,792,2060,224.6,236.2,10,1,0,0,26166,5,68,58
122,87,2071,241.1,253.7,10,1,0,0,39998,5,71,63
94,1153,2041,233,245,10,1,0,0,23000,5,71,60
46,1382,2041,230,240,10,1,0,0,29166,5,70,50
70,1026,1997,228.6,240.2,10,1,0,0,29166,5,58,58
67,537,2023,245.8,258.6,10,1,0,0,27500,5,73,64
110,454,2057,251.5,264.5,10,1,0,0,41332,5,76,65
105,739,2029,271.7,285.9,10,1,0,0,53664,5,80,71
97,264,2005,252.2,265.4,10,1,0,0,34166,5,74,66
96,1404,2056,267,279,10,1,0,0,33166,5,105,60
57,859,2028,277.7,291.9,10,1,0,0,41332,5,81,71
36,741,2027,290.9,306.3,10,1,0,0,66996,5,83,77
77,1541,2025,282.1,296.7,10,1,0,0,56830,5,85,73
112,796,1997,277.7,291.9,10,1,0,0,39332,5,86,71
119,1891,2030,253.1,265.7,10,1,0,0,38332,5,63,63
93,1837,2024,279.4,293.8,10,1,0,0,46998,5,76,72
27,433,2053,262.6,276.2,10,1,0,0,44332,5,79,68
29,231,1993,306.1,320.7,10,1,0,0,66496,5,109,73
116,1491,2038,298.5,313.5,10,1,0,0,45498,5,96,75
115,925,2055,311.4,327.8,10,1,0,0,41166,5,90,82
117,928,2028,279.7,293.9,10,1,0,0,56164,5,93,71
111,1666,2026,300.6,316.2,10,1,0,0,42832,5,89,78
43,1955,2033,258.2,271.4,10,1,0,0,40332,5,80,66
83,79,2017,231.3,243.1,10,1,0,0,32666,5,72,59
69,114,2003,276,290,10,1,0,0,36666,5,70,70
118,572,1989,288.7,302.9,10,1,0,0,41832,5,97,71
85,151,2014,230.6,242.2,10,1,0,0,28500,5,58,58
82,66,2028,254.5,267.5,10,1,0,0,44998,5,79,65
47,1536,2053,280.8,295.6,10,1,0,0,41832,5,81,74
123,24,2073,294,308,10,1,0,0,44998,5,105,70
84,703,2028,308.7,324.9,10,1,0,0,56164,5,90,81
54,1218,2036,265.6,279.2,10,1,0,0,42332,5,82,68
49,408,2057,303.6,319.2,10,1,0,0,53998,5,93,78
99,1059,2020,278.4,292.8,10,1,0,0,47498,5,77,72
50,1733,1996,285.8,300.6,10,1,0,0,28000,5,86,74
34,1634,2053,282.8,297.6,10,1,0,0,29500,5,76,74
101,45,2004,285.4,299.8,10,1,0,0,45332,5,91,72
127,1429,2065,270.6,284.2,10,1,0,0,41832,5,87,68
39,1758,2034,283.5,298.5,10,1,0,0,28500,5,81,75
40,374,2056,288.5,303.5,10,1,0,0,42666,5,86,75
131,419,2068,319.7,335.9,10,1,0,0,56664,5,101,81
59,847,2038,265.8,278.6,10,1,0,0,38166,5,93,64
60,1892,2035,300.9,316.3,10,1,0,0,36666,5,77,77
92,472,2032,324.8,341.6,10,1,0,0,57998,5,96,84
137,1116,2070,306.3,322.1,10,1,0,0,46832,5,84,79
81,1373,2044,318.4,334.8,10,1,0,0,69996,5,97,82
135,47,2062,294.8,309.6,10,1,0,0,58164,5,98,74
126,275,2067,280.4,294.8,10,1,0,0,35666,5,82,72
76,982,2055,315.1,331.7,10,1,0,0,42166,5,91,83
109,1922,1998,308,324,10,1,0,0,46832,5,92,80
71,1839,2023,317.8,334.6,10,1,0,0,67830,5,91,84
48,515,2028,345.5,360.5,10,1,0,0,62830,5,143,75
91,286,2039,283.5,298.5,10,1,0,0,37666,5,75,75
95,1064,2013,314.4,330.8,10,1,0,0,43666,5,93,82
80,1585,2022,317.4,333.8,10,1,0,0,43666,5,91,82
140,1325,2067,344.9,362.3,10,1,0,0,59164,5,105,87
114,1540,2038,351.2,368.4,10,1,0,0,71996,5,111,86
