demandID,SourceID,DestinationID,MinDelay,MaxDelay,Bandwidth,Ishotstandby,DelayDifference,DisjointType,WorkOptCostRangeType,MinCostDelay,MinDelayDelay
8,3,464,62.6,64.3,10,0,0,-1,27998,5,55,49
204,413,460,200.4,210.8,10,0,0,-1,32832,5,66,52
78,128,463,154.3,162.1,10,0,0,-1,15500,5,49,39
180,189,470,157.6,165.2,10,0,0,-1,22166,5,44,38
107,0,462,165.1,173.7,10,0,0,-1,15500,5,49,43
221,185,464,161.3,169.1,10,0,0,-1,22666,5,45,39
3,162,462,95.4,97.2,10,0,0,-1,42330,3,99,81
83,183,464,183.5,192.5,10,0,0,-1,23166,5,51,45
109,185,468,172.4,180.8,10,0,0,-1,23166,5,48,42
84,409,464,167.1,175.7,10,0,0,-1,18500,5,57,43
155,234,461,167.1,175.7,10,0,0,-1,16500,5,51,43
222,299,476,154.3,162.1,10,0,0,-1,16500,5,45,39
71,0,463,169.1,177.7,10,0,0,-1,16500,5,49,43
67,355,464,163.4,171.8,10,0,0,-1,44164,5,63,42
27,129,462,202.1,212.7,10,0,0,-1,23666,5,59,53
126,375,463,143.1,149.7,10,0,0,-1,29332,5,33,33
6,212,476,80.8,81.9,10,0,0,-1,30498,5,74,72
178,408,460,207.8,218.6,10,0,0,-1,28666,5,54,54
113,332,468,181.9,191.3,10,0,0,-1,31332,5,72,47
147,5,462,216.9,228.3,10,0,0,-1,24166,5,63,57
165,276,464,198.3,208.1,10,0,0,-1,44164,5,55,49
173,142,463,180.1,188.7,10,0,0,-1,17000,5,43,43
100,377,474,174.5,183.5,10,0,0,-1,25166,5,45,45
148,10,463,191.2,200.4,10,0,0,-1,19000,5,50,46
142,3,464,198.3,208.1,10,0,0,-1,30832,5,55,49
80,236,463,224.6,236.2,10,0,0,-1,31832,5,68,58
82,410,470,163.4,171.8,10,0,0,-1,19500,5,56,42
4,304,472,85.4,86.2,10,0,0,-1,53662,3,87,79
170,127,475,188.3,198.1,10,0,0,-1,17000,5,49,49
212,353,463,198.6,208.2,10,0,0,-1,32832,5,69,48
149,367,471,179.1,187.7,10,0,0,-1,28832,5,43,43
215,366,467,194.1,202.7,10,0,0,-1,27666,5,84,43
7,50,465,96,97,10,0,0,-1,45330,3,98,88
184,340,462,230,242,10,0,0,-1,34832,5,74,60
131,11,476,179.2,188.4,10,0,0,-1,18500,5,46,46
159,327,461,206.1,216.7,10,0,0,-1,20500,5,55,53
39,90,464,194.6,204.2,10,0,0,-1,25666,5,54,48
9,366,470,73.2,76.6,10,0,0,-1,27498,3,86,46
0,428,449,154,157.5,10,0,0,-1,71828,3,161,126
17,122,448,244.3,256.1,10,0,0,-1,51830,5,85,59
96,143,471,182.2,191.4,10,0,0,-1,20500,5,46,46
62,143,471,182.2,191.4,10,0,0,-1,20500,5,46,46
88,167,467,182.9,192.3,10,0,0,-1,20500,5,56,47
108,183,462,224.2,235.4,10,0,0,-1,29666,5,62,56
164,183,462,224.2,235.4,10,0,0,-1,29666,5,62,56
195,366,470,204.2,213.4,10,0,0,-1,28166,5,86,46
54,194,475,195.7,205.9,10,0,0,-1,19000,5,51,51
169,219,467,175.5,184.5,10,0,0,-1,20500,5,54,45
95,301,462,257.5,270.5,10,0,0,-1,37332,5,71,65
117,349,474,259.6,273.2,10,0,0,-1,30166,5,83,68
111,275,476,198.7,208.9,10,0,0,-1,43498,5,57,51
11,366,467,71,74.5,10,0,0,-1,30498,3,84,43
51,123,471,237.7,249.9,10,0,0,-1,50664,5,61,61
48,35,463,191.2,200.4,10,0,0,-1,21500,5,50,46
90,21,467,201.4,211.8,10,0,0,-1,22500,5,61,52
106,332,470,196.7,206.9,10,0,0,-1,37832,5,51,51
143,159,476,231,243,10,0,0,-1,29166,5,60,60
118,362,473,263.3,277.1,10,0,0,-1,37832,5,94,69
219,356,468,204.1,214.7,10,0,0,-1,55830,5,78,53
58,117,462,239,251,10,0,0,-1,24000,5,66,60
94,247,475,210.5,221.5,10,0,0,-1,21500,5,55,55
91,307,471,248.8,261.6,10,0,0,-1,52664,5,64,64
181,327,471,208.1,218.7,10,0,0,-1,22500,5,53,53
69,304,472,300.3,316.1,10,0,0,-1,60330,5,87,79
156,118,464,257.5,270.5,10,0,0,-1,30166,5,71,65
214,54,463,217.1,227.7,10,0,0,-1,29166,5,57,53
75,101,476,242.1,254.7,10,0,0,-1,40832,5,63,63
59,379,474,259.6,273.2,10,0,0,-1,45998,5,68,68
85,313,467,197.7,207.9,10,0,0,-1,30166,5,60,51
129,101,475,258.6,272.2,10,0,0,-1,40332,5,73,68
36,335,462,259.6,273.2,10,0,0,-1,40832,5,68,68
179,281,475,254.9,268.3,10,0,0,-1,46998,5,72,67
132,122,473,277.6,291.2,10,0,0,-1,62830,5,94,68
218,281,475,254.9,268.3,10,0,0,-1,46998,5,72,67
201,68,476,223.6,235.2,10,0,0,-1,25000,5,58,58
45,162,473,284.7,298.9,10,0,0,-1,56164,5,93,71
189,102,469,243.3,255.1,10,0,0,-1,37166,5,65,59
157,410,469,211.5,222.5,10,0,0,-1,28000,5,75,55
161,132,467,268,282,10,0,0,-1,56164,5,79,70
152,113,464,264.9,278.3,10,0,0,-1,39332,5,73,67
211,197,476,238.4,250.8,10,0,0,-1,40832,5,62,62
81,339,471,216.1,226.7,10,0,0,-1,34666,5,67,53
44,180,469,222.2,233.4,10,0,0,-1,34166,5,62,56
76,415,473,270.7,284.9,10,0,0,-1,43332,5,96,71
135,4,463,276.4,290.8,10,0,0,-1,40832,5,82,72
166,64,467,238.4,250.8,10,0,0,-1,46998,5,71,62
46,180,469,222.2,233.4,10,0,0,-1,34166,5,62,56
175,304,466,268.3,282.1,10,0,0,-1,79162,5,82,69
224,411,470,226.3,238.1,10,0,0,-1,35666,5,73,59
49,115,467,245.8,258.6,10,0,0,-1,48664,5,73,64
64,132,470,287.1,301.7,10,0,0,-1,75828,5,79,73
208,371,471,241.6,253.2,10,0,0,-1,28000,5,65,58
216,55,469,217.4,227.8,10,0,0,-1,30500,5,58,52
86,19,463,261.5,274.5,10,0,0,-1,35166,5,69,65
196,112,462,250.1,262.7,10,0,0,-1,34166,5,69,63
151,169,476,245.8,258.6,10,0,0,-1,36666,5,73,64
138,22,476,245.8,258.6,10,0,0,-1,36666,5,73,64
213,304,467,306.9,322.3,10,0,0,-1,65330,5,99,77
98,342,462,296.6,312.2,10,0,0,-1,58664,5,92,78
41,33,467,256.9,270.3,10,0,0,-1,36166,5,76,67
210,215,464,279.7,293.9,10,0,0,-1,48498,5,77,71
20,365,471,242,254,10,0,0,-1,30500,5,74,60
26,19,475,254.9,268.3,10,0,0,-1,36166,5,81,67
177,362,463,287.4,301.8,10,0,0,-1,46332,5,90,72
115,170,467,253.2,266.4,10,0,0,-1,42832,5,75,66
35,360,473,333.6,351.2,10,0,0,-1,61664,5,113,88
192,23,467,256.9,270.3,10,0,0,-1,42832,5,76,67
28,358,467,269.8,282.6,10,0,0,-1,67996,5,103,64
19,28,450,331.5,348.5,10,0,0,-1,75496,5,102,85
32,233,469,243.3,255.1,10,0,0,-1,33000,5,65,59
124,16,474,269.7,283.9,10,0,0,-1,55164,5,78,71
209,397,462,352.1,370.7,10,0,0,-1,76496,5,93,93
21,92,462,287.1,301.7,10,0,0,-1,51498,5,79,73
24,401,467,253.2,266.4,10,0,0,-1,43832,5,75,66
172,257,463,257.8,270.6,10,0,0,-1,31000,5,68,64
119,348,470,281.8,296.6,10,0,0,-1,47332,5,88,74
217,349,470,278.1,292.7,10,0,0,-1,40666,5,87,73
72,118,467,264.3,278.1,10,0,0,-1,38666,5,78,69
120,118,470,283.4,297.8,10,0,0,-1,43166,5,78,72
182,342,461,309.7,325.9,10,0,0,-1,62664,5,97,81
74,391,471,316,332,10,0,0,-1,62164,5,80,80
125,333,469,252.2,265.4,10,0,0,-1,50164,5,91,66
89,397,467,327.2,344.4,10,0,0,-1,75496,5,95,86
146,404,466,302.9,318.3,10,0,0,-1,70330,5,95,77
140,114,474,287.2,302.4,10,0,0,-1,53498,5,82,76
73,333,469,252.2,265.4,10,0,0,-1,50164,5,91,66
200,204,471,289.5,304.5,10,0,0,-1,61664,5,75,75
29,330,471,249.4,261.8,10,0,0,-1,42832,5,62,62
167,23,463,294.8,309.6,10,0,0,-1,46832,5,78,74
56,400,461,287.5,302.5,10,0,0,-1,41166,5,77,75
50,123,469,272.9,286.3,10,0,0,-1,62164,5,73,67
53,424,464,318.8,335.6,10,0,0,-1,62664,5,92,84
168,90,469,266.6,280.2,10,0,0,-1,43166,5,74,68
68,245,476,286.5,301.5,10,0,0,-1,48332,5,84,75
1,360,473,94.4,95.2,10,0,0,-1,71494,3,113,88
130,181,469,259.2,272.4,10,0,0,-1,43332,5,72,66
127,171,471,337.6,355.2,10,0,0,-1,62498,5,100,88
110,413,471,271.6,285.2,10,0,0,-1,46332,5,94,68
220,423,463,309.6,325.2,10,0,0,-1,59998,5,99,78
60,32,476,275.4,289.8,10,0,0,-1,48332,5,81,72
162,238,461,355.8,374.6,10,0,0,-1,82828,5,102,94
102,253,475,284.5,299.5,10,0,0,-1,49332,5,82,75
160,360,463,357.7,375.9,10,0,0,-1,70164,5,109,91
65,162,462,317.7,333.9,10,0,0,-1,59164,5,99,81
37,435,463,376.2,395.4,10,0,0,-1,72664,5,108,96
2,435,463,112.8,114.9,10,0,0,-1,78160,5,108,96
205,324,467,286.5,301.5,10,0,0,-1,48332,5,84,75
31,424,462,359.5,378.5,10,0,0,-1,72664,5,103,95
207,424,462,359.5,378.5,10,0,0,-1,72664,5,103,95
112,296,476,323.5,340.5,10,0,0,-1,53332,5,85,85
133,378,469,267,281,10,0,0,-1,51332,5,78,70
97,119,461,333.6,351.2,10,0,0,-1,52332,5,96,88
87,93,461,329.9,347.3,10,0,0,-1,65664,5,95,87
121,415,469,315.1,331.7,10,0,0,-1,53832,5,97,83
174,315,463,313.3,329.1,10,0,0,-1,55998,5,83,79
57,38,463,302.2,317.4,10,0,0,-1,55998,5,80,76
116,408,469,289.2,304.4,10,0,0,-1,47166,5,76,76
5,444,463,160.8,162.9,10,0,0,-1,104824,5,152,144
150,396,470,344.7,362.9,10,0,0,-1,88994,5,91,91
145,244,475,314.1,330.7,10,0,0,-1,60998,5,97,83
52,205,469,309.9,325.3,10,0,0,-1,78162,5,83,77
187,30,463,383.6,403.2,10,0,0,-1,70164,5,102,98
99,212,476,277.4,291.8,10,0,0,-1,48332,5,74,72
10,371,471,79.6,82.3,10,0,0,-1,48496,5,65,58
176,436,472,400.2,421.4,10,0,0,-1,82830,5,114,106
34,436,468,389.1,409.7,10,0,0,-1,82830,5,111,103
183,436,468,389.1,409.7,10,0,0,-1,82830,5,111,103
12,420,346,362.2,381.4,10,0,0,-1,85328,5,103,96
103,134,463,383.7,403.9,10,0,0,-1,89328,5,111,101
114,386,474,381.7,401.9,10,0,0,-1,96660,5,109,101
191,304,469,372.1,390.7,10,0,0,-1,92494,5,112,93
40,92,469,318.4,334.8,10,0,0,-1,79662,5,88,82
105,164,469,317.3,333.1,10,0,0,-1,72996,5,85,79
225,214,469,314.7,330.9,10,0,0,-1,65830,5,93,81
171,393,461,431.8,454.6,10,0,0,-1,100160,5,116,114
122,204,469,324.7,340.9,10,0,0,-1,85828,5,87,81
77,412,469,317.4,333.8,10,0,0,-1,53832,5,108,82
13,167,455,316.1,332.7,10,0,0,-1,39500,5,92,83
23,254,476,319.8,336.6,10,0,0,-1,74996,5,84,84
141,50,465,335.6,353.2,10,0,0,-1,63664,5,98,88
38,396,469,392.8,413.6,10,0,0,-1,97994,5,129,104
203,279,469,383.9,403.3,10,0,0,-1,97494,5,103,97
128,115,469,321,337,10,0,0,-1,64164,5,86,80
15,178,455,327.2,344.4,10,0,0,-1,51166,5,95,86
43,239,463,383.7,403.9,10,0,0,-1,91494,5,111,101
101,216,476,361.5,380.5,10,0,0,-1,81662,5,101,95
206,16,475,317.4,333.8,10,0,0,-1,66664,5,89,82
22,94,470,375.9,395.3,10,0,0,-1,96494,5,103,97
202,174,467,371.6,391.2,10,0,0,-1,77830,5,107,98
123,261,476,356.8,375.6,10,0,0,-1,88328,5,96,94
198,344,468,366.9,386.3,10,0,0,-1,83496,5,122,97
14,428,452,443.3,465.1,10,0,0,-1,115992,5,149,109
70,228,467,382.7,402.9,10,0,0,-1,90328,5,110,101
163,137,476,393.8,414.6,10,0,0,-1,97494,5,104,104
226,230,469,391.3,411.1,10,0,0,-1,86662,5,105,99
199,174,463,409.5,430.5,10,0,0,-1,83496,5,109,105
18,393,455,449.3,473.1,10,0,0,-1,133656,5,119,119
185,96,471,400.5,421.5,10,0,0,-1,108326,5,105,105
197,229,471,415.3,437.1,10,0,0,-1,93328,5,109,109
193,286,469,346.9,364.3,10,0,0,-1,70830,5,87,87
139,430,467,367.9,387.3,10,0,0,-1,100160,5,106,97
30,218,467,419.7,441.9,10,0,0,-1,101994,5,120,111
186,95,463,424.4,446.8,10,0,0,-1,102660,5,122,112
154,135,467,416,438,10,0,0,-1,110326,5,119,110
47,31,469,398.7,418.9,10,0,0,-1,89162,5,107,101
158,138,469,402.4,422.8,10,0,0,-1,95828,5,108,102
93,172,463,402.1,422.7,10,0,0,-1,87662,5,107,103
25,386,461,428.1,450.7,10,0,0,-1,106160,5,123,113
144,344,473,385.4,405.8,10,0,0,-1,101660,5,113,102
61,385,462,440.9,464.3,10,0,0,-1,114326,5,125,117
194,380,469,396.5,417.5,10,0,0,-1,96328,5,113,105
55,218,476,435.5,458.5,10,0,0,-1,111660,5,121,115
136,384,464,445.2,468.4,10,0,0,-1,119492,5,132,116
66,384,464,445.2,468.4,10,0,0,-1,119492,5,132,116
104,264,463,468.7,492.9,10,0,0,-1,119326,5,142,121
190,29,469,443.1,465.7,10,0,0,-1,107494,5,119,113
134,172,469,439.4,461.8,10,0,0,-1,100828,5,118,112
188,149,469,443.1,465.7,10,0,0,-1,122492,5,119,113
33,440,473,507.5,534.5,10,0,0,-1,146156,5,143,135
137,150,471,459.7,483.9,10,0,0,-1,124992,5,133,121
223,28,469,469.2,492.4,10,0,0,-1,129992,5,156,116
79,444,463,553.8,582.6,10,0,0,-1,158822,5,152,144
42,440,470,503.8,530.6,10,0,0,-1,155656,5,142,134
153,444,470,526,554,10,0,0,-1,157822,5,148,140
16,428,449,501.2,526.4,10,0,0,-1,127992,5,161,126
63,225,469,517.1,543.7,10,0,0,-1,140824,5,158,133
92,441,470,570.4,600.8,10,0,0,-1,179820,5,160,152
