demandID,SourceID,DestinationID,MinDelay,MaxDelay,Bandwidth,Ishotstandby,DelayDifference,DisjointType,WorkOptCostRangeType,MinCostDelay,MinDelayDelay
11,194,466,51,52.5,10,0,0,-1,15000,3,54,39
6,230,466,77,78.5,10,0,0,-1,21666,3,80,65
10,225,474,67.4,69.7,10,0,0,-1,32998,3,72,49
15,374,480,128,129.5,10,0,0,-1,55662,3,131,116
5,228,472,49.6,50.3,10,0,0,-1,15500,3,51,44
13,145,472,67.6,68.3,10,0,0,-1,22166,3,69,62
17,73,472,93.6,94.3,10,0,0,-1,28832,3,95,88
14,59,472,130.6,131.3,10,0,0,-1,48830,3,132,125
8,297,483,74.4,75.7,10,0,0,-1,17500,3,77,64
19,307,481,80.4,82.2,10,0,0,-1,23166,5,66,66
9,100,481,113.4,115.2,10,0,0,-1,36498,5,99,99
173,160,482,154.6,162.2,10,0,0,-1,29332,5,52,38
1,120,458,99.2,100.6,10,0,0,-1,29332,5,98,88
39,406,483,170.8,179.6,10,0,0,-1,24166,5,52,44
149,408,466,174.8,183.6,10,0,0,-1,19000,5,56,44
55,417,474,204.1,214.7,10,0,0,-1,38498,5,61,53
158,284,482,158.7,166.9,10,0,0,-1,25166,5,48,41
77,357,482,215.2,226.4,10,0,0,-1,25166,5,64,56
2,265,456,117.2,118.6,10,0,0,-1,45164,5,116,106
88,215,476,192,202,10,0,0,-1,30832,5,53,50
103,86,479,215,225,10,0,0,-1,31832,5,80,50
111,278,480,138.5,145.5,10,0,0,-1,28832,5,44,35
71,319,481,184.4,192.8,10,0,0,-1,18500,5,53,42
100,128,479,215,225,10,0,0,-1,38498,5,80,50
63,159,472,150.6,158.2,10,0,0,-1,23666,5,48,38
51,228,472,169.8,178.6,10,0,0,-1,18000,5,51,44
33,309,480,173.4,181.8,10,0,0,-1,18000,5,60,42
121,285,473,221.9,233.3,10,0,0,-1,31832,5,68,57
86,315,475,206.7,216.9,10,0,0,-1,25166,5,69,51
84,225,474,204.3,214.1,10,0,0,-1,35498,5,72,49
119,380,467,169.5,176.5,10,0,0,-1,21000,5,46,35
106,194,466,159.3,167.1,10,0,0,-1,19000,5,54,39
172,194,475,165.7,173.9,10,0,0,-1,17000,5,70,41
94,176,465,195.7,205.9,10,0,0,-1,32832,5,58,51
36,408,483,188.6,198.2,10,0,0,-1,22000,5,59,48
45,308,480,188.2,197.4,10,0,0,-1,25666,5,64,46
143,228,467,172.9,180.3,10,0,0,-1,19500,5,73,37
78,436,465,196,206,10,0,0,-1,34832,5,61,50
129,346,474,214.5,225.5,10,0,0,-1,40498,5,66,55
43,61,474,195.3,205.1,10,0,0,-1,24666,5,63,49
83,231,483,199,209,10,0,0,-1,20000,5,64,50
74,159,473,180.5,189.5,10,0,0,-1,24666,5,59,45
114,114,482,199.4,209.8,10,0,0,-1,40998,5,59,52
170,402,465,233.7,245.9,10,0,0,-1,54830,5,69,61
155,402,465,233.7,245.9,10,0,0,-1,54830,5,69,61
126,214,472,195.7,205.9,10,0,0,-1,40998,5,58,51
81,276,469,171.1,179.7,10,0,0,-1,31832,5,43,43
44,295,471,184.6,194.2,10,0,0,-1,28166,5,55,48
66,159,476,180.5,189.5,10,0,0,-1,25666,5,59,45
148,244,467,184,192,10,0,0,-1,21500,5,76,40
42,193,480,214.1,224.7,10,0,0,-1,27666,5,71,53
152,230,474,217.5,228.5,10,0,0,-1,26666,5,69,55
46,209,473,251.5,264.5,10,0,0,-1,41498,5,76,65
16,153,480,109.4,111.2,10,0,0,-1,54496,3,113,95
118,67,482,199.4,209.8,10,0,0,-1,28166,5,58,52
145,297,474,198,208,10,0,0,-1,20500,5,63,50
138,276,467,183.5,192.5,10,0,0,-1,32832,5,62,45
89,278,467,185.1,193.7,10,0,0,-1,32832,5,69,43
141,219,475,202.7,212.9,10,0,0,-1,20000,5,80,51
52,350,473,292.8,307.6,10,0,0,-1,64996,5,93,74
128,47,482,195.7,205.9,10,0,0,-1,22000,5,57,51
113,131,475,203,213,10,0,0,-1,21000,5,57,50
178,180,482,236.4,248.8,10,0,0,-1,43998,5,69,62
101,21,474,224.9,236.3,10,0,0,-1,54330,5,71,57
49,316,473,255.2,268.4,10,0,0,-1,34832,5,77,66
54,33,468,280.4,294.8,10,0,0,-1,56330,5,100,72
18,263,476,114.4,115.7,10,0,0,-1,47996,3,117,104
34,271,466,201.4,211.8,10,0,0,-1,29166,5,61,52
85,132,471,217.5,228.5,10,0,0,-1,22500,5,69,55
159,294,471,232.7,244.9,10,0,0,-1,37832,5,68,61
73,421,464,262.6,276.2,10,0,0,-1,33500,5,79,68
7,351,482,100.6,101.8,10,0,0,-1,59828,3,103,91
4,252,468,127,129,10,0,0,-1,64828,3,145,111
12,351,468,92.6,93.8,10,0,0,-1,59828,3,95,83
144,377,464,281.1,295.7,10,0,0,-1,50998,5,84,73
169,332,482,233.7,245.9,10,0,0,-1,28500,5,69,61
139,145,472,236.4,248.8,10,0,0,-1,30166,5,69,62
153,86,481,258.5,271.5,10,0,0,-1,41332,5,65,65
156,346,467,243.5,254.5,10,0,0,-1,44498,5,66,55
64,71,471,228.6,240.2,10,0,0,-1,23500,5,72,58
23,85,462,243.8,256.6,10,0,0,-1,33166,5,71,64
146,19,472,269.7,283.9,10,0,0,-1,59330,5,78,71
104,47,473,236.7,248.9,10,0,0,-1,23000,5,72,61
98,348,465,255.2,268.4,10,0,0,-1,58830,5,77,66
109,360,483,251.5,264.5,10,0,0,-1,32166,5,76,65
90,210,471,258.6,272.2,10,0,0,-1,53164,5,75,68
35,412,464,310.7,326.9,10,0,0,-1,60164,5,92,81
87,278,481,194,204,10,0,0,-1,33832,5,59,50
0,76,460,127.4,128.2,10,0,0,-1,55662,3,129,121
107,22,475,254.5,267.5,10,0,0,-1,50664,5,94,65
132,321,465,277.4,291.8,10,0,0,-1,39832,5,83,72
151,246,473,270,284,10,0,0,-1,37332,5,81,70
96,62,473,274,288,10,0,0,-1,37332,5,85,70
82,46,476,247.5,260.5,10,0,0,-1,31166,5,72,65
182,163,476,284.1,298.7,10,0,0,-1,58330,5,87,73
177,113,475,269.6,283.2,10,0,0,-1,52664,5,86,68
58,230,476,269.3,283.1,10,0,0,-1,31666,5,83,69
48,178,469,319.1,335.7,10,0,0,-1,55664,5,90,83
122,229,483,270.6,284.2,10,0,0,-1,38332,5,87,68
115,323,468,281.1,295.7,10,0,0,-1,52664,5,84,73
80,121,480,305,321,10,0,0,-1,52498,5,89,80
166,417,481,259.1,271.7,10,0,0,-1,45498,5,71,63
65,297,483,249.8,262.6,10,0,0,-1,26500,5,77,64
150,297,475,242.4,254.8,10,0,0,-1,24500,5,75,62
32,290,468,344.7,362.9,10,0,0,-1,70496,5,106,91
69,348,467,273.1,285.7,10,0,0,-1,60330,5,74,63
29,242,461,252.1,264.7,10,0,0,-1,37332,5,78,63
108,411,465,288.5,303.5,10,0,0,-1,48998,5,86,75
30,23,461,261.1,273.7,10,0,0,-1,46498,5,87,63
191,307,481,262.2,275.4,10,0,0,-1,36166,5,66,66
131,365,464,308,324,10,0,0,-1,53498,5,92,80
134,278,476,222.9,234.3,10,0,0,-1,35832,5,69,57
181,272,482,218.9,230.3,10,0,0,-1,36832,5,65,57
60,286,475,288.1,302.7,10,0,0,-1,48998,5,91,73
161,420,467,262,274,10,0,0,-1,33000,5,71,60
57,230,466,255.5,268.5,10,0,0,-1,39666,5,80,65
25,87,460,295.9,311.3,10,0,0,-1,48998,5,84,77
28,61,461,272.2,285.4,10,0,0,-1,34166,5,90,66
38,369,467,265.7,277.9,10,0,0,-1,42832,5,72,61
99,127,467,254.5,267.5,10,0,0,-1,58164,5,79,65
27,26,462,260.8,273.6,10,0,0,-1,29000,5,88,64
91,401,466,312.4,328.8,10,0,0,-1,65330,5,91,82
124,240,465,290.9,306.3,10,0,0,-1,49498,5,90,77
127,337,464,358.8,377.6,10,0,0,-1,70164,5,105,94
154,87,467,261.9,275.3,10,0,0,-1,54498,5,81,67
137,293,475,306.6,322.2,10,0,0,-1,51498,5,96,78
41,382,482,314.4,330.8,10,0,0,-1,39666,5,93,82
187,377,465,310.7,326.9,10,0,0,-1,51498,5,92,81
186,68,476,280.8,295.6,10,0,0,-1,43332,5,81,74
95,164,482,310,326,10,0,0,-1,73996,5,94,80
117,379,475,270.7,284.9,10,0,0,-1,41666,5,79,71
110,351,468,319.1,335.7,10,0,0,-1,66830,5,95,83
37,369,481,291.7,305.9,10,0,0,-1,43832,5,100,71
92,178,467,328.3,344.1,10,0,0,-1,67830,5,115,79
188,112,475,282.7,296.9,10,0,0,-1,61830,5,95,71
53,143,467,298.7,312.9,10,0,0,-1,60330,5,107,71
47,172,482,339.6,357.2,10,0,0,-1,92328,5,102,88
165,414,465,329.9,347.3,10,0,0,-1,69996,5,95,87
31,396,453,305.7,321.9,10,0,0,-1,34000,5,87,81
123,375,468,321.8,338.6,10,0,0,-1,66830,5,95,84
171,376,482,321.8,338.6,10,0,0,-1,59664,5,95,84
76,365,468,311.7,327.9,10,0,0,-1,50998,5,93,81
190,51,473,314.4,330.8,10,0,0,-1,47332,5,93,82
3,309,480,56.4,58.2,10,0,0,-1,42830,3,60,42
179,172,467,338.8,355.6,10,0,0,-1,100328,5,112,84
147,33,465,306.3,322.1,10,0,0,-1,69830,5,93,79
183,73,472,332.6,350.2,10,0,0,-1,55664,5,95,88
97,164,473,347,365,10,0,0,-1,76496,5,108,90
174,300,482,338.6,356.2,10,0,0,-1,61498,5,101,88
21,120,458,339.6,357.2,10,0,0,-1,52332,5,98,88
61,351,482,348.7,366.9,10,0,0,-1,71330,5,103,91
157,79,480,358.8,377.6,10,0,0,-1,69164,5,105,94
72,439,466,374.6,394.2,10,0,0,-1,76330,5,110,98
26,328,460,378.3,398.1,10,0,0,-1,93494,5,111,99
59,441,468,348.4,366.8,10,0,0,-1,78496,5,100,92
125,90,465,329.1,345.7,10,0,0,-1,78996,5,105,83
105,300,465,334.9,352.3,10,0,0,-1,66498,5,100,87
185,423,480,359.1,377.7,10,0,0,-1,55832,5,108,93
189,397,466,345,363,10,0,0,-1,52166,5,102,90
62,33,476,347,365,10,0,0,-1,70830,5,104,90
120,172,475,369.2,388.4,10,0,0,-1,97328,5,125,96
40,431,482,355.1,373.7,10,0,0,-1,56332,5,104,93
140,136,482,391.8,412.6,10,0,0,-1,81496,5,110,104
160,262,476,368.2,387.4,10,0,0,-1,62498,5,109,96
67,397,483,358.8,377.6,10,0,0,-1,51666,5,105,94
79,57,476,402.9,424.3,10,0,0,-1,67498,5,114,107
176,330,465,389.1,409.7,10,0,0,-1,62332,5,111,103
93,330,465,389.1,409.7,10,0,0,-1,62332,5,111,103
135,331,483,374.3,394.1,10,0,0,-1,54166,5,107,99
112,123,480,404.9,426.3,10,0,0,-1,99160,5,116,107
180,151,476,399.2,420.4,10,0,0,-1,74164,5,113,106
116,399,479,371.2,390.4,10,0,0,-1,79830,5,112,96
167,425,480,407.2,428.4,10,0,0,-1,79164,5,121,106
175,153,480,369.5,388.5,10,0,0,-1,82830,5,113,95
50,325,474,403.2,424.4,10,0,0,-1,100828,5,117,106
70,100,481,384.3,404.1,10,0,0,-1,76330,5,99,99
75,171,473,432.1,454.7,10,0,0,-1,112494,5,131,113
133,189,481,376.9,396.3,10,0,0,-1,83830,5,97,97
102,124,481,407,427,10,0,0,-1,107326,5,119,100
56,398,466,396.8,417.6,10,0,0,-1,77164,5,116,104
164,351,475,375.3,395.1,10,0,0,-1,98162,5,108,99
22,370,450,386.3,406.1,10,0,0,-1,66498,5,109,99
130,398,481,413.8,434.6,10,0,0,-1,77164,5,133,104
68,338,467,399.6,419.2,10,0,0,-1,80330,5,106,98
184,263,476,397.8,418.6,10,0,0,-1,76664,5,117,104
162,365,483,378.3,398.1,10,0,0,-1,62498,5,111,99
142,137,470,409.9,431.3,10,0,0,-1,106660,5,121,107
163,374,480,444.2,467.4,10,0,0,-1,94996,5,131,116
136,389,480,470.1,494.7,10,0,0,-1,100828,5,138,123
20,76,460,455.7,479.9,10,0,0,-1,91662,5,129,121
168,426,481,461.9,485.3,10,0,0,-1,98162,5,149,117
24,265,456,406.2,427.4,10,0,0,-1,78164,5,116,106
