demandID,SourceID,DestinationID,MinDelay,MaxDelay,Bandwidth,Ishotstandby,DelayDifference,DisjointType,WorkOptCostRangeType,MinCostDelay,MinDelayDelay
41,213,2082,63.4,65.2,10,0,0,-1,15000,3,67,49
38,822,2029,101.4,102.7,10,0,0,-1,41664,3,104,91
166,350,2075,140.2,147.4,10,0,0,-1,15000,5,36,36
31,634,2027,86.4,87.7,10,0,0,-1,24166,3,89,76
29,1948,2027,125,126,10,0,0,-1,55496,3,127,117
34,1391,2023,59.2,61.1,10,0,0,-1,13500,5,51,44
163,1553,2079,147.6,155.2,10,0,0,-1,23166,5,65,38
33,876,2045,88.8,89.9,10,0,0,-1,16500,5,82,80
98,1228,2019,123.3,129.1,10,0,0,-1,19166,5,45,29
42,939,2078,98.4,99.7,10,0,0,-1,41664,5,95,88
1,1773,392,84.6,85.3,10,0,0,-1,31332,3,101,79
92,1587,2016,126.7,132.9,10,0,0,-1,15000,5,43,31
28,86,2020,140.6,141.8,10,0,0,-1,59496,5,137,131
21,1006,2002,89,91.5,10,0,0,-1,30832,3,94,69
12,704,2032,114.6,116.3,10,0,0,-1,45164,3,118,101
19,1316,2031,70.4,72.2,10,0,0,-1,33332,3,74,56
0,898,1901,176.6,178.3,10,0,0,-1,65162,3,180,163
17,703,2032,108.6,110.3,10,0,0,-1,38498,3,112,95
121,576,2058,120.3,126.1,10,0,0,-1,12500,5,42,29
161,503,2082,135.1,141.7,10,0,0,-1,25832,5,46,33
171,924,2070,179.9,189.3,10,0,0,-1,17500,5,86,47
23,1456,1989,102.8,104.4,10,0,0,-1,38998,3,106,90
24,448,2016,85.8,87.4,10,0,0,-1,45830,3,89,73
77,1264,2015,202.6,212.2,10,0,0,-1,19500,5,73,48
20,323,2021,107.6,108.8,10,0,0,-1,27166,3,116,98
9,1425,1989,83.8,85.4,10,0,0,-1,21500,3,87,71
37,1983,2012,138,139.5,10,0,0,-1,52830,3,141,126
151,767,2016,157.7,165.9,10,0,0,-1,16000,5,44,41
18,639,2053,125.4,126.2,10,0,0,-1,41498,3,127,119
7,1756,831,124.8,127.4,10,0,0,-1,77660,3,130,104
134,1222,2057,140,146,10,0,0,-1,22666,5,59,30
137,1151,2030,151.5,158.5,10,0,0,-1,18500,5,57,35
169,891,2075,156,164,10,0,0,-1,21166,5,48,40
66,1084,2057,136.4,142.8,10,0,0,-1,18000,5,54,32
8,1461,1563,127.2,128.6,10,0,0,-1,52830,3,130,116
32,1325,2008,93,94,10,0,0,-1,19000,3,95,85
30,1935,2057,98.4,99.7,10,0,0,-1,53330,3,123,88
43,465,1309,179.5,188.5,10,0,0,-1,33832,5,46,45
114,1955,2009,168.1,176.7,10,0,0,-1,16000,5,52,43
133,994,2023,187.5,196.5,10,0,0,-1,35332,5,66,45
68,1403,2022,162,170,10,0,0,-1,13500,5,48,40
149,1110,2001,162.4,170.8,10,0,0,-1,31332,5,49,42
27,1211,2035,93.6,94.3,10,0,0,-1,42830,3,95,88
25,642,2062,64.4,65.7,10,0,0,-1,18500,3,67,54
40,676,2080,103.6,105.3,10,0,0,-1,49996,5,94,90
164,213,2082,199.3,209.1,10,0,0,-1,19000,5,67,49
5,1543,1348,172.8,174.9,10,0,0,-1,79160,5,165,156
36,1167,2062,117.4,119.2,10,0,0,-1,51664,3,121,103
126,505,2048,166.4,174.8,10,0,0,-1,17000,5,53,42
61,1905,2057,172.1,180.7,10,0,0,-1,21000,5,81,43
2,1098,887,119,121.5,10,0,0,-1,46498,3,124,99
78,1757,2015,235.7,247.9,10,0,0,-1,49664,5,71,61
170,1149,2077,168.1,176.7,10,0,0,-1,22166,5,52,43
69,1831,2041,194.3,204.1,10,0,0,-1,22166,5,62,49
154,1329,2017,207,217,10,0,0,-1,39498,5,72,50
168,925,2069,199.8,208.6,10,0,0,-1,20500,5,71,44
127,3,2029,181,189,10,0,0,-1,29832,5,73,40
39,567,2074,83.8,84.4,10,0,0,-1,29998,3,85,79
108,26,2029,192.1,200.7,10,0,0,-1,16500,5,76,43
14,971,2057,101.4,102.7,10,0,0,-1,44664,3,104,91
97,1016,2019,211.3,221.1,10,0,0,-1,28166,5,74,49
132,1896,2031,194,204,10,0,0,-1,31332,5,59,50
4,315,937,141.2,142.6,10,0,0,-1,45998,3,144,130
63,407,2014,215.1,225.7,10,0,0,-1,35832,5,72,53
135,1391,2023,181.8,190.6,10,0,0,-1,17000,5,51,44
125,852,2050,193,203,10,0,0,-1,21500,5,67,50
160,672,2072,201,211,10,0,0,-1,25666,5,66,50
85,575,2055,198.7,208.9,10,0,0,-1,19000,5,73,51
10,1266,2034,108,110.5,10,0,0,-1,38332,3,113,88
58,1107,2010,184.9,194.3,10,0,0,-1,16500,5,57,47
153,1898,2014,215.9,225.3,10,0,0,-1,45664,5,89,47
11,1739,2024,83.2,85.1,10,0,0,-1,35998,5,75,68
157,1017,2070,188.9,198.3,10,0,0,-1,21500,5,56,47
22,1103,2015,96,98.5,10,0,0,-1,43998,3,101,76
139,1031,2029,199.2,208.4,10,0,0,-1,24166,5,75,46
165,325,2068,221.6,233.2,10,0,0,-1,21000,5,58,58
26,1120,2009,97.2,98.1,10,0,0,-1,36498,3,103,90
101,1361,2003,211,221,10,0,0,-1,32332,5,75,50
15,1264,2015,68,70.5,10,0,0,-1,24000,3,73,48
76,658,2029,190.6,200.2,10,0,0,-1,19000,5,61,48
104,15,2017,230.1,240.7,10,0,0,-1,29166,5,87,53
136,1656,2023,218.8,229.6,10,0,0,-1,27166,5,61,54
59,451,2028,231.3,243.1,10,0,0,-1,37332,5,72,59
140,130,2042,214.3,224.1,10,0,0,-1,27666,5,82,49
88,1187,2039,206.6,216.2,10,0,0,-1,22500,5,77,48
80,1085,2046,205.1,215.7,10,0,0,-1,26666,5,57,53
74,502,2048,214.5,225.5,10,0,0,-1,39998,5,66,55
84,1316,2031,225.2,236.4,10,0,0,-1,38832,5,74,56
57,924,1997,226.8,237.6,10,0,0,-1,25500,5,81,54
119,1354,1993,188.6,198.2,10,0,0,-1,27166,5,71,48
106,642,2062,212.8,223.6,10,0,0,-1,21500,5,67,54
159,213,2077,226.6,238.2,10,0,0,-1,22000,5,70,58
13,371,2027,105.6,107.3,10,0,0,-1,41330,3,109,92
91,836,2041,242.4,254.8,10,0,0,-1,31832,5,75,62
103,977,2035,234.3,246.1,10,0,0,-1,23000,5,75,59
144,1896,2060,231.6,241.2,10,0,0,-1,35832,5,102,48
141,429,2057,260.9,274.3,10,0,0,-1,51664,5,80,67
89,1215,2046,227.3,239.1,10,0,0,-1,27666,5,63,59
129,192,2059,247.4,259.8,10,0,0,-1,30666,5,80,62
120,1624,2046,242.1,254.7,10,0,0,-1,30166,5,82,63
109,1225,2001,213,223,10,0,0,-1,34332,5,78,50
117,576,2025,225.9,237.3,10,0,0,-1,23000,5,57,57
111,1154,2039,221.4,231.8,10,0,0,-1,23500,5,81,52
86,978,2010,237.4,249.8,10,0,0,-1,22500,5,70,62
93,777,2028,242.4,254.8,10,0,0,-1,40998,5,75,62
118,1923,2057,227.6,239.2,10,0,0,-1,35832,5,71,58
50,1722,2003,232.2,243.4,10,0,0,-1,24500,5,87,56
115,527,2058,231.3,243.1,10,0,0,-1,27666,5,72,59
99,483,2042,246.1,258.7,10,0,0,-1,36332,5,76,63
3,1523,503,165.4,166.7,10,0,0,-1,74994,3,171,155
64,1721,2001,218.9,230.3,10,0,0,-1,25000,5,71,57
100,1103,2015,306.2,321.4,10,0,0,-1,47498,5,101,76
148,1577,2054,253.5,266.5,10,0,0,-1,25500,5,78,65
70,1558,2035,283.5,298.5,10,0,0,-1,66496,5,81,75
65,349,2031,239.9,251.3,10,0,0,-1,25500,5,70,57
105,993,2048,249.5,262.5,10,0,0,-1,34166,5,74,65
124,1906,2015,224.1,234.7,10,0,0,-1,30666,5,81,53
150,1229,2059,221.8,232.6,10,0,0,-1,27000,5,76,54
48,1142,1684,243.7,255.9,10,0,0,-1,34166,5,79,61
96,1195,2060,255.9,267.3,10,0,0,-1,30166,5,86,57
131,6,2013,279,293,10,0,0,-1,57830,5,90,70
156,1826,2022,243.8,256.6,10,0,0,-1,48164,5,65,64
94,921,2049,285.5,300.5,10,0,0,-1,44998,5,92,75
35,624,2059,120.6,122.3,10,0,0,-1,63328,3,124,107
81,1658,2060,297.2,312.4,10,0,0,-1,49998,5,92,76
67,550,2054,242.7,254.9,10,0,0,-1,24500,5,78,61
142,408,1990,252.8,265.6,10,0,0,-1,35666,5,64,64
107,1942,2018,235.9,247.3,10,0,0,-1,33166,5,82,57
95,1006,2002,280.3,294.1,10,0,0,-1,40832,5,94,69
130,837,2060,276.9,290.3,10,0,0,-1,31166,5,80,67
6,372,690,148.8,151.4,10,0,0,-1,71994,3,162,128
155,570,2040,257.2,270.4,10,0,0,-1,31166,5,79,66
138,1764,2017,268.8,281.6,10,0,0,-1,43832,5,96,64
145,1352,2055,262.8,275.6,10,0,0,-1,43998,5,102,64
47,1330,1360,277.3,291.1,10,0,0,-1,36166,5,87,69
83,1139,2042,269,281,10,0,0,-1,42332,5,107,60
82,323,2030,299.5,314.5,10,0,0,-1,35166,5,97,75
79,96,2013,301.2,316.4,10,0,0,-1,40832,5,96,76
53,574,2050,266.3,280.1,10,0,0,-1,32166,5,80,69
147,17,2022,285.8,300.6,10,0,0,-1,44498,5,80,74
72,978,2034,273.6,287.2,10,0,0,-1,29500,5,90,68
45,1761,466,279.4,293.8,10,0,0,-1,39666,5,85,72
152,241,2034,254.9,268.3,10,0,0,-1,26500,5,74,67
128,15,2021,279.8,294.6,10,0,0,-1,32666,5,80,74
102,448,2016,286.1,300.7,10,0,0,-1,56664,5,89,73
75,537,2014,259,271,10,0,0,-1,33666,5,86,60
60,1199,2042,266.2,279.4,10,0,0,-1,42332,5,88,66
71,136,2018,293.5,308.5,10,0,0,-1,49498,5,91,75
73,1004,2027,298.6,312.2,10,0,0,-1,30000,5,115,68
51,787,2059,283.1,297.7,10,0,0,-1,52664,5,86,73
143,418,2053,277.7,291.9,10,0,0,-1,51498,5,77,71
87,590,2021,252.1,264.7,10,0,0,-1,27000,5,77,63
56,1739,2024,270.6,284.2,10,0,0,-1,42332,5,75,68
62,1138,2060,303.2,316.4,10,0,0,-1,51498,5,129,66
44,1773,392,299.3,315.1,10,0,0,-1,44832,5,101,79
158,1844,2072,287.4,301.8,10,0,0,-1,39832,5,93,72
90,1182,2013,304.6,320.2,10,0,0,-1,56664,5,85,78
113,276,2059,310.5,325.5,10,0,0,-1,38166,5,88,75
122,876,2045,307,323,10,0,0,-1,31000,5,82,80
116,819,2007,322.8,339.6,10,0,0,-1,52498,5,96,84
16,1757,2015,69,70,10,0,0,-1,60662,3,71,61
110,1211,2035,332.6,350.2,10,0,0,-1,55164,5,95,88
55,1048,2042,329.1,345.7,10,0,0,-1,45832,5,101,83
162,710,2080,313,329,10,0,0,-1,46498,5,84,80
146,650,1992,303,319,10,0,0,-1,71162,5,99,80
167,1483,2078,321.5,338.5,10,0,0,-1,61330,5,92,85
52,1425,1989,278.7,292.9,10,0,0,-1,32500,5,87,71
49,702,498,360.8,379.6,10,0,0,-1,75996,5,107,94
46,1043,924,341.6,359.2,10,0,0,-1,57498,5,104,88
123,1348,2040,313.9,329.3,10,0,0,-1,69996,5,106,77
112,1105,2042,324.5,339.5,10,0,0,-1,41166,5,122,75
54,1266,2034,350.6,368.2,10,0,0,-1,49332,5,113,88
