demandID,SourceID,DestinationID,MinDelay,MaxDelay,Bandwidth,Ishotstandby,DelayDifference,DisjointType,WorkOptCostRangeType,MinCostDelay,MinDelayDelay
55,1948,2011,128.7,134.9,10,1,0,0,18166,5,31,31
152,943,2042,153.3,161.1,10,1,0,0,12500,5,57,39
137,1384,2052,192,202,10,1,0,0,31332,5,57,50
65,1892,2030,173.3,181.1,10,1,0,0,24166,5,68,39
158,1774,2062,189.3,199.1,10,1,0,0,18000,5,57,49
118,72,2041,219.2,230.4,10,1,0,0,23000,5,68,56
143,1336,2008,210.8,219.6,10,1,0,0,24500,5,94,44
44,222,2010,172.8,181.6,10,1,0,0,33832,5,44,44
78,290,2042,219.2,230.4,10,1,0,0,27166,5,68,56
90,1989,2007,204,214,10,1,0,0,27832,5,50,50
72,921,2006,190,198,10,1,0,0,25166,5,64,40
40,1963,2005,178.1,186.7,10,1,0,0,30332,5,43,43
57,1846,1990,218.9,230.3,10,1,0,0,33332,5,65,57
155,435,2071,227.6,239.2,10,1,0,0,28666,5,71,58
166,1827,2064,184.6,194.2,10,1,0,0,18000,5,65,48
165,696,2066,216.9,228.3,10,1,0,0,24166,5,63,57
101,1923,2023,198,208,10,1,0,0,25666,5,63,50
82,1884,2030,209.7,219.9,10,1,0,0,27166,5,72,51
164,1545,2060,238.4,250.8,10,1,0,0,27166,5,71,62
132,1122,2027,261.3,275.1,10,1,0,0,43998,5,75,69
56,1905,2045,245.1,257.7,10,1,0,0,50830,5,75,63
111,908,2003,219.8,230.6,10,1,0,0,23500,5,54,54
63,945,2019,226.9,238.3,10,1,0,0,33332,5,73,57
66,1886,2051,198,208,10,1,0,0,19000,5,64,50
68,1425,2006,252.5,263.5,10,1,0,0,34166,5,108,55
161,1743,2063,206.7,216.9,10,1,0,0,38998,5,69,51
64,696,2016,234.7,246.9,10,1,0,0,26166,5,70,61
114,247,2038,222.2,233.4,10,1,0,0,38332,5,71,56
81,989,2010,228,240,10,1,0,0,23500,5,66,60
74,862,1999,232.2,243.4,10,1,0,0,22500,5,81,56
163,362,2058,260.7,272.9,10,1,0,0,30166,5,96,61
96,233,2006,213.8,224.6,10,1,0,0,35332,5,72,54
136,1043,1990,236.7,248.9,10,1,0,0,21000,5,72,61
95,421,2017,245.8,258.6,10,1,0,0,24500,5,87,64
43,1860,2007,205.1,215.7,10,1,0,0,26666,5,68,53
79,989,2053,266.7,278.9,10,1,0,0,23500,5,102,61
97,1084,2006,251.2,264.4,10,1,0,0,30166,5,73,66
119,1700,2052,240.1,252.7,10,1,0,0,29166,5,71,63
151,1118,2030,254.9,268.3,10,1,0,0,23500,5,74,67
49,748,2039,241.1,253.7,10,1,0,0,42498,5,85,63
156,325,2066,260.4,272.8,10,1,0,0,30166,5,93,62
75,1563,2029,248.8,261.6,10,1,0,0,36332,5,76,64
73,1034,1997,247.7,259.9,10,1,0,0,28666,5,61,61
71,922,2035,280.3,294.1,10,1,0,0,36832,5,94,69
160,977,2060,276.3,290.1,10,1,0,0,29666,5,104,69
42,1481,1996,278.2,291.4,10,1,0,0,31166,5,110,66
112,952,2009,257.8,270.6,10,1,0,0,31666,5,70,64
149,1482,2043,253.2,264.4,10,1,0,0,35832,5,102,56
30,1708,634,261.1,273.7,10,1,0,0,32666,5,77,63
70,1355,2024,318,334,10,1,0,0,70496,5,102,80
87,1609,2050,250.1,262.7,10,1,0,0,38332,5,80,63
103,1000,2025,307.3,323.1,10,1,0,0,37666,5,94,79
115,76,2043,301.2,316.4,10,1,0,0,48498,5,96,76
92,249,2048,292.2,307.4,10,1,0,0,57164,5,99,76
61,879,2026,330.9,348.3,10,1,0,0,69996,5,96,87
38,1676,2051,248.8,261.6,10,1,0,0,22500,5,77,64
108,1625,2051,271.3,285.1,10,1,0,0,43998,5,86,69
48,1964,2009,241.1,253.7,10,1,0,0,24000,5,98,63
113,475,2012,261.2,274.4,10,1,0,0,26000,5,83,66
102,1864,2031,254.9,268.3,10,1,0,0,36332,5,74,67
94,155,2013,305,321,10,1,0,0,44332,5,89,80
105,1906,2017,307.3,323.1,10,1,0,0,64996,5,79,79
146,946,1992,263.3,277.1,10,1,0,0,43498,5,77,69
69,911,2000,283.8,298.6,10,1,0,0,38332,5,84,74
135,3,2006,254.5,267.5,10,1,0,0,40832,5,75,65
76,1610,2051,286.1,300.7,10,1,0,0,44998,5,90,73
106,358,2011,268.6,282.2,10,1,0,0,25000,5,85,68
148,1841,2022,247.5,260.5,10,1,0,0,42998,5,72,65
140,247,2050,279,293,10,1,0,0,42832,5,70,70
58,1320,2005,305.3,321.1,10,1,0,0,59164,5,92,79
46,307,2053,269.6,283.2,10,1,0,0,32666,5,86,68
123,1001,2045,256.5,269.5,10,1,0,0,34332,5,81,65
138,901,1995,278.1,292.7,10,1,0,0,36832,5,81,73
80,1257,2043,269.6,283.2,10,1,0,0,27500,5,86,68
37,1567,2011,305.9,321.3,10,1,0,0,39332,5,109,77
121,516,2039,277.9,291.3,10,1,0,0,32666,5,90,67
120,1272,1996,305.1,319.7,10,1,0,0,35500,5,108,73
62,1542,2009,263.8,276.6,10,1,0,0,38332,5,74,64
86,1117,2043,262.2,275.4,10,1,0,0,34166,5,82,66
144,1767,2013,318.8,335.6,10,1,0,0,42832,5,93,84
41,1358,2036,305,321,10,1,0,0,65830,5,89,80
107,563,2045,272.7,286.9,10,1,0,0,36832,5,71,71
157,1749,2065,283,297,10,1,0,0,50664,5,94,70
110,904,2036,271.7,285.9,10,1,0,0,49664,5,80,71
125,493,2011,293.1,307.7,10,1,0,0,39332,5,93,73
122,1183,2013,307.3,323.1,10,1,0,0,36666,5,94,79
93,473,2006,295.2,310.4,10,1,0,0,35166,5,90,76
51,492,2027,303.9,319.3,10,1,0,0,49998,5,93,77
159,690,2069,296.5,311.5,10,1,0,0,44998,5,91,75
88,1840,2023,277.1,291.7,10,1,0,0,39832,5,81,73
60,744,1990,284.1,298.7,10,1,0,0,26000,5,87,73
83,1852,2005,272.7,286.9,10,1,0,0,45998,5,71,71
89,1405,2018,322.5,339.5,10,1,0,0,55164,5,93,85
127,869,2050,314.1,330.7,10,1,0,0,48498,5,90,83
45,956,2000,294.9,310.3,10,1,0,0,28500,5,87,77
116,1880,2015,306.7,322.9,10,1,0,0,54164,5,103,81
104,296,1996,317.4,333.8,10,1,0,0,29500,5,106,82
142,1633,2003,294.9,310.3,10,1,0,0,42832,5,87,77
129,505,2051,301.8,316.6,10,1,0,0,40332,5,103,74
99,503,1992,293.8,308.6,10,1,0,0,30000,5,94,74
126,19,2018,332.6,350.2,10,1,0,0,61830,5,95,88
33,1409,1186,383.4,403.8,10,1,0,0,75996,5,108,102
124,1479,2003,331.6,347.2,10,1,0,0,49498,5,140,78
39,879,1992,348.4,366.8,10,1,0,0,70996,5,100,92
100,1895,1991,300.9,316.3,10,1,0,0,44332,5,93,77
