demandID,SourceID,DestinationID,MinDelay,MaxDelay,Bandwidth,Ishotstandby,DelayDifference,DisjointType,WorkOptCostRangeType,MinCostDelay,MinDelayDelay
95,1269,2010,163.5,170.5,10,1,0,0,26166,5,69,35
108,1272,2075,178.2,187.4,10,1,0,0,36498,5,54,46
111,1169,2077,200,210,10,1,0,0,27166,5,65,50
79,12,2002,206,216,10,1,0,0,22500,5,71,50
30,1970,2064,247.5,260.5,10,1,0,0,59496,5,72,65
98,938,2018,272.7,286.9,10,1,0,0,53664,5,81,71
89,149,1998,239.7,251.9,10,1,0,0,35166,5,75,61
72,1662,1991,234.3,246.1,10,1,0,0,28000,5,75,59
59,1655,1997,207.4,217.8,10,1,0,0,35332,5,53,52
40,1021,2013,248.1,260.7,10,1,0,0,27500,5,93,63
27,116,2036,253.1,265.7,10,1,0,0,33666,5,86,63
83,1087,2010,270.7,284.9,10,1,0,0,34666,5,79,71
84,374,2056,240.7,252.9,10,1,0,0,36166,5,76,61
64,1173,2003,244.2,255.4,10,1,0,0,34166,5,93,56
77,116,2012,245.9,257.3,10,1,0,0,31666,5,92,57
24,1192,2053,273.7,287.9,10,1,0,0,32000,5,82,71
34,1624,1994,264.3,278.1,10,1,0,0,35166,5,92,69
86,1428,2021,246.5,259.5,10,1,0,0,42332,5,71,65
109,1489,2070,277.7,291.9,10,1,0,0,36166,5,72,71
37,236,2019,268.9,282.3,10,1,0,0,43998,5,88,67
99,1310,2026,203.7,213.9,10,1,0,0,23500,5,66,51
70,1218,2013,271,285,10,1,0,0,30500,5,82,70
29,232,2012,272.6,286.2,10,1,0,0,32166,5,89,68
42,596,2057,265.9,279.3,10,1,0,0,35166,5,93,67
39,1160,2065,275.9,289.3,10,1,0,0,37666,5,94,67
55,150,2054,258.9,270.3,10,1,0,0,29000,5,90,57
94,778,2011,257.9,271.3,10,1,0,0,41332,5,67,67
113,624,2075,279.8,294.6,10,1,0,0,56330,5,74,74
115,1804,2069,280,294,10,1,0,0,62496,5,89,70
74,406,2005,296.9,312.3,10,1,0,0,45332,5,89,77
31,659,2035,287.5,302.5,10,1,0,0,50498,5,85,75
106,1436,2065,264.3,278.1,10,1,0,0,36666,5,77,69
60,1735,1993,283.1,297.7,10,1,0,0,33500,5,86,73
32,1110,2039,281.4,295.8,10,1,0,0,33000,5,87,72
81,129,2048,262.3,276.1,10,1,0,0,46998,5,76,69
61,443,2031,271.2,284.4,10,1,0,0,33666,5,93,66
68,1423,2060,270.7,284.9,10,1,0,0,37666,5,79,71
102,1613,2037,292.9,308.3,10,1,0,0,43332,5,85,77
85,1636,2010,303.3,319.1,10,1,0,0,43166,5,90,79
16,759,2035,288.2,303.4,10,1,0,0,31000,5,83,76
87,1461,2062,269,283,10,1,0,0,50998,5,80,70
92,1935,2032,299.3,315.1,10,1,0,0,42666,5,112,79
41,629,2003,259.6,273.2,10,1,0,0,30000,5,76,68
101,1444,2059,259.6,273.2,10,1,0,0,38166,5,76,68
35,103,2017,261.6,275.2,10,1,0,0,36166,5,78,68
110,390,2074,272.6,286.2,10,1,0,0,39166,5,86,68
23,1409,2043,291.8,306.6,10,1,0,0,39666,5,92,74
67,1698,2053,322.1,338.7,10,1,0,0,49332,5,83,83
104,491,2012,283.7,297.9,10,1,0,0,52998,5,92,71
17,1365,2020,299.3,315.1,10,1,0,0,49498,5,86,79
43,435,2017,277,291,10,1,0,0,53498,5,81,70
80,64,2029,287.2,302.4,10,1,0,0,33000,5,76,76
19,1463,2013,287.5,302.5,10,1,0,0,64330,5,85,75
49,929,2056,285.1,299.7,10,1,0,0,39666,5,88,73
78,1488,2065,299.6,315.2,10,1,0,0,38500,5,78,78
65,1272,2040,289.2,304.4,10,1,0,0,52998,5,84,76
103,665,2035,232,244,10,1,0,0,37832,5,70,60
88,1967,2033,304,320,10,1,0,0,45832,5,88,80
73,1363,2065,282.8,297.6,10,1,0,0,39166,5,82,74
76,1245,2041,329.9,347.3,10,1,0,0,55498,5,95,87
18,1011,2058,333.1,349.7,10,1,0,0,48832,5,109,83
21,1122,2016,301.3,317.1,10,1,0,0,43166,5,94,79
25,1808,2037,310.5,325.5,10,1,0,0,46832,5,76,75
26,87,2016,280.4,292.8,10,1,0,0,33500,5,113,62
62,1651,2023,309.4,325.8,10,1,0,0,46332,5,88,82
56,1209,2038,325.8,342.6,10,1,0,0,55498,5,99,84
45,404,2058,299.6,315.2,10,1,0,0,38500,5,89,78
33,1809,2030,313.1,329.7,10,1,0,0,40666,5,83,83
82,1789,2036,332.5,349.5,10,1,0,0,53832,5,99,85
15,222,2059,312.5,327.5,10,1,0,0,41166,5,110,75
44,344,2034,356.1,374.7,10,1,0,0,68830,5,105,93
13,141,1397,328.5,345.5,10,1,0,0,50332,5,99,85
57,809,2013,300.9,316.3,10,1,0,0,41166,5,108,77
54,603,2003,307.7,323.9,10,1,0,0,46832,5,89,81
51,1959,2035,339.7,355.9,10,1,0,0,69330,5,121,81
38,1586,2028,315.1,331.7,10,1,0,0,41000,5,99,83
22,1833,2063,344.7,362.9,10,1,0,0,55998,5,96,91
36,1209,1997,333.5,350.5,10,1,0,0,56498,5,90,85
53,1522,2026,321.5,338.5,10,1,0,0,44666,5,92,85
12,1152,65,334.8,351.6,10,1,0,0,52332,5,102,84
93,1959,2039,347.5,364.5,10,1,0,0,69330,5,118,85
11,118,1540,375.4,393.8,10,1,0,0,69830,5,127,92
52,1921,1989,336.9,354.3,10,1,0,0,46166,5,102,87
58,867,2025,325.2,342.4,10,1,0,0,44666,5,93,86
69,252,1998,346.6,364.2,10,1,0,0,69330,5,109,88
63,1172,1999,336.2,353.4,10,1,0,0,47832,5,90,86
