demandID,SourceID,DestinationID,MinDelay,MaxDelay,Bandwidth,Ishotstandby,DelayDifference,DisjointType,WorkOptCostRangeType,MinCostDelay,MinDelayDelay
41,1901,1995,176.2,185.4,10,1,0,0,31332,5,52,46
121,1930,2072,197,207,10,1,0,0,33332,5,62,50
97,114,1995,248.5,261.5,10,1,0,0,41998,5,73,65
109,247,2020,216.9,228.3,10,1,0,0,28666,5,63,57
76,116,1994,301.6,317.2,10,1,0,0,60830,5,91,78
38,997,2053,222.9,234.3,10,1,0,0,41998,5,69,57
59,922,2054,165.3,173.1,10,1,0,0,29332,5,60,39
126,1023,2063,235.6,247.2,10,1,0,0,30166,5,58,58
55,1875,2030,228.3,240.1,10,1,0,0,24500,5,69,59
118,28,2002,179.5,188.5,10,1,0,0,20000,5,45,45
67,1411,2018,257.9,271.3,10,1,0,0,31166,5,70,67
110,1377,2018,233.9,245.3,10,1,0,0,25000,5,60,57
72,272,2016,260.6,274.2,10,1,0,0,28000,5,77,68
112,362,2044,233.9,245.3,10,1,0,0,24500,5,85,57
50,128,1993,345.7,363.9,10,1,0,0,67330,5,100,91
75,1626,2018,278.7,292.9,10,1,0,0,38832,5,87,71
73,1599,2020,267.3,281.1,10,1,0,0,31666,5,76,69
70,3,2052,252.2,265.4,10,1,0,0,42332,5,74,66
74,1237,2054,239.3,251.1,10,1,0,0,32166,5,59,59
133,29,2066,213.1,223.7,10,1,0,0,27166,5,53,53
104,1720,2009,241,253,10,1,0,0,30666,5,67,60
123,431,2070,251.2,264.4,10,1,0,0,33666,5,72,66
44,14,2032,251.1,263.7,10,1,0,0,33666,5,81,63
83,1362,2034,259.9,271.3,10,1,0,0,51664,5,106,57
81,1864,2009,241.2,252.4,10,1,0,0,39832,5,90,56
66,1172,2044,236.6,248.2,10,1,0,0,41832,5,80,58
95,1924,2026,226.3,238.1,10,1,0,0,24000,5,84,59
107,35,2022,274.7,288.9,10,1,0,0,38832,5,71,71
78,1824,2026,215.2,226.4,10,1,0,0,23000,5,81,56
64,1001,2002,238.7,250.9,10,1,0,0,24500,5,74,61
115,311,2033,249.8,262.6,10,1,0,0,27000,5,77,64
130,1597,2072,318.7,334.9,10,1,0,0,46998,5,100,81
119,592,2055,280.4,294.8,10,1,0,0,41832,5,86,72
77,1983,1999,246.4,258.8,10,1,0,0,28500,5,79,62
31,980,1892,301.6,317.2,10,1,0,0,61830,5,96,78
52,719,2008,280.8,295.6,10,1,0,0,62830,5,81,74
65,1226,2043,246.8,259.6,10,1,0,0,28000,5,74,64
88,27,2006,245.8,258.6,10,1,0,0,27500,5,73,64
80,480,2034,277.4,291.8,10,1,0,0,30500,5,83,72
36,283,2016,327.2,344.4,10,1,0,0,46332,5,95,86
117,535,2046,272.7,286.9,10,1,0,0,41832,5,77,71
98,1054,2003,280.1,294.7,10,1,0,0,53164,5,73,73
99,746,2047,261.3,275.1,10,1,0,0,28500,5,75,69
68,1124,2045,278.6,292.2,10,1,0,0,44332,5,95,68
102,1632,2031,299.9,315.3,10,1,0,0,36166,5,92,77
45,1521,2049,291.9,307.3,10,1,0,0,48998,5,84,77
79,176,2018,315.4,331.8,10,1,0,0,34000,5,94,82
87,1437,1995,279,293,10,1,0,0,42832,5,70,70
120,1812,2066,254.4,266.8,10,1,0,0,44998,5,87,62
51,834,2035,282.3,296.1,10,1,0,0,30500,5,96,69
85,205,2010,267.3,281.1,10,1,0,0,33166,5,81,69
92,1562,2014,280.8,295.6,10,1,0,0,34666,5,81,74
93,1122,2006,293.9,309.3,10,1,0,0,57664,5,86,77
125,763,2069,269,283,10,1,0,0,39832,5,80,70
42,1902,2010,282.4,296.8,10,1,0,0,49498,5,88,72
71,1709,2026,284.5,299.5,10,1,0,0,29000,5,82,75
90,193,2042,288.2,303.4,10,1,0,0,59830,5,83,76
100,152,2027,282.8,297.6,10,1,0,0,36166,5,100,74
101,1697,2010,282.1,296.7,10,1,0,0,30500,5,73,73
103,152,2032,280.7,294.9,10,1,0,0,37166,5,104,71
108,740,2022,329.1,345.7,10,1,0,0,51998,5,105,83
129,749,2066,299.9,315.3,10,1,0,0,43832,5,92,77
69,311,2012,290.7,304.9,10,1,0,0,32500,5,80,71
84,1811,2038,276.1,290.7,10,1,0,0,43332,5,79,73
62,678,2018,320.5,337.5,10,1,0,0,50998,5,91,85
94,1891,2014,296.1,310.7,10,1,0,0,41832,5,99,73
114,1013,2049,330.1,346.7,10,1,0,0,41166,5,85,83
113,226,2007,329.2,346.4,10,1,0,0,46332,5,97,86
48,741,2016,346.7,364.9,10,1,0,0,58664,5,101,91
106,860,2015,309.4,325.8,10,1,0,0,52498,5,88,82
37,1054,2033,305.3,321.1,10,1,0,0,58164,5,79,79
56,1713,2042,351.1,369.7,10,1,0,0,49498,5,100,93
39,197,2031,307.2,322.4,10,1,0,0,39166,5,102,76
60,1122,2031,324.4,340.8,10,1,0,0,61164,5,103,82
35,1167,2049,372.9,392.3,10,1,0,0,62164,5,111,97
128,682,2060,292.9,308.3,10,1,0,0,44332,5,85,77
61,1579,2004,320.5,337.5,10,1,0,0,46332,5,91,85
58,494,2045,298.9,314.3,10,1,0,0,34500,5,91,77
54,911,2015,320.5,337.5,10,1,0,0,42666,5,110,85
132,534,2069,324.5,341.5,10,1,0,0,52498,5,95,85
63,1408,2011,286.1,300.7,10,1,0,0,41666,5,77,73
105,252,2013,294.4,308.8,10,1,0,0,40832,5,100,72
122,766,2060,301.3,317.1,10,1,0,0,45832,5,88,79
57,747,2043,296.2,311.4,10,1,0,0,34500,5,91,76
131,84,2066,338.9,356.3,10,1,0,0,49332,5,87,87
