demandID,SourceID,DestinationID,MinDelay,MaxDelay,Bandwidth,Ishotstandby,DelayDifference,DisjointType,WorkOptCostRangeType,MinCostDelay,MinDelayDelay
417,3236,4372,61.5,69,10,1,2.5,0,22,3,69,44
616,951,3105,64.6,70,10,1,1.8,0,29,3,70,52
1080,4354,3574,54.8,63.2,10,1,4.2,0,34,5,52,28
540,3986,186,57.2,62.6,10,1,1.8,0,31,3,68,56
40,1969,1698,65.2,71.2,10,1,2,0,34,4,70,62
219,2697,3307,39,66,10,1,9,0,30,3,66,36
152,3891,3012,70.6,73,10,1,0.8,0,37,3,77,61
1107,1533,4767,68.7,82.8,10,1,7.05,0,43,5,64,47
539,1141,1145,43.4,81.2,10,1,12.6,0,40,3,119,35
786,2876,1608,63.7,77.8,10,1,7.05,0,33,5,59,47
435,1239,630,41.1,79.35,10,1,12.75,0,41,3,95,36
154,4319,1629,60.6,63.3,10,1,0.9,0,31,3,75,57
128,320,3659,60.7,72.4,10,1,3.9,0,38,3,88,49
65,2520,4400,61.2,72.6,10,1,3.8,0,33,3,122,46
500,1421,4515,74.6,77.45,10,1,0.95,0,39,3,86,67
195,86,507,52.3,68.05,10,1,5.25,0,34,3,135,46
483,2342,2117,56.5,72.25,10,1,5.25,0,30,4,70,55
564,3650,232,65.1,72.15,10,1,2.35,0,35,3,98,51
978,128,4427,64.2,76.8,10,1,6.3,0,36,5,60,42
91,2207,4973,52.6,69.4,10,1,5.6,0,46,3,103,47
64,2730,4226,53.7,81.9,10,1,9.4,0,43,3,96,49
109,767,2619,70.8,79.2,10,1,2.8,0,36,3,110,54
1051,2725,4311,211,229,10,1,9,0,42,5,97,60
380,1640,4388,48.5,62,10,1,4.5,0,28,3,62,47
805,86,507,191.2,205,10,1,6.9,0,44,5,135,46
101,3578,896,40.5,60.75,10,1,6.75,0,36,3,81,36
2,4353,4646,74,77,10,1,1,0,43,3,80,60
41,1703,3386,56.3,69.2,10,1,4.3,0,40,3,95,52
341,620,3773,62.3,75.2,10,1,4.3,0,42,3,101,58
484,1954,1837,49.1,64.4,10,1,5.1,0,18,4,61,44
82,3859,4298,72.2,80.3,10,1,2.7,0,45,3,110,56
456,2511,2450,63.6,76.65,10,1,4.35,0,31,3,81,52
450,319,3085,59.2,75.7,10,1,5.5,0,49,3,79,57
618,3379,4578,47.1,65.7,10,1,6.2,0,43,3,75,44
460,1671,726,64.5,75.6,10,1,3.7,0,50,3,83,46
624,3577,560,48.9,70.95,10,1,7.35,0,32,3,93,44
14,4522,2341,60.2,71,10,1,3.6,0,42,3,125,53
393,3550,3926,88.8,93.75,10,1,1.65,0,45,3,102,69
820,1413,2946,183.3,195.6,10,1,6.15,0,47,5,89,41
1014,2656,450,229.6,248.2,10,1,9.3,0,49,5,87,62
200,68,2518,64.4,74,10,1,3.2,0,43,3,90,58
361,3419,57,48.6,74.4,10,1,8.6,0,40,3,126,40
189,2014,232,68.7,74.55,10,1,1.95,0,38,3,96,57
382,4198,800,61.9,72.25,10,1,3.45,0,46,3,124,55
446,4763,3414,53.6,63.5,10,1,3.3,0,45,3,113,47
1031,4485,4857,75.3,87.6,10,1,6.15,0,43,5,63,41
630,1355,4553,46.5,75,10,1,9.5,0,44,3,132,37
773,3578,896,156.6,167.4,10,1,5.4,0,40,5,81,36
940,3030,2063,61,73,10,1,6,0,44,5,57,40
586,4037,3012,74.8,85.6,10,1,3.6,0,45,3,91,73
35,1753,6,55.1,73.7,10,1,6.2,0,31,3,83,52
910,3512,2074,191,206.6,10,1,7.8,0,45,5,61,52
83,4359,2715,76.3,86.05,10,1,3.25,0,40,3,88,75
319,4436,3337,74.6,84.2,10,1,3.2,0,41,3,113,49
653,1625,750,181.2,195.6,10,1,7.2,0,45,5,90,48
369,3419,3267,63.4,77.8,10,1,4.8,0,51,3,121,25
899,2410,1274,201.6,218.4,10,1,8.4,0,43,5,140,56
852,2102,3088,208.7,222.8,10,1,7.05,0,43,5,110,47
997,2832,4406,159.9,172.2,10,1,6.15,0,48,5,74,41
187,2699,679,68.6,75.95,10,1,2.45,0,50,3,98,49
110,2699,679,53.9,75.95,10,1,7.35,0,50,3,98,49
926,1981,735,68.5,85,10,1,8.25,0,49,5,63,55
1023,1837,3946,204.1,221.2,10,1,8.55,0,43,5,99,57
225,927,3461,64.5,69,10,1,1.5,0,33,3,69,54
409,4229,645,68.3,71,10,1,0.9,0,29,3,71,62
182,3662,915,51.6,65.4,10,1,4.6,0,41,3,93,47
1057,1143,3631,163.5,174,10,1,5.25,0,50,5,125,35
1108,3631,1962,225.4,245.8,10,1,10.2,0,49,5,137,68
879,376,3452,186.9,202.2,10,1,7.65,0,47,5,95,51
904,2769,3699,219.6,234,10,1,7.2,0,48,5,90,48
719,3578,1705,173.3,189.2,10,1,7.95,0,49,5,62,53
1018,3231,1782,177.5,194,10,1,8.25,0,51,5,117,55
1098,2933,4306,183,195,10,1,6,0,46,5,83,40
338,1310,1369,54.9,66.6,10,1,3.9,0,47,3,90,51
929,2693,2193,179.5,196,10,1,8.25,0,52,5,119,55
883,14,4537,195.5,208.4,10,1,6.45,0,46,5,70,43
816,3932,1007,187.1,206,10,1,9.45,0,45,5,80,63
469,3120,23,48.8,70.4,10,1,7.2,0,41,3,92,44
1019,2704,1145,64.5,75,10,1,5.25,0,51,5,54,35
889,4707,4461,197,212,10,1,7.5,0,49,5,92,50
1104,4903,2540,201.6,220.8,10,1,9.6,0,50,5,80,64
925,1333,1760,183.8,203,10,1,9.6,0,46,5,75,64
819,2658,1449,178,190,10,1,6,0,45,5,102,40
810,2408,2652,196.5,210,10,1,6.75,0,50,5,75,45
1047,3009,787,229.1,249.8,10,1,10.35,0,47,5,167,69
856,927,3461,193.2,209.4,10,1,8.1,0,47,5,69,54
317,4802,1568,63.2,84.8,10,1,7.2,0,51,3,128,56
1063,4920,2490,223.7,245,10,1,10.65,0,49,5,103,71
662,3400,1843,198.5,213.8,10,1,7.65,0,41,5,122,51
869,47,4652,174.6,187.2,10,1,6.3,0,47,5,78,42
753,1111,1943,183.3,195.6,10,1,6.15,0,50,5,89,41
1070,2891,3716,168.5,177.8,10,1,4.65,0,49,5,91,31
736,3588,4154,57.6,71.4,10,1,6.9,0,47,3,111,46
834,1817,4264,183,196.2,10,1,6.6,0,44,5,73,44
815,2540,670,203.6,219.2,10,1,7.8,0,48,5,84,52
870,1473,2043,172.4,189.2,10,1,8.4,0,49,5,66,56
1072,4747,3190,187.7,202.4,10,1,7.35,0,52,5,75,49
43,3101,4960,80,86.75,10,1,2.25,0,48,3,107,62
1017,1884,2784,214,231.4,10,1,8.7,0,48,5,69,58
674,320,3659,190.9,205.6,10,1,7.35,0,47,5,88,49
237,3329,3758,65.2,72.4,10,1,2.4,0,51,3,94,46
46,2923,4230,63.6,72.9,10,1,3.1,0,48,3,107,45
892,2610,624,217.2,237.6,10,1,10.2,0,51,5,88,68
906,440,2845,183.9,201.6,10,1,8.85,0,52,5,119,59
731,4555,72,192,208.8,10,1,8.4,0,45,5,108,56
663,200,1530,192.4,208.6,10,1,8.1,0,51,5,79,54
765,4671,4469,64.6,72.4,10,1,3.9,0,52,5,62,26
722,530,1430,187.3,203.2,10,1,7.95,0,47,5,76,53
1036,995,4785,180,193.8,10,1,6.9,0,48,5,65,46
822,2670,4830,190.1,206,10,1,7.95,0,49,5,153,53
295,270,4511,56.3,62.45,10,1,2.05,0,46,3,85,44
433,3436,3934,73.9,79,10,1,1.7,0,38,3,79,62
884,394,515,182.2,193.6,10,1,5.7,0,43,5,148,38
1094,4513,4588,223,238,10,1,7.5,0,52,5,108,50
52,4860,3758,59.5,66.25,10,1,2.25,0,41,3,100,55
1074,4511,476,58.6,72.4,10,1,6.9,0,45,3,109,46
658,2479,1822,193,208,10,1,7.5,0,55,5,88,50
1053,1736,226,223.4,239.6,10,1,8.1,0,47,5,110,54
567,1664,367,82.2,84.3,10,1,0.7,0,43,3,85,71
230,1967,1914,78.8,83,10,1,1.4,0,46,3,90,62
712,3787,821,210.6,231,10,1,10.2,0,47,5,95,68
660,2179,1570,162.9,180,10,1,8.55,0,51,5,66,57
781,4771,1971,196.3,209.2,10,1,6.45,0,51,5,106,43
763,1375,1718,217.5,234,10,1,8.25,0,51,5,113,55
1033,4119,819,194.6,207.8,10,1,6.6,0,48,5,111,44
740,1986,1868,212,225.2,10,1,6.6,0,52,5,102,44
1114,576,2704,167.1,178.8,10,1,5.85,0,50,5,93,39
1039,1969,434,203.7,219.6,10,1,7.95,0,53,5,103,53
831,2279,1989,182.5,202.6,10,1,10.05,0,57,5,82,67
180,1038,910,62.7,68.4,10,1,1.9,0,42,3,76,57
876,44,451,172.3,184,10,1,5.85,0,51,5,67,39
991,3654,1683,190.5,210,10,1,9.75,0,50,5,80,65
463,2037,4931,57.6,68.4,10,1,3.6,0,45,3,90,54
649,2328,1912,189.2,204.8,10,1,7.8,0,54,5,80,52
958,1175,2059,181.4,195.2,10,1,6.9,0,44,5,94,46
74,3750,1421,64.6,81.4,10,1,5.6,0,43,3,115,59
565,4201,3131,41.5,62.5,10,1,7,0,35,3,73,38
850,2783,2159,206.6,220.4,10,1,6.9,0,54,5,110,46
1116,2568,4988,243.4,259.6,10,1,8.1,0,50,5,184,54
480,2770,1189,58.6,64.3,10,1,1.9,0,34,3,89,51
779,2600,3449,190.2,204,10,1,6.9,0,53,5,66,46
938,881,973,212.5,229,10,1,8.25,0,53,5,64,55
994,4944,4831,224.9,243.2,10,1,9.15,0,55,5,98,61
1054,1230,847,209.3,224,10,1,7.35,0,47,5,77,49
914,1172,2316,166,179.8,10,1,6.9,0,49,5,97,46
859,2371,1645,175.1,184.4,10,1,4.65,0,48,5,110,31
908,287,1895,184,199,10,1,7.5,0,48,5,79,50
900,2275,1636,186.5,203,10,1,8.25,0,48,5,93,55
824,478,2526,182,197,10,1,7.5,0,56,5,77,50
682,3750,272,191.2,206.8,10,1,7.8,0,49,5,82,52
675,3046,2077,175.2,188.4,10,1,6.6,0,52,5,74,44
770,485,3831,181.4,195.2,10,1,6.9,0,51,5,94,46
1000,1566,2559,163.4,177.2,10,1,6.9,0,50,5,76,46
955,3326,2753,220,235,10,1,7.5,0,50,5,125,50
103,1739,1909,53,60.5,10,1,2.5,0,41,3,98,48
857,514,660,229.1,246.2,10,1,8.55,0,50,5,98,57
699,3101,4960,212.4,231,10,1,9.3,0,54,5,107,62
776,1739,1909,198.8,213.2,10,1,7.2,0,45,5,98,48
245,709,3955,65.2,70.3,10,1,1.7,0,39,3,89,55
666,3521,1653,215.8,233.2,10,1,8.7,0,51,5,94,58
767,103,4119,217.1,237.2,10,1,10.05,0,47,5,130,67
768,1490,2463,204.5,221.6,10,1,8.55,0,52,5,119,57
974,1663,3575,190.9,203.2,10,1,6.15,0,55,5,113,41
1058,609,2690,213.5,230,10,1,8.25,0,48,5,131,55
861,4327,567,196.4,210.2,10,1,6.9,0,48,5,109,46
754,3133,773,212.5,229,10,1,8.25,0,52,5,85,55
688,4910,2210,195.5,209,10,1,6.75,0,48,5,101,45
796,4164,3956,203,221,10,1,9,0,54,5,125,60
648,2566,399,217.8,233.4,10,1,7.8,0,61,5,119,52
10,2908,819,41.5,73,10,1,10.5,0,48,3,136,31
76,1986,1868,49.8,67.2,10,1,5.8,0,51,3,102,44
843,3263,2097,206.5,220,10,1,6.75,0,53,5,103,45
743,1437,4764,179.2,192.4,10,1,6.6,0,49,5,99,44
1030,910,1461,196.7,212,10,1,7.65,0,52,5,59,51
724,121,3534,211.3,225.4,10,1,7.05,0,50,5,122,47
1005,3184,4354,169,181,10,1,6,0,52,5,69,40
49,3787,821,73.4,77.45,10,1,1.35,0,48,3,95,68
1092,622,2113,191.2,204.4,10,1,6.6,0,52,5,90,44
1106,2517,675,233,249.8,10,1,8.4,0,55,5,149,56
1026,1687,4973,187.3,199.6,10,1,6.15,0,50,5,134,41
190,38,953,63.8,72.35,10,1,2.85,0,42,3,98,41
922,4280,656,207.2,221,10,1,6.9,0,50,5,83,46
918,4741,1022,184.6,202,10,1,8.7,0,52,5,86,58
959,2403,3196,190.5,206.4,10,1,7.95,0,49,5,111,53
734,4518,789,219.2,235.4,10,1,8.1,0,54,5,95,54
898,1456,176,221.5,244,10,1,11.25,0,53,5,109,75
863,1001,4349,194.2,205,10,1,5.4,0,51,5,97,36
872,626,299,208.6,226,10,1,8.7,0,46,5,89,58
355,4809,1447,80.6,85.25,10,1,1.55,0,52,3,93,62
967,3548,1426,191.2,207.4,10,1,8.1,0,51,5,121,54
864,1195,3392,191.3,207.2,10,1,7.95,0,49,5,80,53
789,4803,2556,187,203.8,10,1,8.4,0,55,5,103,56
985,1541,3723,172.5,184.8,10,1,6.15,0,53,5,70,41
817,3926,482,190.5,205.8,10,1,7.65,0,50,5,114,51
169,2019,428,68.8,75.7,10,1,2.3,0,47,3,101,55
930,4373,1798,211.8,228,10,1,8.1,0,51,5,100,54
762,2698,2202,198,213.6,10,1,7.8,0,48,5,120,52
791,38,953,200.5,212.8,10,1,6.15,0,51,5,98,41
538,4028,4281,54.3,65.25,10,1,3.65,0,44,3,120,47
936,1040,3547,188.5,207.4,10,1,9.45,0,54,5,94,63
885,237,1654,203,218,10,1,7.5,0,55,5,98,50
741,2019,428,205.5,222,10,1,8.25,0,50,5,101,55
695,1535,1288,171.2,180.8,10,1,4.8,0,49,5,104,32
702,103,1296,200.2,214.6,10,1,7.2,0,50,5,157,48
641,4319,2840,50.9,68.45,10,1,5.85,0,46,3,86,47
998,1516,4601,217.2,234.6,10,1,8.7,0,51,5,107,58
996,1716,4103,189,205.8,10,1,8.4,0,51,5,105,56
647,1708,579,193.8,210.6,10,1,8.4,0,50,5,65,56
1084,1463,3699,196.4,213.2,10,1,8.4,0,52,5,90,56
960,3100,1787,210.2,225.8,10,1,7.8,0,55,5,101,52
79,1459,1971,42.8,65.6,10,1,7.6,0,47,3,77,39
715,1346,574,191.5,205.6,10,1,7.05,0,52,5,47,47
655,1609,2755,206.3,222.2,10,1,7.95,0,53,5,95,53
1037,3404,832,214,229.6,10,1,7.8,0,59,5,84,52
1022,3679,4871,194.3,210.2,10,1,7.95,0,56,5,83,53
891,2245,3270,162.7,173.8,10,1,5.55,0,52,5,122,37
19,3508,4139,68.4,75,10,1,2.2,0,50,3,86,42
766,1038,910,195.7,212.8,10,1,8.55,0,50,5,76,57
769,948,1246,207.9,225.6,10,1,8.85,0,47,5,84,59
937,3857,108,195,210,10,1,7.5,0,53,5,80,50
838,4659,3357,182.9,197,10,1,7.05,0,52,5,103,47
1010,1741,4495,215,236,10,1,10.5,0,50,5,96,70
964,4465,528,177,192,10,1,7.5,0,49,5,72,50
704,2923,4230,192.5,206,10,1,6.75,0,55,5,107,45
788,4475,2360,199.9,212.2,10,1,6.15,0,51,5,122,41
999,4086,190,191.8,205.6,10,1,6.9,0,51,5,86,46
651,2574,2572,184.5,198,10,1,6.75,0,49,5,108,45
1040,4436,3337,196.3,211,10,1,7.35,0,52,5,113,49
701,848,446,200.3,218.6,10,1,9.15,0,51,5,121,61
803,652,1549,201.5,213.2,10,1,5.85,0,56,5,104,39
915,2562,4132,174.4,188.8,10,1,7.2,0,57,5,64,48
965,2053,2039,232.9,248.2,10,1,7.65,0,53,5,136,51
860,314,4577,186.4,203.2,10,1,8.4,0,57,5,136,56
42,675,1988,83.6,91.25,10,1,2.55,0,64,3,104,53
927,780,506,205.3,220.6,10,1,7.65,0,55,5,139,51
752,93,3163,186.3,202.2,10,1,7.95,0,48,5,75,53
849,1188,2595,184.8,199.2,10,1,7.2,0,49,5,89,48
841,472,211,204.5,221,10,1,8.25,0,50,5,89,55
672,4353,4943,201.1,220,10,1,9.45,0,50,5,94,63
683,2892,2445,185.7,198.6,10,1,6.45,0,49,5,104,43
710,4083,2205,205.7,221,10,1,7.65,0,47,5,68,51
877,4863,4584,180.1,195.4,10,1,7.65,0,51,5,73,51
199,1125,3195,73.5,81.75,10,1,2.75,0,45,3,123,68
661,3774,2423,203,221,10,1,9,0,54,5,89,60
1110,4060,191,202.7,221,10,1,9.15,0,51,5,99,61
989,3093,970,202.1,215,10,1,6.45,0,50,5,86,43
747,3859,4298,216.4,233.2,10,1,8.4,0,54,5,110,56
730,3,572,199.4,215,10,1,7.8,0,52,5,59,52
1069,294,4771,194,209,10,1,7.5,0,58,5,89,50
759,3818,3628,212.4,225.6,10,1,6.6,0,50,5,120,44
711,837,1255,213.6,232.8,10,1,9.6,0,49,5,92,64
951,341,4589,193.8,213,10,1,9.6,0,53,5,85,64
1055,880,156,198,214.2,10,1,8.1,0,53,5,117,54
848,1794,3529,207.5,224,10,1,8.25,0,50,5,92,55
888,4537,3803,191.5,205,10,1,6.75,0,49,5,70,45
578,174,2286,65.9,68.6,10,1,0.9,0,51,3,74,65
823,1868,490,189.2,205.4,10,1,8.1,0,55,5,65,54
785,2699,679,200.9,215.6,10,1,7.35,0,58,5,98,49
1101,1304,2549,193,208,10,1,7.5,0,48,5,95,50
846,4591,3756,193.8,211.2,10,1,8.7,0,53,5,72,58
498,3687,4866,62.9,80,10,1,5.7,0,35,3,80,61
971,4242,4962,208.9,227.8,10,1,9.45,0,51,5,127,63
924,4950,975,169,183.4,10,1,7.2,0,48,5,97,48
761,4155,4318,208.5,225,10,1,8.25,0,52,5,137,55
844,1394,950,200.5,215.8,10,1,7.65,0,53,5,73,51
799,3393,769,200.6,215,10,1,7.2,0,54,5,119,48
905,2979,111,214.6,234.4,10,1,9.9,0,53,5,76,66
783,3804,1265,193.9,208.6,10,1,7.35,0,49,5,91,49
880,3405,1961,194.8,208,10,1,6.6,0,50,5,120,44
1007,4896,3453,207.9,222,10,1,7.05,0,51,5,128,47
1109,3996,3364,215.6,236,10,1,10.2,0,50,5,100,68
919,3292,2058,176.1,189,10,1,6.45,0,54,5,95,43
832,4598,247,228,244.2,10,1,8.1,0,57,5,68,54
1071,1053,4274,196.2,210,10,1,6.9,0,51,5,72,46
1042,1838,1062,195.1,209.2,10,1,7.05,0,55,5,87,47
1115,4809,1447,210.8,229.4,10,1,9.3,0,57,5,93,62
953,2945,95,201.5,219.2,10,1,8.85,0,53,5,113,59
96,866,267,75.2,83,10,1,2.6,0,47,3,96,44
758,2451,1481,197.7,213,10,1,7.65,0,49,5,111,51
327,880,156,66.6,76.05,10,1,3.15,0,49,3,117,54
1088,3286,4042,183.2,196.4,10,1,6.6,0,53,5,82,44
932,1694,4193,238.4,254,10,1,7.8,0,49,5,98,52
667,1143,836,207,225,10,1,9,0,54,5,69,60
1112,1696,1860,208.5,228,10,1,9.75,0,59,5,111,65
735,938,1899,202.5,216,10,1,6.75,0,51,5,90,45
73,1837,1379,75.4,86.95,10,1,3.85,0,47,3,137,60
36,10,164,67.5,81,10,1,4.5,0,25,3,81,66
1075,4060,3176,205.3,225.4,10,1,10.05,0,51,5,78,67
665,3508,4139,191,203.6,10,1,6.3,0,50,5,86,42
907,4484,1789,184.7,201.8,10,1,8.55,0,50,5,65,57
780,3499,3886,207.3,226.2,10,1,9.45,0,48,5,138,63
941,4434,1729,192.6,207,10,1,7.2,0,56,5,63,48
499,2627,4057,62.7,75.45,10,1,4.25,0,57,3,78,61
1085,1715,215,75.4,86.8,10,1,5.7,0,51,5,64,38
945,719,2943,207.3,222.6,10,1,7.65,0,56,5,90,51
386,880,826,54.7,74.95,10,1,6.75,0,28,3,79,52
851,2341,2124,187.3,200.2,10,1,6.45,0,55,5,97,43
896,1647,4856,204.4,218.8,10,1,7.2,0,57,5,94,48
801,2528,4751,202.5,219,10,1,8.25,0,54,5,87,55
1043,2416,4800,208,228.4,10,1,10.2,0,53,5,106,68
990,4298,957,187,205,10,1,9,0,50,5,150,60
802,2207,2736,192.7,211.6,10,1,9.45,0,53,5,73,63
988,2532,3224,226.1,243.2,10,1,8.55,0,50,5,95,57
963,4426,2963,213.5,233,10,1,9.75,0,56,5,129,65
690,970,3069,202,211,10,1,4.5,0,54,5,121,30
1049,2325,2398,222.9,240,10,1,8.55,0,49,5,69,57
928,4182,3678,204.1,217,10,1,6.45,0,51,5,88,43
1046,3172,3303,209,224,10,1,7.5,0,50,5,84,50
784,767,2619,191,207.2,10,1,8.1,0,52,5,110,54
1021,975,4752,188.7,204.6,10,1,7.95,0,53,5,88,53
686,3616,484,214,232,10,1,9,0,49,5,76,60
772,1150,1936,211.2,229.8,10,1,9.3,0,57,5,81,62
821,1411,1732,195.5,211.4,10,1,7.95,0,53,5,116,53
301,3184,4354,51.6,55.95,10,1,1.45,0,50,3,69,40
854,2286,1923,199.6,212.2,10,1,6.3,0,57,5,103,42
916,3882,2390,204.6,223.2,10,1,9.3,0,54,5,124,62
100,485,3831,50.8,65.2,10,1,4.8,0,51,3,94,46
979,1263,2754,179.7,194.4,10,1,7.35,0,50,5,121,49
793,62,2436,187,205,10,1,9,0,57,5,73,60
976,4991,830,200.9,218,10,1,8.55,0,53,5,104,57
671,619,189,210.8,224.6,10,1,6.9,0,55,5,105,46
669,1410,1331,230,254,10,1,12,0,56,5,94,80
757,1626,743,185.7,199.8,10,1,7.05,0,55,5,87,47
895,2304,552,224.5,242.2,10,1,8.85,0,52,5,77,59
804,3906,1235,180.5,197,10,1,8.25,0,52,5,87,55
1016,1090,481,227.9,245,10,1,8.55,0,54,5,74,57
723,148,2821,213.2,228.8,10,1,7.8,0,54,5,104,52
942,202,2679,197.9,213.8,10,1,7.95,0,52,5,76,53
893,1281,406,215.5,230.2,10,1,7.35,0,54,5,93,49
923,3437,1552,213.5,230,10,1,8.25,0,57,5,131,55
882,3458,1752,233.5,253.6,10,1,10.05,0,58,5,135,67
677,1173,2305,202,218.8,10,1,8.4,0,51,5,62,56
835,1160,1844,150.2,164.6,10,1,7.2,0,52,5,59,48
947,3385,1595,189.6,204,10,1,7.2,0,50,5,60,48
1035,350,1321,187.6,200.2,10,1,6.3,0,52,5,91,42
839,4101,3515,226,241,10,1,7.5,0,54,5,121,50
902,3000,4181,197.5,214,10,1,8.25,0,48,5,93,55
986,1040,2354,206,225.2,10,1,9.6,0,53,5,110,64
862,1148,4337,196.2,216,10,1,9.9,0,55,5,84,66
977,3855,3889,219.9,238.2,10,1,9.15,0,58,5,104,61
733,196,1923,209.8,226,10,1,8.1,0,54,5,64,54
696,1969,1698,200.2,218.8,10,1,9.3,0,51,5,70,62
934,3132,2447,229,244,10,1,7.5,0,50,5,104,50
643,4024,2327,204,223.2,10,1,9.6,0,54,5,108,64
1067,370,3047,208.1,226.4,10,1,9.15,0,59,5,80,61
706,932,964,214,227.2,10,1,6.6,0,54,5,104,44
890,3933,1175,205.9,224.2,10,1,9.15,0,46,5,90,61
1,4024,2327,81.6,88.2,10,1,2.2,0,54,3,108,64
950,4754,2074,216.1,230.8,10,1,7.35,0,53,5,73,49
229,1517,1605,55,68.5,10,1,4.5,0,42,3,79,49
1060,2096,2423,210.9,229.2,10,1,9.15,0,53,5,95,61
1056,457,797,214.1,232.4,10,1,9.15,0,52,5,86,61
685,4015,58,210.8,227.6,10,1,8.4,0,54,5,82,56
1099,2549,3225,219,235.2,10,1,8.1,0,51,5,84,54
1032,671,4219,214.1,234.8,10,1,10.35,0,58,5,83,69
357,4007,1478,78.2,82.25,10,1,1.35,0,50,3,89,62
1079,1407,2049,179.2,190,10,1,5.4,0,53,5,118,36
744,3788,3133,50.6,61.4,10,1,5.4,0,57,5,47,36
881,3329,3758,209,222.8,10,1,6.9,0,55,5,94,46
878,1923,2984,180.9,193.8,10,1,6.45,0,54,5,82,43
679,3709,974,186.6,202.8,10,1,8.1,0,49,5,84,54
917,1668,3163,240.5,258.8,10,1,9.15,0,47,5,149,61
720,4319,1629,217.5,234.6,10,1,8.55,0,48,5,75,57
642,456,1975,242.5,263.8,10,1,10.65,0,59,5,157,71
1082,1624,4365,187.7,198.8,10,1,5.55,0,50,5,84,37
1119,4509,2115,231.5,251,10,1,9.75,0,55,5,121,65
700,4681,4459,198.4,217,10,1,9.3,0,60,5,93,62
826,2527,362,218.2,235,10,1,8.4,0,56,5,123,56
650,4009,1524,208.5,224.4,10,1,7.95,0,49,5,129,53
1006,1604,223,206.5,223,10,1,8.25,0,52,5,80,55
827,3581,1889,182,197.6,10,1,7.8,0,52,5,104,52
1073,4398,2490,235,253,10,1,9,0,53,5,85,60
729,2662,1807,237.4,257.8,10,1,10.2,0,53,5,81,68
1117,1288,3313,198,212.4,10,1,7.2,0,51,5,102,48
63,491,1239,75,81,10,1,2,0,59,3,99,59
980,654,3279,227.3,243.2,10,1,7.95,0,54,5,116,53
935,188,1118,231.5,246.2,10,1,7.35,0,57,5,109,49
777,417,4733,214.9,233.8,10,1,9.45,0,52,5,70,63
709,1810,2642,210.6,226.8,10,1,8.1,0,50,5,108,54
670,557,1262,232,248.8,10,1,8.4,0,52,5,92,56
886,611,2261,233.5,247,10,1,6.75,0,50,5,121,45
868,1967,1914,207.8,226.4,10,1,9.3,0,56,5,90,62
713,3974,4631,194.2,209.8,10,1,7.8,0,59,5,85,52
749,4359,2715,215.5,238,10,1,11.25,0,52,5,88,75
792,2118,3024,191,204.2,10,1,6.6,0,58,5,81,44
717,1298,1112,216,231.6,10,1,7.8,0,48,5,86,52
1105,4184,536,184.8,195.6,10,1,5.4,0,61,5,102,36
1012,191,1013,225,243,10,1,9,0,48,5,99,60
1100,2742,1535,187.9,199.6,10,1,5.85,0,54,5,106,39
901,2942,1207,178,192.4,10,1,7.2,0,54,5,58,48
995,270,4511,203.8,217,10,1,6.6,0,55,5,85,44
981,1867,4585,215,237.2,10,1,11.1,0,53,5,104,74
756,3754,2111,204.9,220.8,10,1,7.95,0,51,5,83,53
1113,3089,2026,193.4,210.2,10,1,8.4,0,51,5,87,56
1038,3644,2560,222,246,10,1,12,0,53,5,86,80
748,3265,1019,214.3,227.2,10,1,6.45,0,49,5,124,43
993,3697,2143,199.1,216.8,10,1,8.85,0,53,5,87,59
1024,2555,570,195,211.2,10,1,8.1,0,56,5,60,54
0,456,1975,77.5,87.25,10,1,3.25,0,54,3,157,71
931,468,546,207.7,220.6,10,1,6.45,0,51,5,126,43
774,3130,729,221.5,236.8,10,1,7.65,0,55,5,83,51
668,2454,1501,207.1,224.8,10,1,8.85,0,54,5,95,59
853,4862,3122,207.3,224.4,10,1,8.55,0,55,5,99,57
732,4059,2820,183.5,201.8,10,1,9.15,0,50,5,92,61
1004,800,4141,204.5,220.4,10,1,7.95,0,56,5,72,53
920,1195,2830,198.4,206.8,10,1,4.2,0,55,5,134,28
1001,3727,4113,204.3,217.2,10,1,6.45,0,50,5,114,43
1096,3415,4901,217.5,231,10,1,6.75,0,53,5,96,45
875,4311,4924,208.3,226.6,10,1,9.15,0,47,5,68,61
496,263,3357,49.4,59,10,1,3.2,0,41,3,107,43
855,4623,4081,212.4,232.2,10,1,9.9,0,48,5,87,66
957,379,3522,209,225.8,10,1,8.4,0,45,5,69,56
745,1431,1528,218.6,234.2,10,1,7.8,0,51,5,99,52
818,201,1155,246,265.8,10,1,9.9,0,55,5,81,66
673,3990,1125,233.5,253,10,1,9.75,0,51,5,84,65
1087,677,4697,180.6,193.8,10,1,6.6,0,51,5,141,44
873,4195,882,197.1,210,10,1,6.45,0,57,5,124,43
1052,4289,2497,233.9,251,10,1,8.55,0,52,5,137,57
1068,4912,1655,228.2,244.4,10,1,8.1,0,57,5,54,54
1015,747,1075,211.4,231.8,10,1,10.2,0,55,5,123,68
800,605,2587,210.5,227,10,1,8.25,0,54,5,73,55
1066,1449,4320,212,229.4,10,1,8.7,0,56,5,125,58
970,4676,4498,198.3,214.2,10,1,7.95,0,51,5,87,53
1027,2657,4930,230,248,10,1,9,0,52,5,92,60
716,3891,3012,229.5,247.8,10,1,9.15,0,53,5,77,61
909,2336,2232,191.2,209.8,10,1,9.3,0,51,5,123,62
455,4777,1896,47.9,68.6,10,1,6.9,0,41,3,110,41
25,938,2997,48.8,66.2,10,1,5.8,0,43,3,101,43
949,4792,865,228,247.2,10,1,9.6,0,55,5,132,64
847,394,4037,212.9,233,10,1,10.05,0,53,5,99,67
829,2611,355,218.5,239.8,10,1,10.65,0,52,5,112,71
1093,2082,3935,192,207,10,1,7.5,0,52,5,57,50
1048,3478,608,196.1,210.8,10,1,7.35,0,53,5,103,49
1013,1325,446,207.3,219.6,10,1,6.15,0,51,5,113,41
693,3251,4455,198.7,217,10,1,9.15,0,55,5,95,61
865,3635,1324,188.4,204.6,10,1,8.1,0,52,5,75,54
973,804,2517,241.2,260.4,10,1,9.6,0,51,5,94,64
866,1517,1605,201.5,216.2,10,1,7.35,0,56,5,79,49
725,1086,815,201.5,215.6,10,1,7.05,0,54,5,84,47
654,34,4282,200.8,217.6,10,1,8.4,0,51,5,128,56
1103,3582,3145,191.5,208.6,10,1,8.55,0,54,5,106,57
714,4860,3758,204.5,221,10,1,8.25,0,53,5,100,55
684,3186,815,209,224,10,1,7.5,0,50,5,94,50
806,3546,2007,198.1,212.8,10,1,7.35,0,55,5,105,49
26,1508,2538,70,79,10,1,3,0,50,3,136,58
1091,3514,4676,220.5,240,10,1,9.75,0,53,5,85,65
678,4185,2726,211.1,231.8,10,1,10.35,0,49,5,80,69
913,2766,3827,198,213,10,1,7.5,0,54,5,83,50
975,4576,22,215.2,234.4,10,1,9.6,0,54,5,132,64
811,1125,3195,225,245.4,10,1,10.2,0,49,5,123,68
921,1546,4282,205.1,222.8,10,1,8.85,0,56,5,93,59
833,1054,542,207.6,219,10,1,5.7,0,53,5,143,38
794,1169,4156,196.4,213.2,10,1,8.4,0,56,5,90,56
894,1022,4147,189,203.4,10,1,7.2,0,56,5,69,48
721,1254,1655,175.9,188.2,10,1,6.15,0,56,5,98,41
228,1195,3392,61.1,65.15,10,1,1.35,0,47,3,80,53
751,2005,4437,211.1,230,10,1,9.45,0,51,5,104,63
1044,4391,2654,183.4,199.6,10,1,8.1,0,53,5,70,54
1097,3706,3631,203.9,222.8,10,1,9.45,0,56,5,122,63
646,1430,520,197.4,210,10,1,6.3,0,50,5,126,42
738,1837,1379,203,221,10,1,9,0,50,5,137,60
845,1446,3975,164.3,176,10,1,5.85,0,52,5,98,39
956,4097,476,191.4,205.2,10,1,6.9,0,50,5,104,46
652,2902,4278,207.2,224.6,10,1,8.7,0,51,5,97,58
1076,4924,2567,239.9,257,10,1,8.55,0,52,5,143,57
691,659,257,209.6,219.8,10,1,5.1,0,58,5,145,34
645,1713,2925,198.3,213,10,1,7.35,0,57,5,65,49
828,1078,2910,210.6,229.2,10,1,9.3,0,57,5,68,62
170,1431,1528,61.4,68.45,10,1,2.35,0,48,3,99,52
966,1963,2703,175.6,189.4,10,1,6.9,0,52,5,78,46
943,424,2590,230,247.4,10,1,8.7,0,59,5,143,58
954,1529,2862,206,221,10,1,7.5,0,55,5,121,50
903,4846,1614,205.9,221.8,10,1,7.95,0,50,5,84,53
676,1508,2538,228.2,245.6,10,1,8.7,0,51,5,136,58
969,1591,2311,189.9,202.2,10,1,6.15,0,51,5,135,41
1065,2323,4926,217.9,236.8,10,1,9.45,0,53,5,136,63
1090,2367,1933,59.5,73,10,1,6.75,0,50,5,55,45
809,342,536,217.8,236.4,10,1,9.3,0,58,5,100,62
1025,4061,4513,191,203,10,1,6,0,56,5,59,40
874,3031,2055,217.3,237.4,10,1,10.05,0,53,5,90,67
1061,905,1958,193.8,209.4,10,1,7.8,0,52,5,147,52
50,4872,2556,46.4,78.8,10,1,10.8,0,31,3,95,41
764,866,267,197.2,210.4,10,1,6.6,0,48,5,96,44
939,4740,1058,212.2,232.6,10,1,10.2,0,59,5,83,68
790,2014,232,227.1,244.2,10,1,8.55,0,56,5,96,57
742,4639,893,213.5,226.4,10,1,6.45,0,57,5,106,43
746,2876,2975,216.2,232.4,10,1,8.1,0,51,5,92,54
5,4009,1524,60.6,72,10,1,3.8,0,50,3,129,53
842,2580,2497,61.6,75.4,10,1,6.9,0,55,5,57,46
750,3688,455,213.4,232.6,10,1,9.6,0,54,5,79,64
656,3845,4711,224,245,10,1,10.5,0,56,5,119,70
948,2259,3596,228.6,248.4,10,1,9.9,0,55,5,90,66
808,2871,962,201.1,219.4,10,1,9.15,0,55,5,73,61
681,3484,1516,216.4,232,10,1,7.8,0,51,5,76,52
795,1586,3561,202.1,216.2,10,1,7.05,0,57,5,94,47
814,68,2518,211.8,229.2,10,1,8.7,0,53,5,90,58
1011,2346,2588,243.3,258,10,1,7.35,0,48,5,111,49
739,3750,1421,227.1,244.8,10,1,8.85,0,52,5,115,59
687,2689,1043,211.5,228,10,1,8.25,0,55,5,140,55
825,246,3833,216,234,10,1,9,0,60,5,78,60
952,1850,2221,203.1,220.2,10,1,8.55,0,54,5,72,57
897,709,3955,215.5,232,10,1,8.25,0,52,5,89,55
1009,4667,4496,65.7,79.8,10,1,7.05,0,51,5,61,47
226,4327,567,52.3,71.2,10,1,6.3,0,39,3,109,46
55,3578,1705,53.9,56.6,10,1,0.9,0,57,3,62,53
1081,2533,4645,206.4,223.8,10,1,8.7,0,55,5,73,58
887,4704,3799,213.1,226,10,1,6.45,0,59,5,97,43
1059,2846,604,217.9,233.2,10,1,7.65,0,54,5,121,51
1041,2486,163,207,223.2,10,1,8.1,0,51,5,126,54
1118,2357,3641,205,221.2,10,1,8.1,0,56,5,70,54
313,1687,4973,59.6,73.55,10,1,4.65,0,50,3,134,41
707,4000,4974,197.5,214,10,1,8.25,0,61,5,71,55
775,337,880,216.7,234.4,10,1,8.85,0,51,5,140,59
694,3898,1561,189.5,203.6,10,1,7.05,0,55,5,72,47
1003,4815,3422,217.3,234.4,10,1,8.55,0,52,5,109,57
1089,426,3216,221.5,241,10,1,9.75,0,54,5,72,65
58,530,1430,57.6,61.05,10,1,1.15,0,50,3,76,53
1029,2016,293,205.8,224.4,10,1,9.3,0,55,5,99,62
705,1119,4060,217.5,235.2,10,1,8.85,0,56,5,70,59
933,1928,822,201.5,215,10,1,6.75,0,59,5,89,45
555,3091,4876,71,74,10,1,1,0,43,3,85,65
944,1013,4584,213.5,230,10,1,8.25,0,51,5,109,55
911,148,3598,194.9,210.8,10,1,7.95,0,52,5,73,53
172,2005,4437,71.2,77.35,10,1,2.05,0,54,3,104,63
157,4313,3027,49.2,59.55,10,1,3.45,0,40,3,63,40
1020,2062,4060,226.6,244,10,1,8.7,0,56,5,70,58
689,10,164,232.8,252.6,10,1,9.9,0,60,5,81,66
698,675,1988,215.3,231.2,10,1,7.95,0,65,5,104,53
946,760,3730,229,247,10,1,9,0,53,5,79,60
1034,4802,1568,212,228.8,10,1,8.4,0,57,5,128,56
1045,685,2867,190.1,204.8,10,1,7.35,0,55,5,97,49
837,1125,2725,212.8,232,10,1,9.6,0,51,5,104,64
728,2520,4400,209.4,223.2,10,1,6.9,0,51,5,122,46
726,491,1239,234.7,252.4,10,1,8.85,0,60,5,99,59
1102,4368,3676,230,251.6,10,1,10.8,0,53,5,122,72
60,4504,537,46.3,54.1,10,1,2.6,0,45,3,73,45
457,3643,1530,61.4,75.8,10,1,4.8,0,47,3,83,59
1062,331,298,242.5,262,10,1,9.75,0,56,5,106,65
982,2712,1171,227.7,243,10,1,7.65,0,54,5,141,51
13,2479,1822,72.8,78.5,10,1,1.9,0,54,3,88,50
316,671,4219,70.4,76.7,10,1,2.1,0,45,3,83,69
519,2293,3553,72.4,76.45,10,1,1.35,0,37,3,94,67
778,4886,3381,216.5,233,10,1,8.25,0,56,5,123,55
782,4242,130,217.2,232.8,10,1,7.8,0,53,5,108,52
840,2644,2161,232.1,249.2,10,1,8.55,0,57,5,101,57
737,1954,948,239.3,257,10,1,8.85,0,55,5,80,59
1050,3276,581,216,233.4,10,1,8.7,0,61,5,71,58
755,2207,4973,201.7,215.8,10,1,7.05,0,57,5,103,47
1083,620,3773,211.2,228.6,10,1,8.7,0,54,5,101,58
992,3086,1911,249.9,268.8,10,1,9.45,0,50,5,105,63
680,4316,2959,205.4,222.2,10,1,8.4,0,53,5,99,56
836,3963,4256,220.9,242.2,10,1,10.65,0,56,5,128,71
1008,4227,2923,258.4,277,10,1,9.3,0,61,5,91,62
984,1198,137,222.5,242,10,1,9.75,0,53,5,112,65
968,2751,700,210.5,227,10,1,8.25,0,58,5,73,55
708,835,1706,215.8,232,10,1,8.1,0,56,5,124,54
718,1351,187,237.4,251.8,10,1,7.2,0,55,5,175,48
137,4910,2210,50.6,75.8,10,1,8.4,0,45,3,101,45
1002,2598,1943,215.2,230.8,10,1,7.8,0,59,5,106,52
692,4189,3819,217.1,230,10,1,6.45,0,55,5,101,43
697,1703,3386,235.4,251,10,1,7.8,0,54,5,95,52
727,2730,4226,218.5,233.2,10,1,7.35,0,59,5,96,49
867,3348,2521,218.1,237,10,1,9.45,0,55,5,111,63
659,4522,2341,215.1,231,10,1,7.95,0,57,5,125,53
1086,4808,55,195.4,209.8,10,1,7.2,0,55,5,85,48
418,1513,3513,66.6,77.55,10,1,3.65,0,46,3,125,52
983,4713,3018,210.3,225,10,1,7.35,0,53,5,78,49
830,3157,1990,225.9,240.6,10,1,7.35,0,58,5,123,49
703,4749,4341,213.9,231.6,10,1,8.85,0,55,5,149,59
493,1432,4318,42.6,69.9,10,1,9.1,0,32,3,125,40
596,2019,2105,50.3,60.05,10,1,3.25,0,52,5,49,49
459,1260,2997,64.8,81,10,1,5.4,0,26,3,81,63
644,4353,4646,218,236,10,1,9,0,57,5,80,60
912,1822,4086,217,232.6,10,1,7.8,0,61,5,87,52
664,2327,3918,215,232.4,10,1,8.7,0,59,5,70,58
123,1143,836,65.4,69.45,10,1,1.35,0,29,4,69,60
6,2574,2572,63.9,73.35,10,1,3.15,0,49,3,108,45
858,1949,4518,244.6,261.4,10,1,8.4,0,53,5,127,56
231,1473,2043,60,66,10,1,2,0,25,3,66,56
657,3070,4427,205,217.6,10,1,6.3,0,55,5,100,42
1028,1932,881,230.7,247.8,10,1,8.55,0,59,5,111,57
961,1800,1089,222.6,238.2,10,1,7.8,0,64,5,103,52
585,2149,3463,49.8,64.5,10,1,4.9,0,44,3,138,40
1064,4521,2866,214.7,228.8,10,1,7.05,0,53,5,116,47
1077,1310,1369,207.3,222.6,10,1,7.65,0,54,5,90,51
972,430,4558,58.7,69.8,10,1,5.55,0,59,5,55,37
184,1739,1909,68,75.5,10,1,2.5,0,51,3,98,48
771,3662,915,210.5,224.6,10,1,7.05,0,54,5,93,47
532,4550,3982,52.8,69.9,10,1,5.7,0,51,3,87,49
161,1591,2642,48.8,54.2,10,1,1.8,0,50,3,65,47
623,3083,2213,45.6,72.6,10,1,9,0,40,3,78,42
375,319,1149,62.5,70.6,10,1,2.7,0,60,3,76,49
612,3684,3171,57.1,67.75,10,1,3.55,0,56,3,121,50
141,4504,4668,52.6,59.8,10,1,2.4,0,32,4,58,52
1078,4267,866,196.9,209.8,10,1,6.45,0,50,5,98,43
962,2295,532,228,243,10,1,7.5,0,55,5,113,50
1111,2342,1691,226.7,244.4,10,1,8.85,0,60,5,91,59
807,2120,651,219.5,234.8,10,1,7.65,0,60,5,92,51
798,2294,693,275.7,294,10,1,9.15,0,61,5,111,61
987,4764,3010,221,236,10,1,7.5,0,56,5,86,50
89,1111,1943,74.6,81.8,10,1,2.4,0,53,3,89,41
432,1408,651,65,72.5,10,1,2.5,0,55,3,110,60
1095,3550,3871,245.3,266.6,10,1,10.65,0,57,5,82,71
813,3395,2575,213.5,230,10,1,8.25,0,58,5,76,55
787,3690,4907,203.5,220,10,1,8.25,0,53,5,88,55
632,661,2670,58.2,64.8,10,1,2.2,0,58,3,67,45
247,2942,1207,49,55,10,1,2,0,54,3,58,48
334,1053,4274,61.6,65.5,10,1,1.3,0,47,3,72,46
760,3232,191,228.1,248.8,10,1,10.35,0,59,5,97,69
871,4746,3891,242,258.8,10,1,8.4,0,55,5,102,56
307,1325,446,48.2,69.8,10,1,7.2,0,49,3,113,41
475,3413,294,72,79.5,10,1,2.5,0,50,3,117,67
797,4311,3508,235.7,253.4,10,1,8.85,0,53,5,100,59
254,3512,2074,52.9,62.35,10,1,3.15,0,31,4,61,52
812,2135,564,244.5,262.8,10,1,9.15,0,62,5,92,61
322,3478,608,76,84.1,10,1,2.7,0,46,3,103,49
522,4100,2215,65.5,69.25,10,1,1.25,0,43,3,78,53
117,2479,1822,57.6,63.3,10,1,1.9,0,54,3,88,50
491,552,1533,48.7,65.8,10,1,5.7,0,42,4,65,43
134,4015,58,71.6,75.5,10,1,1.3,0,51,3,82,56
506,998,3284,67.2,71.4,10,1,1.4,0,33,3,84,56
269,202,2679,57.6,61.05,10,1,1.15,0,44,3,76,53
278,4465,528,52.2,68.7,10,1,5.5,0,46,3,72,50
497,3805,168,50.8,62.2,10,1,3.8,0,54,3,66,47
178,1375,1718,66.6,75.3,10,1,2.9,0,52,3,113,55
526,2094,3191,55.7,61.55,10,1,1.95,0,40,3,83,44
80,3640,820,65,71,10,1,2,0,60,3,127,45
294,3697,2143,70.2,82.8,10,1,4.2,0,38,3,87,59
348,1304,2549,55.6,76.6,10,1,7,0,40,3,95,50
87,93,3163,68.4,71.7,10,1,1.1,0,53,3,75,53
122,3521,1653,83.2,88.6,10,1,1.8,0,58,3,94,58
626,692,3724,60,65.25,10,1,1.75,0,55,3,88,53
600,649,2902,59.5,65.8,10,1,2.1,0,32,3,70,49
68,4059,2820,67.2,71.85,10,1,1.55,0,50,3,92,61
545,4280,1779,79.8,82.2,10,1,0.8,0,55,3,83,67
275,3326,2753,57.5,68.75,10,1,3.75,0,44,3,125,50
113,1708,579,57.8,61.85,10,1,1.35,0,60,3,65,56
151,1346,574,49.7,65.9,10,1,5.4,0,49,5,47,47
325,1460,3291,49.2,64.05,10,1,4.95,0,58,3,69,36
212,4101,3515,64.2,74.85,10,1,3.55,0,60,3,121,50
202,1413,2946,60.2,67.4,10,1,2.4,0,56,3,89,41
129,944,2959,56.3,65.75,10,1,3.15,0,57,3,71,50
48,837,1255,83.6,87.8,10,1,1.4,0,53,3,92,64
188,3690,4907,68.2,73.15,10,1,1.65,0,45,3,88,55
97,1038,910,70.3,73.15,10,1,0.95,0,52,3,76,57
542,1524,2684,52.2,66.6,10,1,4.8,0,31,4,63,51
209,4598,247,73.5,79.35,10,1,1.95,0,59,5,68,54
167,3750,1421,64.6,73,10,1,2.8,0,61,3,115,59
634,1415,1115,61.2,63.6,10,1,0.8,0,51,3,66,50
233,4195,882,51.1,75.4,10,1,8.1,0,58,3,124,43
410,4868,2571,73.8,76.2,10,1,0.8,0,48,3,77,61
509,917,1196,69.2,72.05,10,1,0.95,0,55,3,73,54
108,3804,1265,61.6,74.2,10,1,4.2,0,56,3,91,49
148,835,1706,68,78.5,10,1,3.5,0,53,3,124,54
390,3103,1199,63.4,70.3,10,1,2.3,0,37,3,91,45
270,719,2943,74.4,80.25,10,1,1.95,0,62,3,90,51
139,970,3069,39.1,66.4,10,1,9.1,0,63,3,121,30
573,266,2818,67.8,72.9,10,1,1.7,0,56,3,78,61
458,2845,358,65.1,75.75,10,1,3.55,0,64,3,129,58
507,1838,3144,69,78,10,1,3,0,57,3,85,65
615,1126,1344,73.8,76.2,10,1,0.8,0,66,3,77,61
336,4398,2490,67.5,75,10,1,2.5,0,53,3,85,60
133,3186,815,72,78.6,10,1,2.2,0,42,3,94,50
443,4896,688,60.9,65.25,10,1,1.45,0,56,3,87,58
546,2808,88,53.6,60.8,10,1,2.4,0,24,4,59,53
105,4886,3381,61.8,72,10,1,3.4,0,53,3,123,55
144,3101,4960,66.5,80,10,1,4.5,0,50,3,107,62
470,966,2499,67.2,73.35,10,1,2.05,0,43,3,100,59
320,4391,2654,55.6,65.2,10,1,3.2,0,57,3,70,54
268,4740,1058,69.5,74,10,1,1.5,0,66,3,83,68
482,4252,2546,76.4,83.6,10,1,2.4,0,51,3,110,62
476,1992,699,66.6,82.5,10,1,5.3,0,49,3,162,56
439,1852,567,49.7,65.9,10,1,5.4,0,63,3,100,47
358,1127,491,48.6,64.2,10,1,5.2,0,51,3,72,46
107,4242,130,63.2,71.6,10,1,2.8,0,50,3,108,52
527,3904,4767,67.4,78.5,10,1,3.7,0,40,3,97,60
429,2470,4176,59.2,64.3,10,1,1.7,0,53,3,83,49
402,3505,4446,70,73.6,10,1,1.2,0,54,3,82,58
434,4419,1656,53.2,61,10,1,2.6,0,50,3,100,48
354,3089,2026,62.2,66.85,10,1,1.55,0,62,3,87,56
392,3424,3372,52.6,68.8,10,1,5.4,0,49,3,85,49
501,4112,2597,69.2,72.65,10,1,1.15,0,58,3,83,60
363,1308,31,52.6,62.8,10,1,3.4,0,63,3,107,39
521,2622,3400,65.7,74.4,10,1,2.9,0,43,3,86,57
557,3329,4792,68,72.2,10,1,1.4,0,68,3,82,54
37,970,3069,39.1,80.05,10,1,13.65,0,61,3,121,30
589,1400,2905,53.3,63.65,10,1,3.45,0,65,3,74,51
384,4216,1760,60.4,63.7,10,1,1.1,0,49,3,78,56
622,388,66,54.1,58.75,10,1,1.55,0,62,3,82,51
310,1090,481,58.7,66.35,10,1,2.55,0,52,3,74,57
61,148,2821,57.2,72.8,10,1,5.2,0,48,3,104,52
45,4749,4341,68,81.5,10,1,4.5,0,51,3,149,59
342,1336,1744,62.8,64.75,10,1,0.65,0,64,3,68,55
371,1183,3912,65.1,70.65,10,1,1.85,0,56,3,91,54
39,3898,1561,52,55.75,10,1,1.25,0,60,3,72,47
168,4387,1253,53.2,58.6,10,1,1.8,0,37,3,82,46
636,530,3016,67,71.5,10,1,1.5,0,67,3,94,64
85,2005,4437,67.1,73.25,10,1,2.05,0,52,3,104,63
279,1963,2703,52.6,57.55,10,1,1.65,0,61,3,78,46
403,29,1979,64.4,71.6,10,1,2.4,0,59,3,86,62
571,408,641,45,63,10,1,6,0,65,3,99,39
442,3327,3991,51.7,69.55,10,1,5.95,0,24,4,67,50
174,93,3163,70.6,73.9,10,1,1.1,0,47,3,75,53
1216,2310,1517,341.6,360.8,10,1,9.6,0,69,5,156,64
551,1365,4550,60,67.5,10,1,2.5,0,67,3,105,55
1160,3231,1782,320.5,337,10,1,8.25,0,71,5,117,55
303,1741,4495,75.2,79.1,10,1,1.3,0,65,3,96,70
488,339,3922,51.6,60,10,1,2.8,0,65,3,124,46
1220,1900,4097,347.4,363,10,1,7.8,0,68,5,155,52
293,3086,1911,75.6,81.9,10,1,2.1,0,60,3,105,63
277,2295,532,62.6,72.05,10,1,3.15,0,49,3,113,50
243,381,2830,56.4,64.95,10,1,2.85,0,29,4,64,45
30,3750,272,73,77.5,10,1,1.5,0,55,3,82,52
126,619,189,51.9,69.6,10,1,5.9,0,50,3,105,46
145,2923,4230,51.2,60.5,10,1,3.1,0,50,3,107,45
288,1263,2754,59.8,62.5,10,1,0.9,0,64,3,121,49
114,2328,1912,54.8,71.6,10,1,5.6,0,72,3,80,52
1281,4859,77,319.5,338.4,10,1,9.45,0,69,5,99,63
377,3413,1855,56.8,65.2,10,1,2.8,0,64,3,81,54
242,4936,1404,60.9,71.7,10,1,3.6,0,35,4,69,60
528,1811,1053,32,41,10,1,3,0,48,3,50,30
160,2662,1807,69.3,79.05,10,1,3.25,0,41,3,81,68
1272,1848,2510,311.3,329,10,1,8.85,0,74,5,93,59
1251,1098,4978,334.1,353,10,1,9.45,0,66,5,101,63
1222,2908,1992,389.8,409,10,1,9.6,0,71,5,153,64
518,1847,949,87.3,90.75,10,1,1.15,0,56,3,108,85
512,1832,487,52.8,65.4,10,1,4.2,0,55,3,120,36
150,837,1255,72.4,80.8,10,1,2.8,0,30,3,92,64
12,3070,4427,53.6,62.3,10,1,2.9,0,52,3,100,42
1245,96,4565,355.5,375.6,10,1,10.05,0,70,5,121,67
1195,3413,294,364.9,385,10,1,10.05,0,75,5,117,67
1158,1040,2354,346.8,366,10,1,9.6,0,70,5,110,64
388,787,452,71.4,78.6,10,1,2.4,0,49,3,105,57
1215,279,2644,333,351.6,10,1,9.3,0,68,5,71,62
198,1038,2972,60.5,63.65,10,1,1.05,0,68,3,71,50
1240,1048,1590,354.1,376,10,1,10.95,0,74,5,84,73
1152,2945,95,331.3,349,10,1,8.85,0,72,5,113,59
437,811,26,63.2,66.8,10,1,1.2,0,64,3,68,44
421,2009,2506,59.8,68.35,10,1,2.85,0,58,3,84,56
1278,4653,3497,325,343,10,1,9,0,68,5,115,60
1267,4459,2004,316.1,332,10,1,7.95,0,75,5,120,53
427,3178,2847,70.5,79.8,10,1,3.1,0,43,3,86,55
1253,4035,797,352.5,372,10,1,9.75,0,72,5,138,65
218,4591,3756,59.4,63.6,10,1,1.4,0,65,3,72,58
1186,4372,1499,325,343.6,10,1,9.3,0,67,5,108,62
1178,2251,4638,333.9,357.6,10,1,11.85,0,76,5,89,79
115,2902,4278,69.7,75.55,10,1,1.95,0,44,3,97,58
1182,3550,3926,329.7,350.4,10,1,10.35,0,71,5,102,69
1141,3963,4256,348.7,370,10,1,10.65,0,72,5,128,71
1133,3232,191,338.5,359.2,10,1,10.35,0,72,5,97,69
1149,3882,2390,328.6,347.2,10,1,9.3,0,74,5,124,62
1262,3662,1195,332.4,351,10,1,9.3,0,69,5,62,62
1261,3217,806,327,348,10,1,10.5,0,74,5,82,70
1167,4368,3676,374,395.6,10,1,10.8,0,70,5,122,72
1143,3348,2521,344.1,363,10,1,9.45,0,71,5,111,63
1196,3460,2355,333.1,353.2,10,1,10.05,0,74,5,112,67
1248,626,548,347.9,368,10,1,10.05,0,67,5,100,67
1239,964,4169,327,345,10,1,9,0,70,5,105,60
352,2342,1691,71.8,76.6,10,1,1.6,0,64,3,91,59
1157,1198,137,352.5,372,10,1,9.75,0,69,5,112,65
1176,4505,1570,346.8,366,10,1,9.6,0,76,5,110,64
1142,394,4037,346.9,367,10,1,10.05,0,71,5,99,67
1247,353,4627,327.3,346.2,10,1,9.45,0,69,5,132,63
1229,1539,3825,344.8,365.2,10,1,10.2,0,76,5,134,68
1258,2790,3511,333.4,356.2,10,1,11.4,0,74,5,113,76
494,4690,2812,91.2,93.3,10,1,0.7,0,71,3,94,80
1206,4768,2049,354,375,10,1,10.5,0,73,5,113,70
1208,1838,3144,325.5,345,10,1,9.75,0,75,5,85,65
1250,241,1772,356.9,377,10,1,10.05,0,73,5,109,67
1153,4426,2963,343.5,363,10,1,9.75,0,75,5,129,65
1129,3787,821,333,353.4,10,1,10.2,0,69,5,95,68
1194,4334,17,326.7,346.8,10,1,10.05,0,69,5,92,67
1173,4998,4975,362,380,10,1,9,0,75,5,140,60
1184,1046,1271,370.5,392.4,10,1,10.95,0,69,5,78,73
1219,4541,2456,336.2,356,10,1,9.9,0,72,5,92,66
1135,337,880,334.7,352.4,10,1,8.85,0,69,5,140,59
1131,1837,1379,347,365,10,1,9,0,69,5,137,60
1263,504,4244,367,388,10,1,10.5,0,76,5,150,70
1120,456,1975,384.5,405.8,10,1,10.65,0,77,5,157,71
1207,3336,4011,335.5,355.6,10,1,10.05,0,74,5,101,67
1285,3163,2256,354.8,374.6,10,1,9.9,0,69,5,137,66
1287,3037,2950,374.5,395.2,10,1,10.35,0,70,5,138,69
1218,1759,2415,362.5,385,10,1,11.25,0,76,5,100,75
1181,1824,4206,347.5,367,10,1,9.75,0,81,5,120,65
1174,1220,2249,338.8,358.6,10,1,9.9,0,73,5,121,66
1175,4637,2377,364,385,10,1,10.5,0,70,5,133,70
1221,4861,1392,351.5,371.6,10,1,10.05,0,70,5,117,67
1284,4367,2410,359.5,380.8,10,1,10.65,0,68,5,111,71
1134,103,4119,337.7,357.8,10,1,10.05,0,69,5,130,67
1257,2360,3889,332,349.4,10,1,8.7,0,79,5,129,58
1154,4242,4962,347.5,366.4,10,1,9.45,0,71,5,127,63
556,1207,2767,59.6,64.7,10,1,1.7,0,69,3,80,46
1277,3538,3891,387.2,407,10,1,9.9,0,75,5,143,66
272,341,4589,70.3,73.45,10,1,1.05,0,62,3,85,64
1147,2410,1274,347.2,364,10,1,8.4,0,68,5,140,56
1200,4252,2546,339.4,358,10,1,9.3,0,76,5,110,62
1274,4367,2240,357.5,379.4,10,1,10.95,0,68,5,102,73
1231,367,4636,346.3,364,10,1,8.85,0,73,5,128,59
1121,4024,2327,344.8,364,10,1,9.6,0,74,5,108,64
1241,1006,3878,332,351.8,10,1,9.9,0,73,5,79,66
1242,4550,4499,339.8,361.4,10,1,10.8,0,78,5,131,72
373,2617,164,60.6,70.2,10,1,3.2,0,75,3,93,59
1226,4935,2466,350.5,371.8,10,1,10.65,0,73,5,102,71
1150,424,2590,357.6,375,10,1,8.7,0,77,5,143,58
1204,4690,2812,358,382,10,1,12,0,76,5,94,80
1286,4116,2163,339.5,358.4,10,1,9.45,0,72,5,119,63
1171,4509,2115,335.5,355,10,1,9.75,0,74,5,121,65
1275,4505,6,351.8,371,10,1,9.6,0,74,5,115,64
1123,3845,4711,350,371,10,1,10.5,0,74,5,119,70
1268,754,1043,346.5,363,10,1,8.25,0,73,5,143,55
1136,3499,3886,358.5,377.4,10,1,9.45,0,68,5,138,63
1198,1056,2251,344,364.4,10,1,10.2,0,77,5,106,68
1177,2553,236,332.4,351,10,1,9.3,0,78,5,103,62
1156,1867,4585,348.2,370.4,10,1,11.1,0,73,5,104,74
1264,4001,121,330.2,348.8,10,1,9.3,0,73,5,138,62
1144,3031,2055,337.9,358,10,1,10.05,0,72,5,90,67
314,2657,4930,69.6,74.4,10,1,1.6,0,64,3,92,60
1214,683,1792,340.6,360.4,10,1,9.9,0,69,5,136,66
1162,2416,4800,357.6,378,10,1,10.2,0,74,5,106,68
1254,4031,456,348.4,368.2,10,1,9.9,0,76,5,157,66
1138,1125,3195,374.6,395,10,1,10.2,0,68,5,123,68
1270,1720,806,351,369,10,1,9,0,68,5,129,60
1210,946,3392,367.5,387.6,10,1,10.05,0,68,5,133,67
1230,4037,3012,346.5,368.4,10,1,10.95,0,75,5,91,73
1165,2323,4926,343.9,362.8,10,1,9.45,0,72,5,136,63
1224,409,1322,366.5,384.8,10,1,9.15,0,71,5,153,61
1126,4681,4459,322.4,341,10,1,9.3,0,80,5,93,62
329,457,797,63.5,67.25,10,1,1.25,0,66,3,86,61
1265,3341,3332,343.2,363,10,1,9.9,0,71,5,99,66
1209,3075,1559,347.4,366,10,1,9.3,0,76,5,118,62
1166,3706,3631,342.5,361.4,10,1,9.45,0,75,5,122,63
1217,1476,1518,310.4,326,10,1,7.8,0,74,5,118,52
1164,4289,2497,347.9,365,10,1,8.55,0,72,5,137,57
1228,2613,4912,364.5,384,10,1,9.75,0,78,5,137,65
1203,333,4232,377,395.6,10,1,9.3,0,72,5,160,62
1205,1595,319,332.5,352,10,1,9.75,0,74,5,118,65
1125,4185,2726,335.3,356,10,1,10.35,0,68,5,80,69
1148,2336,2232,352.4,371,10,1,9.3,0,71,5,123,62
1243,4400,2112,348.7,370,10,1,10.65,0,74,5,86,71
1169,3996,3364,351.6,372,10,1,10.2,0,71,5,100,68
1252,3795,3668,326.5,345.4,10,1,9.45,0,74,5,106,63
1159,747,1075,333.8,354.2,10,1,10.2,0,75,5,123,68
1227,1197,4750,368,389.6,10,1,10.8,0,75,5,116,72
1235,1498,279,332.9,351.8,10,1,9.45,0,72,5,125,63
1151,4792,865,368.8,388,10,1,9.6,0,75,5,132,64
1279,433,3572,365.5,388,10,1,11.25,0,73,5,88,75
1246,837,4706,326.7,345,10,1,9.15,0,72,5,101,61
1130,4059,2820,317.7,336,10,1,9.15,0,70,5,92,61
1188,4581,1756,381.5,402.2,10,1,10.35,0,73,5,140,69
1236,2909,66,352,373,10,1,10.5,0,73,5,93,70
1161,3644,2560,366,390,10,1,12,0,74,5,86,80
601,4810,2235,48.6,54.3,10,1,1.9,0,60,3,79,41
1140,2611,355,360.5,381.8,10,1,10.65,0,72,5,112,71
1232,2104,4575,360.3,381,10,1,10.35,0,70,5,105,69
1289,67,759,375.5,401,10,1,12.75,0,79,5,95,85
