demandID,SourceID,DestinationID,MinDelay,MaxDelay,Bandwidth,Ishotstandby,DelayDifference,DisjointType,WorkOptCostRangeType,MinCostDelay,MinDelayDelay
24,640,2037,150.2,153.1,10,0,0,-1,50164,3,156,127
14,400,2001,119.4,121.7,10,0,0,-1,29666,3,124,101
31,1930,2034,134.6,136.3,10,0,0,-1,57996,3,157,121
22,1525,2012,117.6,120.8,10,0,0,-1,31832,5,108,92
4,480,2032,135.6,137.8,10,0,0,-1,49664,3,145,118
11,183,2052,103,104,10,0,0,-1,39998,3,106,95
76,1312,2009,186.9,196.3,10,0,0,-1,34332,5,47,47
26,1542,2020,95,97.5,10,0,0,-1,25166,3,100,75
2,433,745,183.8,185.9,10,0,0,-1,73328,5,178,167
12,1705,2021,136,138.5,10,0,0,-1,34332,5,125,116
0,682,1484,126.8,128.4,10,0,0,-1,37332,3,130,114
32,108,2084,133.2,135.1,10,0,0,-1,45830,3,136,118
19,337,2061,108,109.5,10,0,0,-1,50996,3,111,96
40,1134,2041,185.6,195.2,10,0,0,-1,26166,5,56,48
41,462,2014,189.6,199.2,10,0,0,-1,26500,5,60,48
18,1014,2036,103,106.5,10,0,0,-1,48330,3,113,75
130,1806,2008,196.7,206.9,10,0,0,-1,31666,5,59,51
16,1742,2008,119.8,124.9,10,0,0,-1,48830,5,113,79
13,1309,2036,134.4,135.7,10,0,0,-1,53330,5,124,124
29,1836,2045,164.6,166.8,10,0,0,-1,52830,3,167,147
149,892,2080,171.1,179.7,10,0,0,-1,18500,5,58,43
9,1768,2049,80.2,81.1,10,0,0,-1,42830,3,102,73
129,68,2009,195,205,10,0,0,-1,29166,5,60,50
70,1518,2056,171.8,178.6,10,0,0,-1,19000,5,63,34
86,1065,2036,181.3,189.1,10,0,0,-1,16500,5,76,39
59,500,2050,160,168,10,0,0,-1,23166,5,52,40
85,1915,2009,205.7,215.9,10,0,0,-1,29666,5,68,51
89,1276,2055,161.9,169.3,10,0,0,-1,23166,5,43,37
37,1794,1665,226.3,238.1,10,0,0,-1,37332,5,73,59
20,771,2023,104.6,107.8,10,0,0,-1,52496,3,111,79
10,1235,2060,117.2,118.6,10,0,0,-1,29666,5,116,106
98,71,2002,103.2,108.4,10,0,0,-1,38332,5,33,26
23,1872,2039,128.2,129.6,10,0,0,-1,40998,3,134,117
21,36,2042,83.4,84.2,10,0,0,-1,36164,3,85,77
36,483,341,273.2,286.4,10,0,0,-1,64330,5,95,66
105,1316,2027,199.7,209.9,10,0,0,-1,28166,5,51,51
25,1661,2005,92.2,93.6,10,0,0,-1,33498,3,97,81
7,1798,2012,101,102,10,0,0,-1,30666,3,103,93
99,853,2061,198.6,208.2,10,0,0,-1,25666,5,69,48
28,1153,2021,142.8,145.4,10,0,0,-1,43664,3,148,122
69,1280,2014,261.3,275.1,10,0,0,-1,40832,5,69,69
94,1117,1999,237.7,249.9,10,0,0,-1,22000,5,63,61
55,1180,2049,251.2,264.4,10,0,0,-1,28666,5,73,66
15,650,2001,139.2,141.1,10,0,0,-1,43664,3,145,124
146,65,2082,231.2,242.4,10,0,0,-1,35832,5,80,56
107,1681,2019,194,204,10,0,0,-1,21500,5,59,50
125,1276,2032,205.4,215.8,10,0,0,-1,28666,5,74,52
30,68,2009,58,59,10,0,0,-1,32998,3,60,50
139,266,2075,298.6,314.2,10,0,0,-1,60830,5,88,78
145,1428,2081,232.3,244.1,10,0,0,-1,39498,5,65,59
135,425,2085,230,242,10,0,0,-1,24500,5,68,60
148,1155,2077,221.2,232.4,10,0,0,-1,28666,5,70,56
140,1802,2079,247.3,259.1,10,0,0,-1,29166,5,108,59
6,1544,2070,97.4,98.7,10,0,0,-1,32998,3,100,87
136,1128,2079,246.8,259.6,10,0,0,-1,31666,5,74,64
58,1786,2008,249.4,261.8,10,0,0,-1,34666,5,82,62
96,933,2063,204.4,214.8,10,0,0,-1,25000,5,52,52
39,1077,2017,237.9,249.3,10,0,0,-1,39332,5,84,57
35,1252,1065,228.6,240.2,10,0,0,-1,36332,5,72,58
124,1396,2059,212.8,223.6,10,0,0,-1,24500,5,67,54
49,754,2007,256.2,269.4,10,0,0,-1,47998,5,78,66
75,1898,2067,246.5,259.5,10,0,0,-1,25000,5,71,65
120,1430,2011,239.9,251.3,10,0,0,-1,28166,5,86,57
106,787,2008,253.1,265.7,10,0,0,-1,54164,5,78,63
116,1738,2012,274.3,288.1,10,0,0,-1,26000,5,88,69
17,1931,2040,148.6,150.8,10,0,0,-1,65162,3,153,131
93,592,2027,252.2,265.4,10,0,0,-1,31166,5,74,66
65,1768,2049,279.1,293.7,10,0,0,-1,50664,5,102,73
100,764,2030,268,282,10,0,0,-1,34666,5,79,70
133,1287,2087,258.7,270.9,10,0,0,-1,32166,5,61,61
143,889,2089,262.8,273.6,10,0,0,-1,37332,5,82,54
141,1392,2091,264.3,278.1,10,0,0,-1,52164,5,69,69
52,751,2067,245.1,257.7,10,0,0,-1,26000,5,75,63
8,68,2071,117,118,10,0,0,-1,38998,3,119,109
91,1014,2036,312.5,327.5,10,0,0,-1,58830,5,113,75
64,312,2037,270.3,284.1,10,0,0,-1,38332,5,84,69
131,230,2024,267,281,10,0,0,-1,28000,5,70,70
109,1820,2007,331.5,348.5,10,0,0,-1,42166,5,102,85
128,1730,2004,242.4,254.8,10,0,0,-1,25500,5,76,62
152,1957,2082,339.4,355.8,10,0,0,-1,54664,5,118,82
150,1078,2087,253.8,266.6,10,0,0,-1,33166,5,66,64
142,637,2078,308.1,322.7,10,0,0,-1,39666,5,113,73
102,771,2023,324.3,340.1,10,0,0,-1,61330,5,111,79
101,1550,2042,266,280,10,0,0,-1,33166,5,75,70
137,1801,2090,280.1,294.7,10,0,0,-1,39332,5,83,73
104,960,2013,294.2,307.4,10,0,0,-1,43332,5,135,66
42,87,2013,304,318,10,0,0,-1,39666,5,115,70
134,806,2088,278.4,292.8,10,0,0,-1,45498,5,84,72
132,1312,2064,279.4,293.8,10,0,0,-1,45832,5,72,72
44,947,2004,244.4,256.8,10,0,0,-1,27000,5,77,62
103,36,2042,292.9,308.3,10,0,0,-1,43832,5,85,77
27,966,2067,143.4,145.7,10,0,0,-1,67828,3,160,125
87,1742,2008,343.3,359.1,10,0,0,-1,59164,5,113,79
51,1973,2027,303,319,10,0,0,-1,29000,5,87,80
83,767,1998,319.1,335.7,10,0,0,-1,36166,5,95,83
47,1079,2005,262.9,276.3,10,0,0,-1,30000,5,69,67
50,1704,2042,269.7,283.9,10,0,0,-1,35166,5,78,71
63,1526,2042,284.5,299.5,10,0,0,-1,35166,5,82,75
82,851,2048,308.2,323.4,10,0,0,-1,49498,5,108,76
74,414,2056,309.9,325.3,10,0,0,-1,39666,5,100,77
119,1672,2016,296.9,310.3,10,0,0,-1,39666,5,99,67
62,1407,2060,279.4,293.8,10,0,0,-1,42832,5,85,72
33,876,2085,124.2,126.1,10,0,0,-1,62328,3,128,109
138,1524,2092,294.2,309.4,10,0,0,-1,50498,5,89,76
66,936,2069,300.6,316.2,10,0,0,-1,47998,5,78,78
122,158,2066,323.1,339.7,10,0,0,-1,58164,5,99,83
57,385,2023,322.5,339.5,10,0,0,-1,43166,5,85,85
90,1547,2013,301.6,315.2,10,0,0,-1,44832,5,118,68
153,36,2085,296.1,310.7,10,0,0,-1,44832,5,98,73
110,98,2028,325.5,342.5,10,0,0,-1,33000,5,96,85
144,496,2092,315.1,331.7,10,0,0,-1,63830,5,83,83
127,890,2063,289.5,304.5,10,0,0,-1,46998,5,87,75
53,1250,2029,283.8,298.6,10,0,0,-1,35666,5,96,74
88,1646,2066,310.3,326.1,10,0,0,-1,37166,5,109,79
79,155,2018,286.1,300.7,10,0,0,-1,37666,5,92,73
43,781,2014,352.4,370.8,10,0,0,-1,54998,5,107,92
117,1542,2020,302.5,317.5,10,0,0,-1,39166,5,100,75
78,1806,2043,320.8,337.6,10,0,0,-1,43166,5,92,84
108,1874,2048,341,359,10,0,0,-1,43166,5,118,90
97,1896,2041,335.2,352.4,10,0,0,-1,46832,5,103,86
123,1000,2053,321.1,337.7,10,0,0,-1,44832,5,97,83
113,1210,2004,289.8,304.6,10,0,0,-1,30000,5,90,74
61,310,2013,334.9,350.3,10,0,0,-1,47332,5,111,77
84,477,2030,348.6,366.2,10,0,0,-1,44666,5,111,88
67,778,1998,311.7,327.9,10,0,0,-1,33000,5,96,81
147,105,2088,320.8,337.6,10,0,0,-1,40166,5,94,84
71,363,2050,367.2,384.4,10,0,0,-1,60664,5,136,86
1,301,1643,132.6,133.8,10,0,0,-1,65162,3,136,123
115,250,2064,330.5,347.5,10,0,0,-1,41666,5,101,85
5,1077,2017,78.6,81.3,10,0,0,-1,47830,3,84,57
73,1295,2000,381,401,10,0,0,-1,66664,5,111,100
118,1319,2019,327.9,345.3,10,0,0,-1,59164,5,87,87
72,1855,2003,320.1,336.7,10,0,0,-1,48832,5,83,83
77,937,2001,315.4,331.8,10,0,0,-1,60164,5,82,82
54,1267,2003,314.2,329.4,10,0,0,-1,52498,5,82,76
46,1798,2012,354.1,372.7,10,0,0,-1,42166,5,103,93
3,445,434,197.4,203.2,10,0,0,-1,104824,3,209,151
45,1544,2070,334.9,352.3,10,0,0,-1,43166,5,100,87
114,22,2017,315,331,10,0,0,-1,42166,5,99,80
151,1174,2087,357.4,375.8,10,0,0,-1,59164,5,94,92
92,337,2061,370.2,389.4,10,0,0,-1,68830,5,111,96
95,1897,2000,350,368,10,0,0,-1,44166,5,107,90
81,1723,2064,377.2,396.4,10,0,0,-1,80162,5,118,96
80,258,2016,319.4,335.8,10,0,0,-1,38000,5,101,82
112,1661,2005,313.7,329.9,10,0,0,-1,45832,5,97,81
111,860,2019,323.6,339.2,10,0,0,-1,64330,5,113,78
126,1183,2054,319.7,335.9,10,0,0,-1,38666,5,101,81
56,1148,2013,346,362,10,0,0,-1,47832,5,130,80
48,223,2050,334.2,351.4,10,0,0,-1,67830,5,103,86
38,1146,2003,294.2,309.4,10,0,0,-1,32000,5,76,76
60,1450,2066,369.9,389.3,10,0,0,-1,52332,5,108,97
121,1248,2003,316.7,332.9,10,0,0,-1,41666,5,83,81
34,1798,448,378.9,398.3,10,0,0,-1,65664,5,117,97
68,1269,2003,344.6,362.2,10,0,0,-1,67830,5,94,88
