demandID,SourceID,DestinationID,MinDelay,MaxDelay,Bandwidth,Ishotstandby,DelayDifference,DisjointType,WorkOptCostRangeType,MinCostDelay,MinDelayDelay
734,4518,789,219.2,230,10,0,0,-1,54,5,95,54
985,1541,3723,172.5,180.7,10,0,0,-1,53,5,70,41
864,1195,3392,191.3,201.9,10,0,0,-1,49,5,80,53
805,86,507,191.2,200.4,10,0,0,-1,52,5,135,46
817,3926,482,190.5,200.7,10,0,0,-1,50,5,114,51
17,200,1530,56.5,61.5,10,0,0,-1,54,3,79,54
789,4803,2556,187,198.2,10,0,0,-1,55,5,103,56
791,38,953,200.5,208.7,10,0,0,-1,51,5,98,41
1030,910,1461,196.7,206.9,10,0,0,-1,53,5,59,51
996,1716,4103,189,200.2,10,0,0,-1,51,5,105,56
998,1516,4601,217.2,228.8,10,0,0,-1,51,5,107,58
655,1609,2755,206.3,216.9,10,0,0,-1,53,5,95,53
824,478,2526,182,192,10,0,0,-1,57,5,77,50
937,3857,108,195,205,10,0,0,-1,53,5,80,50
89,1111,1943,74.6,79.4,10,0,0,-1,53,3,89,41
1071,1053,4274,196.2,205.4,10,0,0,-1,51,5,72,46
702,103,1296,200.2,209.8,10,0,0,-1,51,5,157,48
769,948,1246,207.9,219.7,10,0,0,-1,47,5,84,59
838,4659,3357,182.9,192.3,10,0,0,-1,52,5,103,47
660,2179,1570,162.9,174.3,10,0,0,-1,53,5,66,57
766,1038,910,195.7,207.1,10,0,0,-1,50,5,76,57
67,1591,2642,48.8,54.2,10,0,0,-1,50,3,65,47
1005,3184,4354,169,177,10,0,0,-1,53,5,69,40
73,1837,1379,75.4,83.1,10,0,0,-1,48,3,137,60
1085,1715,215,75.4,83,10,0,0,-1,51,5,64,38
53,3891,3012,62.6,67.4,10,0,0,-1,51,3,77,61
1069,294,4771,194,204,10,0,0,-1,58,5,89,50
803,652,1549,201.5,209.3,10,0,0,-1,56,5,104,39
908,287,1895,184,194,10,0,0,-1,50,5,79,50
1054,1230,847,209.3,219.1,10,0,0,-1,49,5,77,49
107,4242,130,63.2,68.8,10,0,0,-1,50,3,108,52
768,1490,2463,204.5,215.9,10,0,0,-1,53,5,119,57
1010,1741,4495,215,229,10,0,0,-1,50,5,96,70
927,780,506,205.3,215.5,10,0,0,-1,55,5,139,51
765,4671,4469,64.6,69.8,10,0,0,-1,55,5,62,26
58,530,1430,57.6,59.9,10,0,0,-1,50,3,76,53
964,4465,528,177,187,10,0,0,-1,49,5,72,50
849,1188,2595,184.8,194.4,10,0,0,-1,49,5,89,48
57,1254,1655,46.7,52.4,10,0,0,-1,54,3,98,41
704,2923,4230,192.5,201.5,10,0,0,-1,55,5,107,45
989,3093,970,202.1,210.7,10,0,0,-1,50,5,86,43
1070,2891,3716,168.5,174.7,10,0,0,-1,52,5,91,31
715,1346,574,191.5,200.9,10,0,0,-1,52,5,47,47
701,848,446,200.3,212.5,10,0,0,-1,51,5,121,61
752,93,3163,186.3,196.9,10,0,0,-1,48,5,75,53
965,2053,2039,232.9,243.1,10,0,0,-1,53,5,136,51
924,4950,975,169,178.6,10,0,0,-1,48,5,97,48
722,530,1430,187.3,197.9,10,0,0,-1,50,5,76,53
1079,1407,2049,179.2,186.4,10,0,0,-1,53,5,118,36
889,4707,4461,197,207,10,0,0,-1,52,5,92,50
852,2102,3088,208.7,218.1,10,0,0,-1,48,5,110,47
759,3818,3628,212.4,221.2,10,0,0,-1,50,5,120,44
860,314,4577,186.4,197.6,10,0,0,-1,57,5,136,56
877,4863,4584,180.1,190.3,10,0,0,-1,51,5,73,51
661,3774,2423,203,215,10,0,0,-1,54,5,89,60
951,341,4589,193.8,206.6,10,0,0,-1,53,5,85,64
846,4591,3756,193.8,205.4,10,0,0,-1,53,5,72,58
672,4353,4943,201.1,213.7,10,0,0,-1,50,5,94,63
683,2892,2445,185.7,194.3,10,0,0,-1,49,5,104,43
747,3859,4298,216.4,227.6,10,0,0,-1,54,5,110,56
19,3508,4139,68.4,72.8,10,0,0,-1,50,3,86,42
910,3512,2074,191,201.4,10,0,0,-1,52,5,61,52
662,3400,1843,198.5,208.7,10,0,0,-1,45,5,122,51
863,1001,4349,194.2,201.4,10,0,0,-1,51,5,97,36
1007,4896,3453,207.9,217.3,10,0,0,-1,51,5,128,47
1057,1143,3631,163.5,170.5,10,0,0,-1,54,5,125,35
959,2403,3196,190.5,201.1,10,0,0,-1,50,5,111,53
1055,880,156,198,208.8,10,0,0,-1,53,5,117,54
1101,1304,2549,193,203,10,0,0,-1,48,5,95,50
761,4155,4318,208.5,219.5,10,0,0,-1,52,5,137,55
876,44,451,172.3,180.1,10,0,0,-1,53,5,67,39
953,2945,95,201.5,213.3,10,0,0,-1,53,5,113,59
711,837,1255,213.6,226.4,10,0,0,-1,49,5,92,64
49,3787,821,73.4,76.1,10,0,0,-1,49,3,95,68
905,2979,111,214.6,227.8,10,0,0,-1,53,5,76,66
930,4373,1798,211.8,222.6,10,0,0,-1,52,5,100,54
919,3292,2058,176.1,184.7,10,0,0,-1,54,5,95,43
799,3393,769,200.6,210.2,10,0,0,-1,54,5,119,48
918,4741,1022,184.6,196.2,10,0,0,-1,53,5,86,58
844,1394,950,200.5,210.7,10,0,0,-1,53,5,73,51
1115,4809,1447,210.8,223.2,10,0,0,-1,57,5,93,62
46,2923,4230,63.6,69.8,10,0,0,-1,55,3,107,45
735,938,1899,202.5,211.5,10,0,0,-1,51,5,90,45
856,927,3461,193.2,204,10,0,0,-1,51,5,69,54
753,1111,1943,183.3,191.5,10,0,0,-1,54,5,89,41
1116,2568,4988,243.4,254.2,10,0,0,-1,52,5,184,54
880,3405,1961,194.8,203.6,10,0,0,-1,50,5,120,44
1075,4060,3176,205.3,218.7,10,0,0,-1,51,5,78,67
780,3499,3886,207.3,219.9,10,0,0,-1,48,5,138,63
1000,1566,2559,163.4,172.6,10,0,0,-1,51,5,76,46
926,1981,735,68.5,79.5,10,0,0,-1,54,5,63,55
1112,1696,1860,208.5,221.5,10,0,0,-1,59,5,111,65
941,4434,1729,192.6,202.2,10,0,0,-1,56,5,63,48
758,2451,1481,197.7,207.9,10,0,0,-1,49,5,111,51
1109,3996,3364,215.6,229.2,10,0,0,-1,50,5,100,68
932,1694,4193,238.4,248.8,10,0,0,-1,49,5,98,52
819,2658,1449,178,186,10,0,0,-1,49,5,102,40
929,2693,2193,179.5,190.5,10,0,0,-1,56,5,119,55
990,4298,957,187,199,10,0,0,-1,50,5,150,60
945,719,2943,207.3,217.5,10,0,0,-1,56,5,90,51
851,2341,2124,187.3,195.9,10,0,0,-1,55,5,97,43
667,1143,836,207,219,10,0,0,-1,54,5,69,60
1033,4119,819,194.6,203.4,10,0,0,-1,50,5,111,44
906,440,2845,183.9,195.7,10,0,0,-1,55,5,119,59
907,4484,1789,184.7,196.1,10,0,0,-1,50,5,65,57
1046,3172,3303,209,219,10,0,0,-1,50,5,84,50
1043,2416,4800,208,221.6,10,0,0,-1,53,5,106,68
1060,2096,2423,210.9,223.1,10,0,0,-1,53,5,95,61
647,1708,579,193.8,205,10,0,0,-1,50,5,65,56
928,4182,3678,204.1,212.7,10,0,0,-1,51,5,88,43
98,1257,4515,51.7,54.5,10,0,0,-1,51,3,58,51
719,3578,1705,173.3,183.9,10,0,0,-1,54,5,62,53
665,3508,4139,191,199.4,10,0,0,-1,50,5,86,42
963,4426,2963,213.5,226.5,10,0,0,-1,56,5,129,65
1047,3009,787,229.1,242.9,10,0,0,-1,51,5,167,69
896,1647,4856,204.4,214,10,0,0,-1,57,5,94,48
892,2610,624,217.2,230.8,10,0,0,-1,54,5,88,68
10,2908,819,41.5,62.5,10,0,0,-1,50,3,136,31
916,3882,2390,204.6,217,10,0,0,-1,54,5,124,62
821,1411,1732,195.5,206.1,10,0,0,-1,53,5,116,53
1073,4398,2490,235,247,10,0,0,-1,53,5,85,60
979,1263,2754,179.7,189.5,10,0,0,-1,50,5,121,49
848,1794,3529,207.5,218.5,10,0,0,-1,50,5,92,55
893,1281,406,215.5,225.3,10,0,0,-1,54,5,93,49
1084,1463,3699,196.4,207.6,10,0,0,-1,54,5,90,56
669,1410,1331,230,246,10,0,0,-1,56,5,94,80
804,3906,1235,180.5,191.5,10,0,0,-1,52,5,87,55
854,2286,1923,199.6,208,10,0,0,-1,57,5,103,42
1106,2517,675,233,244.2,10,0,0,-1,56,5,149,56
1049,2325,2398,222.9,234.3,10,0,0,-1,49,5,69,57
895,2304,552,224.5,236.3,10,0,0,-1,52,5,77,59
1021,975,4752,188.7,199.3,10,0,0,-1,53,5,88,53
671,619,189,210.8,220,10,0,0,-1,55,5,105,46
977,3855,3889,219.9,232.1,10,0,0,-1,58,5,104,61
793,62,2436,187,199,10,0,0,-1,57,5,73,60
1035,350,1321,187.6,196,10,0,0,-1,52,5,91,42
923,3437,1552,213.5,224.5,10,0,0,-1,57,5,131,55
976,4991,830,200.9,212.3,10,0,0,-1,53,5,104,57
762,2698,2202,198,208.4,10,0,0,-1,48,5,120,52
1016,1090,481,227.9,239.3,10,0,0,-1,54,5,74,57
810,2408,2652,196.5,205.5,10,0,0,-1,54,5,75,45
882,3458,1752,233.5,246.9,10,0,0,-1,58,5,135,67
839,4101,3515,226,236,10,0,0,-1,54,5,121,50
869,47,4652,174.6,183,10,0,0,-1,51,5,78,42
712,3787,821,210.6,224.2,10,0,0,-1,49,5,95,68
902,3000,4181,197.5,208.5,10,0,0,-1,48,5,93,55
1067,370,3047,208.1,220.3,10,0,0,-1,59,5,80,61
947,3385,1595,189.6,199.2,10,0,0,-1,50,5,60,48
834,1817,4264,183,191.8,10,0,0,-1,48,5,73,44
1039,1969,434,203.7,214.3,10,0,0,-1,56,5,103,53
696,1969,1698,200.2,212.6,10,0,0,-1,51,5,70,62
872,626,299,208.6,220.2,10,0,0,-1,47,5,89,58
835,1160,1844,150.2,159.8,10,0,0,-1,52,5,59,48
1104,4903,2540,201.6,214.4,10,0,0,-1,54,5,80,64
862,1148,4337,196.2,209.4,10,0,0,-1,55,5,84,66
890,3933,1175,205.9,218.1,10,0,0,-1,46,5,90,61
35,1753,6,55.1,67.5,10,0,0,-1,48,3,83,52
96,866,267,75.2,80.4,10,0,0,-1,47,3,96,44
934,3132,2447,229,239,10,0,0,-1,50,5,104,50
891,2245,3270,162.7,170.1,10,0,0,-1,53,5,122,37
881,3329,3758,209,218.2,10,0,0,-1,55,5,94,46
900,2275,1636,186.5,197.5,10,0,0,-1,50,5,93,55
770,485,3831,181.4,190.6,10,0,0,-1,53,5,94,46
11,739,2569,61.4,65.5,10,0,0,-1,53,3,86,45
757,1626,743,185.7,195.1,10,0,0,-1,55,5,87,47
1119,4509,2115,231.5,244.5,10,0,0,-1,55,5,121,65
950,4754,2074,216.1,225.9,10,0,0,-1,53,5,73,49
776,1739,1909,198.8,208.4,10,0,0,-1,46,5,98,48
733,196,1923,209.8,220.6,10,0,0,-1,54,5,64,54
677,1173,2305,202,213.2,10,0,0,-1,51,5,62,56
974,1663,3575,190.9,199.1,10,0,0,-1,57,5,113,41
690,970,3069,202,208,10,0,0,-1,54,5,121,30
99,948,1246,61.5,69,10,0,0,-1,48,3,84,59
831,2279,1989,182.5,195.9,10,0,0,-1,60,5,82,67
859,2371,1645,175.1,181.3,10,0,0,-1,50,5,110,31
1056,457,797,214.1,226.3,10,0,0,-1,52,5,86,61
986,1040,2354,206,218.8,10,0,0,-1,53,5,110,64
1094,4513,4588,223,233,10,0,0,-1,56,5,108,50
917,1668,3163,240.5,252.7,10,0,0,-1,47,5,149,61
720,4319,1629,217.5,228.9,10,0,0,-1,48,5,75,57
7,2902,4278,61.9,69.7,10,0,0,-1,50,3,97,58
938,881,973,212.5,223.5,10,0,0,-1,56,5,64,55
826,2527,362,218.2,229.4,10,0,0,-1,56,5,123,56
744,3788,3133,50.6,57.8,10,0,0,-1,57,5,47,36
1098,2933,4306,183,191,10,0,0,-1,51,5,83,40
649,2328,1912,189.2,199.6,10,0,0,-1,57,5,80,52
878,1923,2984,180.9,189.5,10,0,0,-1,54,5,82,43
1099,2549,3225,219,229.8,10,0,0,-1,51,5,84,54
1006,1604,223,206.5,217.5,10,0,0,-1,52,5,80,55
685,4015,58,210.8,222,10,0,0,-1,54,5,82,56
700,4681,4459,198.4,210.8,10,0,0,-1,60,5,93,62
27,4185,2726,70.1,71.2,10,0,0,-1,48,3,80,69
796,4164,3956,203,215,10,0,0,-1,56,5,125,60
823,1868,490,189.2,200,10,0,0,-1,56,5,65,54
1092,622,2113,191.2,200,10,0,0,-1,54,5,90,44
901,2942,1207,178,187.6,10,0,0,-1,54,5,58,48
724,121,3534,211.3,220.7,10,0,0,-1,52,5,122,47
651,2574,2572,184.5,193.5,10,0,0,-1,50,5,108,45
729,2662,1807,237.4,251,10,0,0,-1,53,5,81,68
827,3581,1889,182,192.4,10,0,0,-1,52,5,104,52
1022,3679,4871,194.3,204.9,10,0,0,-1,58,5,83,53
1036,995,4785,180,189.2,10,0,0,-1,52,5,65,46
1117,1288,3313,198,207.6,10,0,0,-1,51,5,102,48
26,1508,2538,70,76,10,0,0,-1,50,3,136,58
1107,1533,4767,68.7,78.1,10,0,0,-1,59,5,64,47
1100,2742,1535,187.9,195.7,10,0,0,-1,54,5,106,39
713,3974,4631,194.2,204.6,10,0,0,-1,59,5,85,52
792,2118,3024,191,199.8,10,0,0,-1,58,5,81,44
749,4359,2715,215.5,230.5,10,0,0,-1,52,5,88,75
868,1967,1914,207.8,220.2,10,0,0,-1,56,5,90,62
777,417,4733,214.9,227.5,10,0,0,-1,52,5,70,63
783,3804,1265,193.9,203.7,10,0,0,-1,50,5,91,49
1087,677,4697,180.6,189.4,10,0,0,-1,51,5,141,44
879,376,3452,186.9,197.1,10,0,0,-1,53,5,95,51
991,3654,1683,190.5,203.5,10,0,0,-1,54,5,80,65
980,654,3279,227.3,237.9,10,0,0,-1,54,5,116,53
670,557,1262,232,243.2,10,0,0,-1,52,5,92,56
967,3548,1426,191.2,202,10,0,0,-1,53,5,121,54
1032,671,4219,214.1,227.9,10,0,0,-1,58,5,83,69
993,3697,2143,199.1,210.9,10,0,0,-1,53,5,87,59
820,1413,2946,183.3,191.5,10,0,0,-1,54,5,89,41
1012,191,1013,225,237,10,0,0,-1,48,5,99,60
1105,4184,536,184.8,192,10,0,0,-1,61,5,102,36
12,3070,4427,53.6,59.4,10,0,0,-1,52,3,100,42
779,2600,3449,190.2,199.4,10,0,0,-1,56,5,66,46
1114,576,2704,167.1,174.9,10,0,0,-1,53,5,93,39
981,1867,4585,215,229.8,10,0,0,-1,53,5,104,74
931,468,546,207.7,216.3,10,0,0,-1,51,5,126,43
748,3265,1019,214.3,222.9,10,0,0,-1,49,5,124,43
686,3616,484,214,226,10,0,0,-1,49,5,76,60
774,3130,729,221.5,231.7,10,0,0,-1,55,5,83,51
688,4910,2210,195.5,204.5,10,0,0,-1,50,5,101,45
784,767,2619,191,201.8,10,0,0,-1,52,5,110,54
816,3932,1007,187.1,199.7,10,0,0,-1,49,5,80,63
958,1175,2059,181.4,190.6,10,0,0,-1,47,5,94,46
995,270,4511,203.8,212.6,10,0,0,-1,55,5,85,44
1068,4912,1655,228.2,239,10,0,0,-1,57,5,54,54
861,4327,567,196.4,205.6,10,0,0,-1,49,5,109,46
740,1986,1868,212,220.8,10,0,0,-1,55,5,102,44
1063,4920,2490,223.7,237.9,10,0,0,-1,53,5,103,71
756,3754,2111,204.9,215.5,10,0,0,-1,51,5,83,53
52,4860,3758,59.5,64,10,0,0,-1,52,3,100,55
653,1625,750,181.2,190.8,10,0,0,-1,51,5,90,48
745,1431,1528,218.6,229,10,0,0,-1,51,5,99,52
997,2832,4406,159.9,168.1,10,0,0,-1,55,5,74,41
935,188,1118,231.5,241.3,10,0,0,-1,57,5,109,49
717,1298,1112,216,226.4,10,0,0,-1,48,5,86,52
1015,747,1075,211.4,225,10,0,0,-1,55,5,123,68
1093,2082,3935,192,202,10,0,0,-1,52,5,57,50
841,472,211,204.5,215.5,10,0,0,-1,51,5,89,55
1051,2725,4311,211,223,10,0,0,-1,49,5,97,60
1004,800,4141,204.5,215.1,10,0,0,-1,56,5,72,53
875,4311,4924,208.3,220.5,10,0,0,-1,47,5,68,61
1066,1449,4320,212,223.6,10,0,0,-1,56,5,125,58
2,4353,4646,74,76,10,0,0,-1,54,3,80,60
873,4195,882,197.1,205.7,10,0,0,-1,57,5,124,43
1001,3727,4113,204.3,212.9,10,0,0,-1,50,5,114,43
674,320,3659,190.9,200.7,10,0,0,-1,51,5,88,49
920,1195,2830,198.4,204,10,0,0,-1,55,5,134,28
1110,4060,191,202.7,214.9,10,0,0,-1,52,5,99,61
699,3101,4960,212.4,224.8,10,0,0,-1,56,5,107,62
76,1986,1868,49.8,61.4,10,0,0,-1,55,3,102,44
673,3990,1125,233.5,246.5,10,0,0,-1,51,5,84,65
800,605,2587,210.5,221.5,10,0,0,-1,54,5,73,55
829,2611,355,218.5,232.7,10,0,0,-1,52,5,112,71
957,379,3522,209,220.2,10,0,0,-1,45,5,69,56
1027,2657,4930,230,242,10,0,0,-1,52,5,92,60
1091,3514,4676,220.5,233.5,10,0,0,-1,53,5,85,65
818,201,1155,246,259.2,10,0,0,-1,55,5,81,66
1048,3478,608,196.1,205.9,10,0,0,-1,53,5,103,49
909,2336,2232,191.2,203.6,10,0,0,-1,51,5,123,62
29,4316,2959,60.3,64.6,10,0,0,-1,50,3,99,56
822,2670,4830,190.1,200.7,10,0,0,-1,54,5,153,53
866,1517,1605,201.5,211.3,10,0,0,-1,56,5,79,49
855,4623,4081,212.4,225.6,10,0,0,-1,48,5,87,66
914,1172,2316,166,175.2,10,0,0,-1,52,5,97,46
675,3046,2077,175.2,184,10,0,0,-1,54,5,74,44
93,2451,1481,57,63,10,0,0,-1,50,3,111,51
63,491,1239,75,79,10,0,0,-1,59,3,99,59
725,1086,815,201.5,210.9,10,0,0,-1,54,5,84,47
1013,1325,446,207.3,215.5,10,0,0,-1,51,5,113,41
695,1535,1288,171.2,177.6,10,0,0,-1,50,5,104,32
949,4792,865,228,240.8,10,0,0,-1,55,5,132,64
806,3546,2007,198.1,207.9,10,0,0,-1,55,5,105,49
973,804,2517,241.2,254,10,0,0,-1,51,5,94,64
684,3186,815,209,219,10,0,0,-1,50,5,94,50
921,1546,4282,205.1,216.9,10,0,0,-1,56,5,93,59
975,4576,22,215.2,228,10,0,0,-1,54,5,132,64
1082,1624,4365,187.7,195.1,10,0,0,-1,52,5,84,37
1038,3644,2560,222,238,10,0,0,-1,54,5,86,80
832,4598,247,228,238.8,10,0,0,-1,58,5,68,54
843,3263,2097,206.5,215.5,10,0,0,-1,56,5,103,45
913,2766,3827,198,208,10,0,0,-1,54,5,83,50
883,14,4537,195.5,204.1,10,0,0,-1,52,5,70,43
833,1054,542,207.6,215.2,10,0,0,-1,53,5,143,38
84,3688,455,65.5,68.5,10,0,0,-1,53,3,79,64
28,3709,974,57,60,10,0,0,-1,49,3,84,54
1053,1736,226,223.4,234.2,10,0,0,-1,52,5,110,54
894,1022,4147,189,198.6,10,0,0,-1,56,5,69,48
654,34,4282,200.8,212,10,0,0,-1,51,5,128,56
845,1446,3975,164.3,172.1,10,0,0,-1,52,5,98,39
751,2005,4437,211.1,223.7,10,0,0,-1,51,5,104,63
1090,2367,1933,59.5,68.5,10,0,0,-1,50,5,55,45
721,1254,1655,175.9,184.1,10,0,0,-1,56,5,98,41
847,394,4037,212.9,226.3,10,0,0,-1,54,5,99,67
1018,3231,1782,177.5,188.5,10,0,0,-1,57,5,117,55
710,4083,2205,205.7,215.9,10,0,0,-1,49,5,68,51
732,4059,2820,183.5,195.7,10,0,0,-1,50,5,92,61
828,1078,2910,210.6,223,10,0,0,-1,57,5,68,62
652,2902,4278,207.2,218.8,10,0,0,-1,51,5,97,58
13,2479,1822,72.8,76.6,10,0,0,-1,60,3,88,50
8,1625,750,52.2,56.4,10,0,0,-1,51,3,90,48
738,1837,1379,203,215,10,0,0,-1,50,5,137,60
693,3251,4455,198.7,210.9,10,0,0,-1,55,5,95,61
773,3578,896,156.6,163.8,10,0,0,-1,49,5,81,36
956,4097,476,191.4,200.6,10,0,0,-1,50,5,104,46
971,4242,4962,208.9,221.5,10,0,0,-1,53,5,127,63
781,4771,1971,196.3,204.9,10,0,0,-1,55,5,106,43
723,148,2821,213.2,223.6,10,0,0,-1,55,5,104,52
1113,3089,2026,193.4,204.6,10,0,0,-1,52,5,87,56
1065,2323,4926,217.9,230.5,10,0,0,-1,53,5,136,63
754,3133,773,212.5,223.5,10,0,0,-1,55,5,85,55
802,2207,2736,192.7,205.3,10,0,0,-1,54,5,73,63
18,2327,3918,59.2,60.4,10,0,0,-1,57,3,70,58
794,1169,4156,196.4,207.6,10,0,0,-1,56,5,90,56
966,1963,2703,175.6,184.8,10,0,0,-1,52,5,78,46
915,2562,4132,174.4,184,10,0,0,-1,58,5,64,48
954,1529,2862,206,216,10,0,0,-1,55,5,121,50
109,767,2619,70.8,76.4,10,0,0,-1,54,3,110,54
925,1333,1760,183.8,196.6,10,0,0,-1,52,5,75,64
658,2479,1822,193,203,10,0,0,-1,60,5,88,50
90,3133,773,61,63,10,0,0,-1,55,3,85,55
764,866,267,197.2,206,10,0,0,-1,48,5,96,44
815,2540,670,203.6,214,10,0,0,-1,53,5,84,52
874,3031,2055,217.3,230.7,10,0,0,-1,53,5,90,67
646,1430,520,197.4,205.8,10,0,0,-1,50,5,126,42
101,3578,896,40.5,54,10,0,0,-1,49,3,81,36
903,4846,1614,205.9,216.5,10,0,0,-1,50,5,84,53
808,2871,962,201.1,213.3,10,0,0,-1,55,5,73,61
676,1508,2538,228.2,239.8,10,0,0,-1,51,5,136,58
888,4537,3803,191.5,200.5,10,0,0,-1,51,5,70,45
969,1591,2311,189.9,198.1,10,0,0,-1,51,5,135,41
1025,4061,4513,191,199,10,0,0,-1,56,5,59,40
663,200,1530,192.4,203.2,10,0,0,-1,56,5,79,54
746,2876,2975,216.2,227,10,0,0,-1,51,5,92,54
730,3,572,199.4,209.8,10,0,0,-1,54,5,59,52
34,3616,484,63.2,64.8,10,0,0,-1,49,3,76,60
785,2699,679,200.9,210.7,10,0,0,-1,59,5,98,49
1026,1687,4973,187.3,195.5,10,0,0,-1,54,5,134,41
948,2259,3596,228.6,241.8,10,0,0,-1,55,5,90,66
691,659,257,209.6,216.4,10,0,0,-1,58,5,145,34
939,4740,1058,212.2,225.8,10,0,0,-1,59,5,83,68
1040,4436,3337,196.3,206.1,10,0,0,-1,54,5,113,49
970,4676,4498,198.3,208.9,10,0,0,-1,52,5,87,53
59,4313,3027,42.3,49.2,10,0,0,-1,55,3,63,40
1076,4924,2567,239.9,251.3,10,0,0,-1,53,5,143,57
656,3845,4711,224,238,10,0,0,-1,56,5,119,70
922,4280,656,207.2,216.4,10,0,0,-1,53,5,83,46
1011,2346,2588,243.3,253.1,10,0,0,-1,48,5,111,49
739,3750,1421,227.1,238.9,10,0,0,-1,52,5,115,59
842,2580,2497,61.6,70.8,10,0,0,-1,55,5,57,46
795,1586,3561,202.1,211.5,10,0,0,-1,57,5,94,47
814,68,2518,211.8,223.4,10,0,0,-1,53,5,90,58
83,4359,2715,76.3,82.8,10,0,0,-1,53,3,88,75
825,246,3833,216,228,10,0,0,-1,60,5,78,60
897,709,3955,215.5,226.5,10,0,0,-1,52,5,89,55
64,2730,4226,53.7,72.5,10,0,0,-1,57,3,96,49
1019,2704,1145,64.5,71.5,10,0,0,-1,58,5,54,35
687,2689,1043,211.5,222.5,10,0,0,-1,55,5,140,55
1009,4667,4496,65.7,75.1,10,0,0,-1,51,5,61,47
1058,609,2690,213.5,224.5,10,0,0,-1,52,5,131,55
1088,3286,4042,183.2,192,10,0,0,-1,55,5,82,44
643,4024,2327,204,216.8,10,0,0,-1,55,5,108,64
870,1473,2043,172.4,183.6,10,0,0,-1,54,5,66,56
5,4009,1524,60.6,68.2,10,0,0,-1,50,3,129,53
943,424,2590,230,241.6,10,0,0,-1,59,5,143,58
650,4009,1524,208.5,219.1,10,0,0,-1,50,5,129,53
1059,2846,604,217.9,228.1,10,0,0,-1,54,5,121,51
111,4475,2360,49.1,57.2,10,0,0,-1,53,3,122,41
775,337,880,216.7,228.5,10,0,0,-1,51,5,140,59
1041,2486,163,207,217.8,10,0,0,-1,51,5,126,54
742,4639,893,213.5,222.1,10,0,0,-1,57,5,106,43
42,675,1988,83.6,88.7,10,0,0,-1,64,3,104,53
899,2410,1274,201.6,212.8,10,0,0,-1,50,5,140,56
9,1609,2755,57.2,61.4,10,0,0,-1,56,3,95,53
707,4000,4974,197.5,208.5,10,0,0,-1,61,5,71,55
936,1040,3547,188.5,201.1,10,0,0,-1,57,5,94,63
731,4555,72,192,203.2,10,0,0,-1,50,5,108,56
1014,2656,450,229.6,242,10,0,0,-1,57,5,87,62
1003,4815,3422,217.3,228.7,10,0,0,-1,52,5,109,57
884,394,515,182.2,189.8,10,0,0,-1,49,5,148,38
694,3898,1561,189.5,198.9,10,0,0,-1,55,5,72,47
743,1437,4764,179.2,188,10,0,0,-1,53,5,99,44
999,4086,190,191.8,201,10,0,0,-1,53,5,86,46
1083,620,3773,211.2,222.8,10,0,0,-1,54,5,101,58
1042,1838,1062,195.1,204.5,10,0,0,-1,58,5,87,47
933,1928,822,201.5,210.5,10,0,0,-1,59,5,89,45
706,932,964,214,222.8,10,0,0,-1,56,5,104,44
767,103,4119,217.1,230.5,10,0,0,-1,51,5,130,67
1029,2016,293,205.8,218.2,10,0,0,-1,55,5,99,62
788,4475,2360,199.9,208.1,10,0,0,-1,53,5,122,41
911,148,3598,194.9,205.5,10,0,0,-1,52,5,73,53
1108,3631,1962,225.4,239,10,0,0,-1,55,5,137,68
944,1013,4584,213.5,224.5,10,0,0,-1,51,5,109,55
705,1119,4060,217.5,229.3,10,0,0,-1,56,5,70,59
811,1125,3195,225,238.6,10,0,0,-1,50,5,123,68
1081,2533,4645,206.4,218,10,0,0,-1,56,5,73,58
682,3750,272,191.2,201.6,10,0,0,-1,53,5,82,52
886,611,2261,233.5,242.5,10,0,0,-1,51,5,121,45
85,2005,4437,67.1,71.2,10,0,0,-1,52,3,104,63
801,2528,4751,202.5,213.5,10,0,0,-1,56,5,87,55
65,2520,4400,61.2,68.8,10,0,0,-1,51,3,122,46
1020,2062,4060,226.6,238.2,10,0,0,-1,56,5,70,58
946,760,3730,229,241,10,0,0,-1,53,5,79,60
1102,4368,3676,230,244.4,10,0,0,-1,53,5,122,72
648,2566,399,217.8,228.2,10,0,0,-1,65,5,119,52
741,2019,428,205.5,216.5,10,0,0,-1,53,5,101,55
837,1125,2725,212.8,225.6,10,0,0,-1,51,5,104,64
885,237,1654,203,213,10,0,0,-1,58,5,98,50
1017,1884,2784,214,225.6,10,0,0,-1,54,5,69,58
698,675,1988,215.3,225.9,10,0,0,-1,65,5,104,53
850,2783,2159,206.6,215.8,10,0,0,-1,59,5,110,46
94,3232,191,74.6,77.4,10,0,0,-1,56,3,97,69
809,342,536,217.8,230.2,10,0,0,-1,59,5,100,62
994,4944,4831,224.9,237.1,10,0,0,-1,60,5,98,61
982,2712,1171,227.7,237.9,10,0,0,-1,54,5,141,51
1118,2357,3641,205,215.8,10,0,0,-1,57,5,70,54
1097,3706,3631,203.9,216.5,10,0,0,-1,57,5,122,63
887,4704,3799,213.1,221.7,10,0,0,-1,59,5,97,43
689,10,164,232.8,246,10,0,0,-1,60,5,81,66
1061,905,1958,193.8,204.2,10,0,0,-1,52,5,147,52
898,1456,176,221.5,236.5,10,0,0,-1,56,5,109,75
86,569,4168,52.5,55,10,0,0,-1,58,3,70,45
1024,2555,570,195,205.8,10,0,0,-1,58,5,60,54
778,4886,3381,216.5,227.5,10,0,0,-1,56,5,123,55
840,2644,2161,232.1,243.5,10,0,0,-1,57,5,101,57
714,4860,3758,204.5,215.5,10,0,0,-1,54,5,100,55
1023,1837,3946,204.1,215.5,10,0,0,-1,49,5,99,57
942,202,2679,197.9,208.5,10,0,0,-1,53,5,76,53
737,1954,948,239.3,251.1,10,0,0,-1,55,5,80,59
755,2207,4973,201.7,211.1,10,0,0,-1,57,5,103,47
1044,4391,2654,183.4,194.2,10,0,0,-1,55,5,70,54
992,3086,1911,249.9,262.5,10,0,0,-1,50,5,105,63
1050,3276,581,216,227.6,10,0,0,-1,61,5,71,58
1031,4485,4857,75.3,83.5,10,0,0,-1,52,5,63,41
1103,3582,3145,191.5,202.9,10,0,0,-1,56,5,106,57
71,3588,4154,46.7,52.3,10,0,0,-1,53,3,111,46
1052,4289,2497,233.9,245.3,10,0,0,-1,54,5,137,57
726,491,1239,234.7,246.5,10,0,0,-1,60,5,99,59
3,1430,520,50.4,58.8,10,0,0,-1,53,3,126,42
836,3963,4256,220.9,235.1,10,0,0,-1,56,5,128,71
1096,3415,4901,217.5,226.5,10,0,0,-1,55,5,96,45
33,4450,2526,58.7,62.8,10,0,0,-1,53,3,71,30
978,128,4427,64.2,72.6,10,0,0,-1,50,5,60,42
1045,685,2867,190.1,199.9,10,0,0,-1,55,5,97,49
1072,4747,3190,187.7,197.5,10,0,0,-1,58,5,75,49
1086,4808,55,195.4,205,10,0,0,-1,55,5,85,48
40,1969,1698,65.2,69.2,10,0,0,-1,54,3,70,62
708,835,1706,215.8,226.6,10,0,0,-1,56,5,124,54
857,514,660,229.1,240.5,10,0,0,-1,55,5,98,57
728,2520,4400,209.4,218.6,10,0,0,-1,52,5,122,46
984,1198,137,222.5,235.5,10,0,0,-1,53,5,112,65
678,4185,2726,211.1,224.9,10,0,0,-1,49,5,80,69
718,1351,187,237.4,247,10,0,0,-1,55,5,175,48
904,2769,3699,219.6,229.2,10,0,0,-1,56,5,90,48
865,3635,1324,188.4,199.2,10,0,0,-1,54,5,75,54
968,2751,700,210.5,221.5,10,0,0,-1,59,5,73,55
867,3348,2521,218.1,230.7,10,0,0,-1,55,5,111,63
1089,426,3216,221.5,234.5,10,0,0,-1,55,5,72,65
697,1703,3386,235.4,245.8,10,0,0,-1,54,5,95,52
727,2730,4226,218.5,228.3,10,0,0,-1,59,5,96,49
692,4189,3819,217.1,225.7,10,0,0,-1,55,5,101,43
680,4316,2959,205.4,216.6,10,0,0,-1,53,5,99,56
68,4059,2820,67.2,70.3,10,0,0,-1,53,3,92,61
709,1810,2642,210.6,221.4,10,0,0,-1,53,5,108,54
62,1086,815,58.1,61.8,10,0,0,-1,56,3,84,47
659,4522,2341,215.1,225.7,10,0,0,-1,57,5,125,53
782,4242,130,217.2,227.6,10,0,0,-1,54,5,108,52
679,3709,974,186.6,197.4,10,0,0,-1,49,5,84,54
772,1150,1936,211.2,223.6,10,0,0,-1,61,5,81,62
1002,2598,1943,215.2,225.6,10,0,0,-1,59,5,106,52
703,4749,4341,213.9,225.7,10,0,0,-1,55,5,149,59
853,4862,3122,207.3,218.7,10,0,0,-1,58,5,99,57
830,3157,1990,225.9,235.7,10,0,0,-1,58,5,123,49
912,1822,4086,217,227.4,10,0,0,-1,61,5,87,52
6,2574,2572,63.9,70.2,10,0,0,-1,53,3,108,45
21,2454,1501,62.6,69.8,10,0,0,-1,57,3,95,59
983,4713,3018,210.3,220.1,10,0,0,-1,53,5,78,49
960,3100,1787,210.2,220.6,10,0,0,-1,59,5,101,52
858,1949,4518,244.6,255.8,10,0,0,-1,53,5,127,56
91,2207,4973,52.6,63.8,10,0,0,-1,58,3,103,47
78,1437,4764,47.4,54.2,10,0,0,-1,54,3,99,44
664,2327,3918,215,226.6,10,0,0,-1,59,5,70,58
55,3578,1705,53.9,55.7,10,0,0,-1,57,3,62,53
681,3484,1516,216.4,226.8,10,0,0,-1,53,5,76,52
79,1459,1971,42.8,58,10,0,0,-1,56,3,77,39
668,2454,1501,207.1,218.9,10,0,0,-1,57,5,95,59
716,3891,3012,229.5,241.7,10,0,0,-1,55,5,77,61
763,1375,1718,217.5,228.5,10,0,0,-1,58,5,113,55
1028,1932,881,230.7,242.1,10,0,0,-1,59,5,111,57
1062,331,298,242.5,255.5,10,0,0,-1,58,5,106,65
940,3030,2063,61,69,10,0,0,-1,55,5,57,40
1077,1310,1369,207.3,217.5,10,0,0,-1,54,5,90,51
988,2532,3224,226.1,237.5,10,0,0,-1,54,5,95,57
657,3070,4427,205,213.4,10,0,0,-1,55,5,100,42
30,3750,272,73,76,10,0,0,-1,55,3,82,52
961,1800,1089,222.6,233,10,0,0,-1,64,5,103,52
1064,4521,2866,214.7,224.1,10,0,0,-1,53,5,116,47
41,1703,3386,56.3,64.9,10,0,0,-1,55,3,95,52
645,1713,2925,198.3,208.1,10,0,0,-1,59,5,65,49
1,4024,2327,81.6,86,10,0,0,-1,57,3,108,64
48,837,1255,83.6,86.4,10,0,0,-1,53,3,92,64
666,3521,1653,215.8,227.4,10,0,0,-1,56,5,94,58
97,1038,910,70.3,72.2,10,0,0,-1,54,3,76,57
77,2019,428,64.2,68.8,10,0,0,-1,54,3,101,55
20,1143,836,62.7,65.4,10,0,0,-1,57,3,69,60
771,3662,915,210.5,219.9,10,0,0,-1,54,5,93,47
15,2179,1570,64.2,65.1,10,0,0,-1,58,3,66,57
1078,4267,866,196.9,205.5,10,0,0,-1,50,5,98,43
1034,4802,1568,212,223.2,10,0,0,-1,59,5,128,56
790,2014,232,227.1,238.5,10,0,0,-1,58,5,96,57
82,3859,4298,72.2,77.6,10,0,0,-1,58,3,110,56
952,1850,2221,203.1,214.5,10,0,0,-1,56,5,72,57
87,93,3163,68.4,70.6,10,0,0,-1,53,3,75,53
1037,3404,832,214,224.4,10,0,0,-1,63,5,84,52
0,456,1975,77.5,84,10,0,0,-1,60,3,157,71
642,456,1975,242.5,256.7,10,0,0,-1,60,5,157,71
92,3754,2111,56,59,10,0,0,-1,55,3,83,53
38,3251,4455,88.2,91.6,10,0,0,-1,58,3,95,61
72,1954,948,61.1,65.3,10,0,0,-1,57,3,80,59
962,2295,532,228,238,10,0,0,-1,55,5,113,50
798,2294,693,275.7,287.9,10,0,0,-1,61,5,111,61
1111,2342,1691,226.7,238.5,10,0,0,-1,60,5,91,59
807,2120,651,219.5,229.7,10,0,0,-1,60,5,92,51
56,4319,1629,58.8,60.6,10,0,0,-1,52,3,75,57
105,4886,3381,61.8,68.6,10,0,0,-1,58,3,123,55
987,4764,3010,221,231,10,0,0,-1,56,5,86,50
644,4353,4646,218,230,10,0,0,-1,58,5,80,60
81,1431,1528,56.7,61.4,10,0,0,-1,55,3,99,52
45,4749,4341,68,77,10,0,0,-1,56,3,149,59
1095,3550,3871,245.3,259.5,10,0,0,-1,57,5,82,71
102,3130,729,55.3,63.9,10,0,0,-1,59,3,83,51
787,3690,4907,203.5,214.5,10,0,0,-1,53,5,88,55
813,3395,2575,213.5,224.5,10,0,0,-1,58,5,76,55
1074,4511,476,58.6,67.8,10,0,0,-1,53,3,109,46
43,3101,4960,80,84.5,10,0,0,-1,60,3,107,62
69,843,2697,62.5,64.2,10,0,0,-1,57,3,71,54
750,3688,455,213.4,226.2,10,0,0,-1,57,5,79,64
88,1583,3723,41.5,55,10,0,0,-1,62,3,82,37
23,3990,1125,66.9,70.7,10,0,0,-1,55,3,84,65
871,4746,3891,242,253.2,10,0,0,-1,55,5,102,56
1008,4227,2923,258.4,270.8,10,0,0,-1,64,5,91,62
955,3326,2753,220,230,10,0,0,-1,57,5,125,50
106,2600,3449,48,56,10,0,0,-1,61,3,66,46
110,2699,679,53.9,68.6,10,0,0,-1,64,3,98,49
4,1708,579,56.9,57.8,10,0,0,-1,56,3,65,56
760,3232,191,228.1,241.9,10,0,0,-1,60,5,97,69
104,417,4733,63.7,65.1,10,0,0,-1,57,3,70,63
25,938,2997,48.8,60.4,10,0,0,-1,58,3,101,43
736,3588,4154,57.6,66.8,10,0,0,-1,56,3,111,46
812,2135,564,244.5,256.7,10,0,0,-1,62,5,92,61
786,2876,1608,63.7,73.1,10,0,0,-1,51,5,59,47
22,1410,1331,88.4,89.8,10,0,0,-1,62,3,94,80
100,485,3831,50.8,60.4,10,0,0,-1,59,3,94,46
51,3974,4631,55.3,58.6,10,0,0,-1,64,3,85,52
14,4522,2341,60.2,67.4,10,0,0,-1,59,3,125,53
61,148,2821,57.2,67.6,10,0,0,-1,60,3,104,52
797,4311,3508,235.7,247.5,10,0,0,-1,54,5,100,59
972,430,4558,58.7,66.1,10,0,0,-1,61,5,55,37
54,1298,1112,55.4,62.2,10,0,0,-1,54,3,86,52
60,4504,537,46.3,51.5,10,0,0,-1,53,3,73,45
80,3640,820,65,69,10,0,0,-1,60,3,127,45
50,4872,2556,46.4,68,10,0,0,-1,58,3,95,41
1080,4354,3574,54.8,60.4,10,0,0,-1,60,5,52,28
39,3898,1561,52,54.5,10,0,0,-1,60,3,72,47
108,3804,1265,61.6,70,10,0,0,-1,56,3,91,49
70,938,1899,49.5,54,10,0,0,-1,58,3,90,45
24,3046,2077,47,50,10,0,0,-1,60,3,74,44
103,1739,1909,53,58,10,0,0,-1,53,3,98,48
95,1375,1718,60.8,66.6,10,0,0,-1,61,3,113,55
66,2920,1391,52.4,55.8,10,0,0,-1,64,3,83,49
47,4000,4974,64.6,66.2,10,0,0,-1,66,3,71,55
16,3774,2423,68.7,71.6,10,0,0,-1,63,3,89,60
32,3186,815,54.4,58.8,10,0,0,-1,57,3,94,50
36,10,164,67.5,76.5,10,0,0,-1,66,3,81,66
449,773,665,67.6,70.4,10,0,0,-1,58,3,76,48
75,4387,1253,60.4,64,10,0,0,-1,58,3,82,46
334,1053,4274,61.6,64.2,10,0,0,-1,60,3,72,46
44,4681,4459,74.4,77.5,10,0,0,-1,68,3,93,62
417,3236,4372,61.5,66.5,10,0,0,-1,56,3,69,44
475,3413,294,72,77,10,0,0,-1,66,3,117,67
630,1355,4553,46.5,65.5,10,0,0,-1,59,3,132,37
325,1460,3291,49.2,59.1,10,0,0,-1,58,3,69,36
31,2892,2445,55.2,61.3,10,0,0,-1,58,3,104,43
176,3754,2111,62,65,10,0,0,-1,59,3,83,53
37,970,3069,39.1,66.4,10,0,0,-1,63,3,121,30
248,3000,4181,62.6,66.4,10,0,0,-1,56,3,93,55
565,4201,3131,41.5,55.5,10,0,0,-1,61,3,73,38
594,1808,4353,59.2,64,10,0,0,-1,59,3,70,58
392,3424,3372,52.6,63.4,10,0,0,-1,62,3,85,49
272,341,4589,70.3,72.4,10,0,0,-1,62,3,85,64
318,350,1321,46.9,56.7,10,0,0,-1,61,3,91,42
525,867,4151,55.4,57.8,10,0,0,-1,57,3,77,53
553,1058,2552,66,70,10,0,0,-1,60,3,94,54
74,3750,1421,64.6,75.8,10,0,0,-1,59,3,115,59
416,161,4554,46.6,50.2,10,0,0,-1,63,3,79,43
617,3953,2701,55.7,61.1,10,0,0,-1,61,3,80,53
471,2113,443,55.6,66.8,10,0,0,-1,61,3,70,54
234,3031,2055,71.6,76.2,10,0,0,-1,61,3,90,67
506,998,3284,67.2,70,10,0,0,-1,59,3,84,56
497,3805,168,50.8,58.4,10,0,0,-1,59,3,66,47
208,2279,1989,68.5,77.5,10,0,0,-1,68,3,82,67
254,3512,2074,52.9,59.2,10,0,0,-1,61,3,61,52
143,675,1988,58.1,68.3,10,0,0,-1,72,3,104,53
369,3419,3267,63.4,73,10,0,0,-1,65,3,121,25
282,2508,769,48,49.2,10,0,0,-1,61,3,54,42
455,4777,1896,47.9,61.7,10,0,0,-1,60,3,110,41
307,1325,446,48.2,62.6,10,0,0,-1,59,3,113,41
304,2346,2588,55.2,61.4,10,0,0,-1,56,3,111,49
543,3539,2645,52.1,56.3,10,0,0,-1,60,3,71,50
202,1413,2946,60.2,65,10,0,0,-1,62,3,89,41
268,4740,1058,69.5,72.5,10,0,0,-1,66,3,83,68
231,1473,2043,60,64,10,0,0,-1,61,3,66,56
626,692,3724,60,63.5,10,0,0,-1,61,3,88,53
532,4550,3982,52.8,64.2,10,0,0,-1,61,3,87,49
295,270,4511,56.3,60.4,10,0,0,-1,63,3,85,44
199,1125,3195,73.5,79,10,0,0,-1,57,3,123,68
567,1664,367,82.2,83.6,10,0,0,-1,58,3,85,71
469,3120,23,48.8,63.2,10,0,0,-1,62,3,92,44
247,2942,1207,49,53,10,0,0,-1,63,3,58,48
517,521,2791,64.4,69.5,10,0,0,-1,62,3,95,44
352,2342,1691,71.8,75,10,0,0,-1,64,3,91,59
192,605,2587,62.2,64,10,0,0,-1,62,3,73,55
518,1847,949,87.3,89.6,10,0,0,-1,66,3,108,85
470,966,2499,67.2,71.3,10,0,0,-1,63,3,100,59
328,196,2658,50.4,53,10,0,0,-1,57,3,66,40
511,1033,3233,60.6,63.4,10,0,0,-1,65,3,83,55
606,958,470,42,50,10,0,0,-1,57,3,78,38
349,3582,3145,61.9,66.8,10,0,0,-1,63,3,106,57
503,4340,4422,59.4,66.2,10,0,0,-1,62,3,73,39
274,2181,3696,67.5,71.2,10,0,0,-1,63,3,86,49
346,3550,3871,72.1,80.9,10,0,0,-1,61,3,82,71
605,88,924,51.3,57.9,10,0,0,-1,64,3,81,48
508,2809,2367,56.7,59.5,10,0,0,-1,62,3,63,56
209,4598,247,73.5,77.4,10,0,0,-1,67,5,68,54
596,2019,2105,50.3,56.8,10,0,0,-1,61,5,49,49
181,948,1246,61.5,66.5,10,0,0,-1,57,3,84,59
363,1308,31,52.6,59.4,10,0,0,-1,63,3,107,39
233,4195,882,51.1,67.3,10,0,0,-1,66,3,124,43
194,3906,1235,58.2,67.8,10,0,0,-1,61,3,87,55
225,927,3461,64.5,67.5,10,0,0,-1,61,3,69,54
397,383,1231,58.2,64.6,10,0,0,-1,61,3,87,55
559,80,3319,59.2,63.4,10,0,0,-1,59,3,97,55
245,709,3955,65.2,68.6,10,0,0,-1,60,3,89,55
621,2736,3298,59.7,61.1,10,0,0,-1,66,3,66,59
523,257,2526,51.2,56,10,0,0,-1,65,3,62,50
585,2149,3463,49.8,59.6,10,0,0,-1,63,3,138,40
576,97,553,59.2,62.8,10,0,0,-1,59,3,88,52
557,3329,4792,68,70.8,10,0,0,-1,68,3,82,54
301,3184,4354,51.6,54.5,10,0,0,-1,63,3,69,40
458,2845,358,65.1,72.2,10,0,0,-1,64,3,129,58
344,2367,1933,46,53,10,0,0,-1,58,3,55,45
177,3232,191,80.2,83,10,0,0,-1,63,3,97,69
372,3625,4433,73,77,10,0,0,-1,69,5,72,57
472,1003,1726,57.2,61.6,10,0,0,-1,64,3,94,55
429,2470,4176,59.2,62.6,10,0,0,-1,60,3,83,49
399,90,2587,70.4,73.5,10,0,0,-1,60,3,89,58
477,2756,2896,49.4,55,10,0,0,-1,63,3,69,41
276,379,3522,57.3,63.8,10,0,0,-1,54,3,69,56
333,2891,3716,61,67,10,0,0,-1,63,3,91,31
341,620,3773,62.3,70.9,10,0,0,-1,61,3,101,58
178,1375,1718,66.6,72.4,10,0,0,-1,64,3,113,55
237,3329,3758,65.2,70,10,0,0,-1,64,3,94,46
252,4484,1789,57.8,61,10,0,0,-1,60,3,65,57
116,1609,2755,61.4,65.6,10,0,0,-1,64,3,95,53
530,3001,3753,70,73,10,0,0,-1,62,3,79,49
639,2909,66,74.6,76.9,10,0,0,-1,62,3,93,70
157,4313,3027,49.2,56.1,10,0,0,-1,63,3,63,40
527,3904,4767,67.4,74.8,10,0,0,-1,64,3,97,60
620,2500,1351,61.8,65.6,10,0,0,-1,62,3,96,58
142,3251,4455,81.4,84.8,10,0,0,-1,64,3,95,61
211,3963,4256,77,78.5,10,0,0,-1,63,3,128,71
583,440,2851,35.5,52.5,10,0,0,-1,67,3,83,27
262,4182,3678,61,65.5,10,0,0,-1,61,3,88,43
499,2627,4057,62.7,71.2,10,0,0,-1,67,3,78,61
520,1366,553,66,68,10,0,0,-1,60,3,84,64
550,4261,2587,71.8,74.6,10,0,0,-1,66,3,97,69
289,654,3279,65.6,71.9,10,0,0,-1,63,3,116,53
223,2102,3088,53.3,59.6,10,0,0,-1,59,3,110,47
312,4061,4513,50.2,55.3,10,0,0,-1,65,3,59,40
493,1432,4318,42.6,60.8,10,0,0,-1,62,3,125,40
113,1708,579,57.8,60.5,10,0,0,-1,61,3,65,56
355,4809,1447,80.6,83.7,10,0,0,-1,67,3,93,62
197,2871,962,67,68.2,10,0,0,-1,64,3,73,61
284,3107,2592,48.8,53.2,10,0,0,-1,58,3,84,40
240,3933,1175,66.8,69.7,10,0,0,-1,56,3,90,61
522,4100,2215,65.5,68,10,0,0,-1,62,3,78,53
230,1967,1914,78.8,81.6,10,0,0,-1,66,3,90,62
393,3550,3926,88.8,92.1,10,0,0,-1,63,3,102,69
395,3732,1415,60.8,64.5,10,0,0,-1,58,3,128,46
526,2094,3191,55.7,59.6,10,0,0,-1,59,3,83,44
182,3662,915,51.6,60.8,10,0,0,-1,60,3,93,47
141,4504,4668,52.6,57.4,10,0,0,-1,62,3,58,52
271,4754,2074,56.4,63.8,10,0,0,-1,64,3,73,49
452,3165,1574,53.3,57.2,10,0,0,-1,62,3,65,52
418,1513,3513,66.6,73.9,10,0,0,-1,63,3,125,52
172,2005,4437,71.2,75.3,10,0,0,-1,61,3,104,63
574,4287,2495,70.8,75.6,10,0,0,-1,66,3,90,42
568,1764,3351,61.3,63.9,10,0,0,-1,65,3,73,60
319,4436,3337,74.6,81,10,0,0,-1,63,3,113,49
560,3297,98,59.8,64.2,10,0,0,-1,61,3,95,51
387,2567,4564,73.6,78.4,10,0,0,-1,69,3,112,64
367,2049,2154,62.4,69.2,10,0,0,-1,67,3,93,59
599,1061,1140,86.4,88.2,10,0,0,-1,67,3,99,81
487,3068,4579,61.3,65.6,10,0,0,-1,60,3,122,57
361,3419,57,48.6,65.8,10,0,0,-1,62,3,126,40
212,4101,3515,64.2,71.3,10,0,0,-1,65,3,121,50
118,2179,1570,58.8,60.6,10,0,0,-1,65,3,66,57
122,3521,1653,83.2,86.8,10,0,0,-1,63,3,94,58
279,1963,2703,52.6,55.9,10,0,0,-1,61,3,78,46
512,1832,487,52.8,61.2,10,0,0,-1,67,3,120,36
514,1287,2455,51.9,57.7,10,0,0,-1,63,3,78,49
215,2580,2497,51.5,54.8,10,0,0,-1,64,3,57,46
128,320,3659,60.7,68.5,10,0,0,-1,61,3,88,49
382,4198,800,61.9,68.8,10,0,0,-1,65,3,124,55
180,1038,910,62.7,66.5,10,0,0,-1,61,3,76,57
167,3750,1421,64.6,70.2,10,0,0,-1,61,3,115,59
411,2547,1629,64.8,68.1,10,0,0,-1,62,3,78,45
544,1542,3466,62.4,66.6,10,0,0,-1,65,3,75,54
604,4951,1130,82.7,86.8,10,0,0,-1,61,3,95,54
601,4810,2235,48.6,52.4,10,0,0,-1,60,3,79,41
478,1987,2694,58.8,62.4,10,0,0,-1,62,3,84,48
562,2996,456,57,66,10,0,0,-1,63,3,138,48
306,631,659,50.2,53,10,0,0,-1,71,3,67,39
432,1408,651,65,70,10,0,0,-1,63,3,110,60
459,1260,2997,64.8,75.6,10,0,0,-1,62,3,81,63
324,786,2645,60.1,63.5,10,0,0,-1,68,3,72,55
133,3186,815,72,76.4,10,0,0,-1,60,3,94,50
370,2019,4369,60.4,65.2,10,0,0,-1,58,3,82,58
259,4280,656,49.7,57.1,10,0,0,-1,62,3,83,46
413,2641,3598,76.5,78,10,0,0,-1,61,3,97,66
549,1763,2150,54.1,58.5,10,0,0,-1,64,3,64,53
173,569,4168,57.5,60,10,0,0,-1,67,3,70,45
483,2342,2117,56.5,67,10,0,0,-1,67,3,70,55
203,1868,490,55.1,63.9,10,0,0,-1,67,3,65,54
375,319,1149,62.5,67.9,10,0,0,-1,65,3,76,49
164,938,1899,58.5,63,10,0,0,-1,62,3,90,45
246,2275,1636,58.8,66.4,10,0,0,-1,61,3,93,55
614,3111,2790,63.9,65.7,10,0,0,-1,59,3,72,63
462,1093,3620,68.3,73.5,10,0,0,-1,63,3,80,67
296,1716,4103,60.9,65.8,10,0,0,-1,63,3,105,56
587,2235,1642,54.2,57.3,10,0,0,-1,61,3,79,48
481,1571,990,48,50,10,0,0,-1,62,3,66,46
153,3578,1705,55.7,56.6,10,0,0,-1,65,3,62,53
366,581,3873,64.6,67.2,10,0,0,-1,69,3,88,62
338,1310,1369,54.9,62.7,10,0,0,-1,62,3,90,51
445,876,2717,67.2,69.3,10,0,0,-1,68,3,70,63
351,1533,4767,55.5,57.2,10,0,0,-1,70,3,64,47
409,4229,645,68.3,70.1,10,0,0,-1,64,3,71,62
598,447,2918,62.4,66.2,10,0,0,-1,60,3,89,51
158,1086,815,61.8,65.5,10,0,0,-1,64,3,84,47
368,356,2578,75.5,78,10,0,0,-1,69,3,83,58
290,2872,3667,33.4,51,10,0,0,-1,58,3,73,29
516,3727,1694,77.8,79.9,10,0,0,-1,59,3,82,61
184,1739,1909,68,73,10,0,0,-1,58,3,98,48
589,1400,2905,53.3,60.2,10,0,0,-1,65,3,74,51
238,237,1654,54.8,59.6,10,0,0,-1,67,3,98,50
195,86,507,52.3,62.8,10,0,0,-1,64,3,135,46
385,3097,3672,63.7,67.4,10,0,0,-1,65,3,97,60
541,4698,3513,59.9,62.2,10,0,0,-1,66,3,76,53
572,4135,3980,52.6,56.2,10,0,0,-1,63,3,85,49
564,3650,232,65.1,69.8,10,0,0,-1,62,3,98,51
332,4912,1655,59,64,10,0,0,-1,67,5,54,54
636,530,3016,67,70,10,0,0,-1,67,3,94,64
407,3824,4910,49.7,55.4,10,0,0,-1,60,3,101,44
187,2699,679,68.6,73.5,10,0,0,-1,70,3,98,49
331,370,3047,68.6,70.5,10,0,0,-1,71,3,80,61
490,2944,1047,78.4,82.1,10,0,0,-1,65,3,108,71
498,3687,4866,62.9,74.3,10,0,0,-1,66,3,80,61
226,4327,567,52.3,64.9,10,0,0,-1,60,3,109,46
390,3103,1199,63.4,68,10,0,0,-1,65,3,91,45
218,4591,3756,59.4,62.2,10,0,0,-1,65,3,72,58
229,1517,1605,55,64,10,0,0,-1,66,3,79,49
162,4059,2820,73.4,76.5,10,0,0,-1,62,3,92,61
228,1195,3392,61.1,63.8,10,0,0,-1,62,3,80,53
586,4037,3012,74.8,82,10,0,0,-1,66,3,91,73
115,2902,4278,69.7,73.6,10,0,0,-1,61,3,97,58
573,266,2818,67.8,71.2,10,0,0,-1,56,3,78,61
389,315,165,62.4,66,10,0,0,-1,67,3,75,57
460,1671,726,64.5,71.9,10,0,0,-1,71,3,83,46
580,4699,953,42.7,44.1,10,0,0,-1,64,3,49,42
570,3432,1335,62.4,64.1,10,0,0,-1,61,3,76,59
263,468,546,51.3,67.9,10,0,0,-1,62,3,126,43
435,1239,630,41.1,66.6,10,0,0,-1,67,3,95,36
612,3684,3171,57.1,64.2,10,0,0,-1,65,3,121,50
450,319,3085,59.2,70.2,10,0,0,-1,69,3,79,57
422,1123,1738,54.4,60,10,0,0,-1,64,3,67,53
292,4298,957,61.3,63.9,10,0,0,-1,62,3,150,60
360,3910,3191,42.6,49,10,0,0,-1,64,3,65,33
440,2257,1427,72,75,10,0,0,-1,64,3,96,66
251,2979,111,67,70,10,0,0,-1,65,3,76,66
590,4439,4140,61.6,64.5,10,0,0,-1,67,3,79,50
314,2657,4930,69.6,72.8,10,0,0,-1,64,3,92,60
577,3569,1196,74.5,78,10,0,0,-1,67,3,99,64
465,137,4622,58.2,64.6,10,0,0,-1,65,3,87,55
249,4846,1614,77.8,80.9,10,0,0,-1,60,3,84,53
615,1126,1344,73.8,75.4,10,0,0,-1,66,3,77,61
380,1640,4388,48.5,57.5,10,0,0,-1,64,3,62,47
170,1431,1528,61.4,66.1,10,0,0,-1,63,3,99,52
343,4808,55,51.7,55.4,10,0,0,-1,64,3,85,48
214,472,211,58.4,65.2,10,0,0,-1,63,3,89,55
548,1674,4104,60,61,10,0,0,-1,66,3,69,59
424,1225,1978,64.4,67,10,0,0,-1,67,3,80,54
468,2945,4204,69.5,73.8,10,0,0,-1,64,3,91,48
629,1930,3506,55,58,10,0,0,-1,62,3,79,49
600,649,2902,59.5,63.7,10,0,0,-1,59,3,70,49
374,1119,1151,64.8,66.6,10,0,0,-1,67,3,81,63
266,1040,3547,69.2,75.4,10,0,0,-1,68,3,94,63
161,1591,2642,48.8,52.4,10,0,0,-1,63,3,65,47
489,3476,3202,63.1,69.2,10,0,0,-1,61,3,118,57
442,3327,3991,51.7,63.6,10,0,0,-1,64,3,67,50
398,3180,3500,66.8,68.5,10,0,0,-1,68,3,77,60
175,3133,773,65,67,10,0,0,-1,67,3,85,55
378,3510,4779,51.6,57.5,10,0,0,-1,62,3,118,28
280,3548,1426,60.7,67.4,10,0,0,-1,65,3,121,54
463,2037,4931,57.6,64.8,10,0,0,-1,66,3,90,54
408,3996,2216,64.4,68.5,10,0,0,-1,69,3,89,48
412,4372,1499,66.6,71.2,10,0,0,-1,61,3,108,62
244,1328,2741,65,67,10,0,0,-1,64,3,71,51
633,2371,2248,64.3,67.2,10,0,0,-1,65,3,73,44
623,3083,2213,45.6,63.6,10,0,0,-1,65,3,78,42
258,2562,4132,54.4,57.6,10,0,0,-1,69,3,64,48
619,3336,97,52.4,58,10,0,0,-1,66,3,65,51
579,4922,1844,63.4,66.6,10,0,0,-1,64,3,123,57
485,4134,618,55.9,63.5,10,0,0,-1,65,3,73,54
250,2769,3699,60.6,64.8,10,0,0,-1,66,3,90,48
291,3093,970,51.6,55.9,10,0,0,-1,63,3,86,43
293,3086,1911,75.6,79.8,10,0,0,-1,60,3,105,63
220,2783,2159,52.4,58.8,10,0,0,-1,69,3,110,46
474,3329,234,66.4,69.8,10,0,0,-1,67,3,97,63
359,4743,2287,75.4,80.6,10,0,0,-1,66,3,117,65
616,951,3105,64.6,68.2,10,0,0,-1,60,3,70,52
189,2014,232,68.7,72.6,10,0,0,-1,67,3,96,57
466,4214,1670,36.9,48.6,10,0,0,-1,67,3,72,33
515,519,599,69.8,73,10,0,0,-1,63,3,77,69
155,1254,1655,52.4,58.1,10,0,0,-1,67,3,98,41
588,2801,1883,56.2,60.4,10,0,0,-1,68,3,94,52
480,2770,1189,58.6,62.4,10,0,0,-1,65,3,89,51
255,148,3598,55,57,10,0,0,-1,63,3,73,53
441,823,3829,62,64.5,10,0,0,-1,60,3,82,57
342,1336,1744,62.8,64.1,10,0,0,-1,64,3,68,55
277,2295,532,62.6,68.9,10,0,0,-1,64,3,113,50
414,3018,2304,58.3,63.6,10,0,0,-1,63,3,106,53
640,4658,2514,67.5,72.4,10,0,0,-1,65,3,92,43
426,444,821,60.2,68.2,10,0,0,-1,64,3,73,57
256,2766,3827,53.3,56.6,10,0,0,-1,66,3,83,50
297,2832,4406,65.6,69.7,10,0,0,-1,67,3,74,41
134,4015,58,71.6,74.2,10,0,0,-1,67,3,82,56
611,3000,1606,69.6,72.2,10,0,0,-1,65,3,93,67
622,388,66,54.1,57.2,10,0,0,-1,62,3,82,51
336,4398,2490,67.5,72.5,10,0,0,-1,66,3,85,60
310,1090,481,58.7,63.8,10,0,0,-1,67,3,74,57
139,970,3069,39.1,57.3,10,0,0,-1,68,3,121,30
242,4936,1404,60.9,68.1,10,0,0,-1,68,3,69,60
273,1985,2066,45.6,52,10,0,0,-1,66,3,60,44
356,2357,3641,63.6,68.4,10,0,0,-1,68,3,70,54
205,246,3833,61.8,67.2,10,0,0,-1,72,3,78,60
316,671,4219,70.4,74.6,10,0,0,-1,71,3,83,69
354,3089,2026,62.2,65.3,10,0,0,-1,65,3,87,56
603,2519,4588,68,70.5,10,0,0,-1,64,3,88,63
302,4667,4496,55.4,58.2,10,0,0,-1,63,3,61,47
117,2479,1822,57.6,61.4,10,0,0,-1,72,3,88,50
200,68,2518,64.4,70.8,10,0,0,-1,65,3,90,58
207,3157,1990,56.4,63.8,10,0,0,-1,68,3,123,49
123,1143,836,65.4,68.1,10,0,0,-1,67,3,69,60
613,3101,1166,61,64,10,0,0,-1,67,3,76,46
495,740,768,53,57,10,0,0,-1,67,3,71,51
632,661,2670,58.2,62.6,10,0,0,-1,68,3,67,45
327,880,156,66.6,72.9,10,0,0,-1,67,3,117,54
339,4354,3574,30.4,35.2,10,0,0,-1,67,3,52,28
309,4503,2534,36,46,10,0,0,-1,66,5,31,31
329,457,797,63.5,66,10,0,0,-1,66,3,86,61
635,986,3793,67.8,72.6,10,0,0,-1,66,3,111,63
535,4928,4548,66.7,72.1,10,0,0,-1,65,3,91,64
283,804,2517,73,76,10,0,0,-1,64,3,94,64
269,202,2679,57.6,59.9,10,0,0,-1,65,3,76,53
174,93,3163,70.6,72.8,10,0,0,-1,63,3,75,53
150,837,1255,72.4,78,10,0,0,-1,63,3,92,64
500,1421,4515,74.6,76.5,10,0,0,-1,68,3,86,67
124,2454,1501,69.8,77,10,0,0,-1,68,3,95,59
427,3178,2847,70.5,76.7,10,0,0,-1,72,3,86,55
168,4387,1253,53.2,56.8,10,0,0,-1,64,3,82,46
519,2293,3553,72.4,75.1,10,0,0,-1,67,3,94,67
136,1753,6,73.7,76.8,10,0,0,-1,63,3,83,52
536,1759,2415,82.5,85,10,0,0,-1,71,3,100,75
224,4623,4081,70.2,74.4,10,0,0,-1,63,3,87,66
322,3478,608,76,81.4,10,0,0,-1,66,3,103,49
160,2662,1807,69.3,75.8,10,0,0,-1,67,3,81,68
484,1954,1837,49.1,59.3,10,0,0,-1,69,3,61,44
267,3857,108,53,62,10,0,0,-1,68,3,80,50
581,2986,3704,59.6,64.8,10,0,0,-1,64,3,96,44
396,4222,4566,74.6,77.5,10,0,0,-1,66,3,92,63
437,811,26,63.2,65.6,10,0,0,-1,64,3,68,44
371,1183,3912,65.1,68.8,10,0,0,-1,64,3,91,54
201,201,1155,70.5,72,10,0,0,-1,69,3,81,66
362,4663,3808,74.2,77.5,10,0,0,-1,69,3,94,61
270,719,2943,74.4,78.3,10,0,0,-1,71,3,90,51
571,408,641,45,57,10,0,0,-1,66,3,99,39
496,263,3357,49.4,55.8,10,0,0,-1,68,3,107,43
114,2328,1912,54.8,66,10,0,0,-1,72,3,80,52
299,2598,1943,62.8,68.2,10,0,0,-1,71,3,106,52
504,3336,4011,70.4,73.8,10,0,0,-1,69,3,101,67
538,4028,4281,54.3,61.6,10,0,0,-1,63,3,120,47
188,3690,4907,68.2,71.5,10,0,0,-1,63,3,88,55
148,835,1706,68,75,10,0,0,-1,69,3,124,54
287,128,4427,49.2,52.8,10,0,0,-1,62,3,60,42
591,1215,1152,58.4,60.8,10,0,0,-1,67,3,68,44
121,200,1530,56.5,59,10,0,0,-1,69,3,79,54
446,4763,3414,53.6,60.2,10,0,0,-1,66,3,113,47
357,4007,1478,78.2,80.9,10,0,0,-1,66,3,89,62
264,3132,2447,55.4,66.2,10,0,0,-1,65,3,104,50
551,1365,4550,60,65,10,0,0,-1,68,3,105,55
294,3697,2143,70.2,78.6,10,0,0,-1,68,3,87,59
479,3395,1121,55.1,57.2,10,0,0,-1,73,5,54,53
326,1230,847,65.8,68.6,10,0,0,-1,65,3,77,49
311,2555,570,58.2,59.4,10,0,0,-1,71,3,60,54
638,2301,4039,57.3,58.6,10,0,0,-1,72,3,69,56
428,2550,1311,69,72,10,0,0,-1,67,3,90,60
569,983,1766,39.7,45.4,10,0,0,-1,69,3,91,34
531,4752,87,60.6,63.2,10,0,0,-1,67,3,84,58
300,4815,3422,62.2,67.4,10,0,0,-1,66,3,109,57
448,940,4783,48.9,54.6,10,0,0,-1,62,3,66,47
140,4189,3819,60.4,66.2,10,0,0,-1,67,3,101,43
566,1024,3892,65.7,67.4,10,0,0,-1,71,3,81,64
443,4896,688,60.9,63.8,10,0,0,-1,64,3,87,58
298,1566,2559,49,55,10,0,0,-1,67,3,76,46
624,3577,560,48.9,63.6,10,0,0,-1,62,3,93,44
364,1955,434,69.6,72.8,10,0,0,-1,75,3,84,68
501,4112,2597,69.2,71.5,10,0,0,-1,67,3,83,60
641,4319,2840,50.9,62.6,10,0,0,-1,65,3,86,47
236,1923,2984,46.9,50.8,10,0,0,-1,70,3,82,43
534,4314,4493,61.5,64.5,10,0,0,-1,65,3,75,60
127,3990,1125,70.7,72.6,10,0,0,-1,65,3,84,65
210,3054,3724,57.7,60.5,10,0,0,-1,67,3,64,57
609,1773,1776,70,73.5,10,0,0,-1,69,3,98,63
147,4000,4974,56.6,58.2,10,0,0,-1,74,3,71,55
285,4991,830,61.7,66.4,10,0,0,-1,68,3,104,57
353,1696,1860,69.6,74.2,10,0,0,-1,75,3,111,65
347,3415,4901,60.3,65.4,10,0,0,-1,68,3,96,45
120,3400,1843,58.1,65.2,10,0,0,-1,61,3,122,51
451,2374,3959,41.4,49,10,0,0,-1,67,3,87,11
379,1929,1552,62.6,64.4,10,0,0,-1,72,3,68,59
540,3986,186,57.2,60.8,10,0,0,-1,68,3,68,56
169,2019,428,68.8,73.4,10,0,0,-1,66,3,101,55
196,2120,651,55.1,59.2,10,0,0,-1,71,3,92,51
191,1169,4156,76.4,79.8,10,0,0,-1,70,3,90,56
430,1621,2520,52.2,56.6,10,0,0,-1,70,3,74,50
281,4676,4498,59.8,66.6,10,0,0,-1,66,3,87,53
149,4083,2205,52.7,54.4,10,0,0,-1,63,3,68,51
305,191,1013,67.8,75.6,10,0,0,-1,64,3,99,60
554,1162,247,70.3,71.2,10,0,0,-1,75,3,73,64
239,4707,4461,54.2,58.4,10,0,0,-1,69,3,92,50
563,1397,1743,46.6,49.4,10,0,0,-1,71,3,69,41
315,2016,293,64.6,67.2,10,0,0,-1,69,3,99,62
402,3505,4446,70,72.4,10,0,0,-1,69,3,82,58
637,1173,2787,48.5,52,10,0,0,-1,69,3,101,45
464,969,4628,62.2,68.8,10,0,0,-1,70,3,115,49
492,3675,4152,63.2,67.8,10,0,0,-1,71,3,100,54
330,2067,2234,51.8,57.4,10,0,0,-1,70,3,77,49
461,1258,1037,61.6,64.2,10,0,0,-1,68,3,85,59
436,3214,2105,53,56.5,10,0,0,-1,71,3,81,46
275,3326,2753,57.5,65,10,0,0,-1,68,3,125,50
473,3605,1063,60.6,64.2,10,0,0,-1,69,3,93,57
433,3436,3934,73.9,77.3,10,0,0,-1,71,3,79,62
278,4465,528,52.2,63.2,10,0,0,-1,66,3,72,50
376,2152,815,66.7,69.6,10,0,0,-1,68,3,87,58
166,1954,948,67.4,71.6,10,0,0,-1,69,3,80,59
303,1741,4495,75.2,77.8,10,0,0,-1,67,3,96,70
186,3804,1265,61.6,65.8,10,0,0,-1,66,3,91,49
358,1127,491,48.6,59,10,0,0,-1,69,3,72,46
159,2920,1391,55.8,59.2,10,0,0,-1,73,3,83,49
190,38,953,63.8,69.5,10,0,0,-1,68,3,98,41
337,4060,3176,70.3,71.4,10,0,0,-1,68,3,78,67
592,367,4154,46.4,51.2,10,0,0,-1,62,3,68,44
593,4148,894,63.1,64.2,10,0,0,-1,70,3,73,62
457,3643,1530,61.4,71,10,0,0,-1,72,3,83,59
193,2207,2736,64,65,10,0,0,-1,69,3,73,63
488,339,3922,51.6,57.2,10,0,0,-1,66,3,124,46
171,2876,2975,61.6,65.4,10,0,0,-1,66,3,92,54
348,1304,2549,55.6,69.6,10,0,0,-1,65,3,95,50
391,457,3155,65,66.6,10,0,0,-1,68,3,73,57
575,802,4404,54.9,58.2,10,0,0,-1,64,3,78,45
260,1333,1760,65.1,66.2,10,0,0,-1,67,3,75,64
447,4762,132,66.2,67.9,10,0,0,-1,69,3,73,56
584,2781,2091,66.4,69.6,10,0,0,-1,70,3,92,60
439,1852,567,49.7,60.5,10,0,0,-1,70,3,100,47
578,174,2286,65.9,67.7,10,0,0,-1,72,3,74,65
547,454,2451,69.2,72,10,0,0,-1,67,3,106,58
179,4671,4469,51.2,58.4,10,0,0,-1,72,3,62,26
628,1545,1804,66.5,69.4,10,0,0,-1,69,3,81,52
494,4690,2812,91.2,92.6,10,0,0,-1,73,3,94,80
521,2622,3400,65.7,71.5,10,0,0,-1,65,3,86,57
505,1552,3394,53.1,58.6,10,0,0,-1,75,3,63,52
384,4216,1760,60.4,62.6,10,0,0,-1,71,3,78,56
539,1141,1145,43.4,68.6,10,0,0,-1,72,3,119,35
404,2207,3245,60.1,65.6,10,0,0,-1,69,3,70,59
434,4419,1656,53.2,58.4,10,0,0,-1,74,3,100,48
323,2325,2398,58.2,61.8,10,0,0,-1,67,3,69,57
126,619,189,51.9,63.7,10,0,0,-1,72,3,105,46
345,3514,4676,78.3,80.2,10,0,0,-1,69,3,85,65
401,4673,3634,49.2,54.8,10,0,0,-1,70,3,94,38
476,1992,699,66.6,77.2,10,0,0,-1,73,3,162,56
627,2699,2921,61.5,65,10,0,0,-1,70,3,86,51
373,2617,164,60.6,67,10,0,0,-1,75,3,93,59
165,2324,4340,56.2,59.4,10,0,0,-1,67,3,69,37
340,2533,4645,70,71.5,10,0,0,-1,71,3,73,58
556,1207,2767,59.6,63,10,0,0,-1,69,3,80,46
132,3750,272,55,58,10,0,0,-1,68,3,82,52
394,334,2914,75.8,76.6,10,0,0,-1,68,3,79,71
486,4830,2703,60.1,61.4,10,0,0,-1,67,3,64,51
597,798,4679,60.6,64,10,0,0,-1,67,3,81,47
618,3379,4578,47.1,59.5,10,0,0,-1,71,3,75,44
405,213,684,73,76.2,10,0,0,-1,69,3,89,57
320,4391,2654,55.6,62,10,0,0,-1,70,3,70,54
400,1048,348,66,67.8,10,0,0,-1,70,3,75,57
456,2511,2450,63.6,72.3,10,0,0,-1,63,3,81,52
386,880,826,54.7,68.2,10,0,0,-1,66,3,79,52
308,2656,450,74.5,77,10,0,0,-1,73,3,87,62
253,4607,4066,70.2,75.4,10,0,0,-1,71,3,91,39
425,2355,4974,53.7,57.4,10,0,0,-1,72,3,87,50
377,3413,1855,56.8,62.4,10,0,0,-1,73,3,81,54
288,1263,2754,59.8,61.6,10,0,0,-1,67,3,121,49
221,10,1878,61.6,64,10,0,0,-1,70,3,67,61
444,2244,3144,62,64.5,10,0,0,-1,67,3,77,52
243,381,2830,56.4,62.1,10,0,0,-1,71,3,64,45
112,4353,4646,68,70,10,0,0,-1,71,3,80,60
431,4258,2380,51.3,55.6,10,0,0,-1,68,5,47,47
204,478,2526,52.7,55.4,10,0,0,-1,76,3,77,50
286,3855,3889,65.3,69.6,10,0,0,-1,75,3,104,61
313,1687,4973,59.6,68.9,10,0,0,-1,70,3,134,41
350,4903,2540,65.6,67.2,10,0,0,-1,71,3,80,64
403,29,1979,64.4,69.2,10,0,0,-1,66,3,86,62
406,1683,1534,58.1,60.3,10,0,0,-1,68,3,68,57
241,2245,3270,45.5,54,10,0,0,-1,70,3,122,37
602,1660,1226,56.9,62.8,10,0,0,-1,74,3,110,51
420,4506,1865,70.4,73.8,10,0,0,-1,73,3,101,67
610,2049,2969,55.8,59.1,10,0,0,-1,71,3,69,36
546,2808,88,53.6,58.4,10,0,0,-1,67,3,59,53
219,2697,3307,39,57,10,0,0,-1,73,3,66,36
119,3774,2423,74.5,77.4,10,0,0,-1,73,3,89,60
216,1952,4617,39.1,41.2,10,0,0,-1,73,3,58,37
151,1346,574,49.7,60.5,10,0,0,-1,71,5,47,47
261,1981,735,61.4,62.2,10,0,0,-1,72,3,63,55
163,843,2697,64.2,65.9,10,0,0,-1,70,3,71,54
561,1840,1134,57.6,61.2,10,0,0,-1,71,3,90,54
183,1150,1936,65.8,69.6,10,0,0,-1,76,3,81,62
198,1038,2972,60.5,62.6,10,0,0,-1,68,3,71,50
185,417,4733,65.1,66.5,10,0,0,-1,70,3,70,63
438,3596,4294,54.2,62.6,10,0,0,-1,68,3,65,53
317,4802,1568,63.2,77.6,10,0,0,-1,73,3,128,56
217,1394,950,64.2,66.4,10,0,0,-1,71,3,73,51
144,3101,4960,66.5,75.5,10,0,0,-1,74,3,107,62
156,530,1430,59.9,66.8,10,0,0,-1,70,3,76,53
509,917,1196,69.2,71.1,10,0,0,-1,66,3,73,54
227,1148,4337,67.8,69.6,10,0,0,-1,73,3,84,66
415,627,187,57.4,59.2,10,0,0,-1,70,3,61,43
129,944,2959,56.3,62.6,10,0,0,-1,69,3,71,50
222,2341,2124,48.4,53.8,10,0,0,-1,74,3,97,43
365,1378,3322,63.6,64.5,10,0,0,-1,75,3,69,60
137,4910,2210,50.6,67.4,10,0,0,-1,69,3,101,45
383,4698,3703,47.9,50.6,10,0,0,-1,74,3,56,47
467,2659,4293,68,69,10,0,0,-1,67,3,71,61
131,678,3281,46.7,48.1,10,0,0,-1,70,3,53,46
138,10,164,67.5,72,10,0,0,-1,77,3,81,66
335,4747,3190,51.6,59.4,10,0,0,-1,75,3,75,49
513,2971,4976,56.8,66.4,10,0,0,-1,70,3,100,52
423,135,3747,63,65.2,10,0,0,-1,68,3,74,52
232,626,299,63.2,68.4,10,0,0,-1,67,3,89,58
529,1000,592,55.7,60.8,10,0,0,-1,74,3,71,54
135,3616,484,69.6,71.2,10,0,0,-1,68,3,76,60
235,44,451,44.6,47.4,10,0,0,-1,73,3,67,39
388,787,452,71.4,76.2,10,0,0,-1,64,3,105,57
130,3484,1516,68.8,71.2,10,0,0,-1,69,3,76,52
507,1838,3144,69,75,10,0,0,-1,75,3,85,65
502,1407,263,59.4,65.2,10,0,0,-1,74,3,71,42
1262,3662,1195,332.4,344.8,10,0,0,-1,69,5,62,62
1196,3460,2355,333.1,346.5,10,0,0,-1,74,5,112,67
1167,4368,3676,374,388.4,10,0,0,-1,70,5,122,72
533,4802,1680,60.9,63.8,10,0,0,-1,71,3,87,58
1261,3217,806,327,341,10,0,0,-1,74,5,82,70
1160,3231,1782,320.5,331.5,10,0,0,-1,75,5,117,55
625,2446,973,58.1,60.2,10,0,0,-1,76,3,77,56
1178,2251,4638,333.9,349.7,10,0,0,-1,77,5,89,79
1176,4505,1570,346.8,359.6,10,0,0,-1,76,5,110,64
125,557,1262,59.6,63.2,10,0,0,-1,71,3,92,56
1248,626,548,347.9,361.3,10,0,0,-1,67,5,100,67
1157,1198,137,352.5,365.5,10,0,0,-1,69,5,112,65
607,3413,3298,56.8,68.2,10,0,0,-1,78,3,91,53
537,3741,190,57.6,60.8,10,0,0,-1,69,3,80,48
1229,1539,3825,344.8,358.4,10,0,0,-1,76,5,134,68
542,1524,2684,52.2,61.8,10,0,0,-1,69,3,63,51
1258,2790,3511,333.4,348.6,10,0,0,-1,74,5,113,76
1216,2310,1517,341.6,354.4,10,0,0,-1,73,5,156,64
1208,1838,3144,325.5,338.5,10,0,0,-1,75,5,85,65
1206,4768,2049,354,368,10,0,0,-1,73,5,113,70
1194,4334,17,326.7,340.1,10,0,0,-1,69,5,92,67
381,1468,3307,56.6,59.5,10,0,0,-1,76,3,74,45
1129,3787,821,333,346.6,10,0,0,-1,69,5,95,68
558,94,785,63,65,10,0,0,-1,69,3,67,47
1152,2945,95,331.3,343.1,10,0,0,-1,73,5,113,59
491,552,1533,48.7,60.1,10,0,0,-1,76,3,65,43
1250,241,1772,356.9,370.3,10,0,0,-1,73,5,109,67
321,3172,3303,53.4,56.8,10,0,0,-1,69,3,84,50
1184,1046,1271,370.5,385.1,10,0,0,-1,69,5,78,73
1219,4541,2456,336.2,349.4,10,0,0,-1,72,5,92,66
1131,1837,1379,347,359,10,0,0,-1,69,5,137,60
1186,4372,1499,325,337.4,10,0,0,-1,69,5,108,62
1207,3336,4011,335.5,348.9,10,0,0,-1,74,5,101,67
1267,4459,2004,316.1,326.7,10,0,0,-1,76,5,120,53
152,3891,3012,70.6,72.2,10,0,0,-1,72,3,77,61
1120,456,1975,384.5,398.7,10,0,0,-1,77,5,157,71
634,1415,1115,61.2,62.8,10,0,0,-1,67,3,66,50
1174,1220,2249,338.8,352,10,0,0,-1,73,5,121,66
1181,1824,4206,347.5,360.5,10,0,0,-1,81,5,120,65
1218,1759,2415,362.5,377.5,10,0,0,-1,76,5,100,75
1135,337,880,334.7,346.5,10,0,0,-1,69,5,140,59
510,4351,2996,67.2,69.4,10,0,0,-1,68,3,87,65
482,4252,2546,76.4,81.2,10,0,0,-1,76,3,110,62
552,4735,4766,51.7,61.1,10,0,0,-1,69,3,94,47
545,4280,1779,79.8,81.4,10,0,0,-1,78,3,83,67
1287,3037,2950,374.5,388.3,10,0,0,-1,70,5,138,69
1221,4861,1392,351.5,364.9,10,0,0,-1,70,5,117,67
1285,3163,2256,354.8,368,10,0,0,-1,69,5,137,66
631,2028,1841,43.9,49.8,10,0,0,-1,75,3,97,38
1134,103,4119,337.7,351.1,10,0,0,-1,69,5,130,67
1272,1848,2510,311.3,323.1,10,0,0,-1,77,5,93,59
1251,1098,4978,334.1,346.7,10,0,0,-1,69,5,101,63
595,2439,4783,44.8,52,10,0,0,-1,67,3,61,43
1253,4035,797,352.5,365.5,10,0,0,-1,73,5,138,65
1257,2360,3889,332,343.6,10,0,0,-1,79,5,129,58
1154,4242,4962,347.5,360.1,10,0,0,-1,71,5,127,63
1173,4998,4975,362,374,10,0,0,-1,75,5,140,60
1239,964,4169,327,339,10,0,0,-1,71,5,105,60
1277,3538,3891,387.2,400.4,10,0,0,-1,75,5,143,66
1121,4024,2327,344.8,357.6,10,0,0,-1,74,5,108,64
582,3799,4541,55.4,58.8,10,0,0,-1,73,3,86,52
1281,4859,77,319.5,332.1,10,0,0,-1,72,5,99,63
1231,367,4636,346.3,358.1,10,0,0,-1,73,5,128,59
454,2127,322,61.4,63.8,10,0,0,-1,68,3,83,59
419,1971,2396,44.2,48.4,10,0,0,-1,70,3,82,40
154,4319,1629,60.6,62.4,10,0,0,-1,68,3,75,57
1274,4367,2240,357.5,372.1,10,0,0,-1,68,5,102,73
1175,4637,2377,364,378,10,0,0,-1,70,5,133,70
1278,4653,3497,325,337,10,0,0,-1,70,5,115,60
1242,4550,4499,339.8,354.2,10,0,0,-1,78,5,131,72
1226,4935,2466,350.5,364.7,10,0,0,-1,73,5,102,71
1263,504,4244,367,381,10,0,0,-1,76,5,150,70
1204,4690,2812,358,374,10,0,0,-1,76,5,94,80
1198,1056,2251,344,357.6,10,0,0,-1,77,5,106,68
1150,424,2590,357.6,369.2,10,0,0,-1,77,5,143,58
1241,1006,3878,332,345.2,10,0,0,-1,73,5,79,66
1245,96,4565,355.5,368.9,10,0,0,-1,72,5,121,67
1123,3845,4711,350,364,10,0,0,-1,74,5,119,70
555,3091,4876,71,73,10,0,0,-1,69,3,85,65
524,4691,4648,59.2,60.6,10,0,0,-1,71,3,69,55
1286,4116,2163,339.5,352.1,10,0,0,-1,72,5,119,63
1275,4505,6,351.8,364.6,10,0,0,-1,74,5,115,64
1284,4367,2410,359.5,373.7,10,0,0,-1,68,5,111,71
1177,2553,236,332.4,344.8,10,0,0,-1,78,5,103,62
145,2923,4230,51.2,57.4,10,0,0,-1,76,3,107,45
1156,1867,4585,348.2,363,10,0,0,-1,73,5,104,74
1144,3031,2055,337.9,351.3,10,0,0,-1,72,5,90,67
206,630,1778,52.7,54.4,10,0,0,-1,72,3,68,51
1264,4001,121,330.2,342.6,10,0,0,-1,73,5,138,62
1214,683,1792,340.6,353.8,10,0,0,-1,69,5,136,66
265,188,1118,55,61,10,0,0,-1,77,3,109,49
421,2009,2506,59.8,65.5,10,0,0,-1,77,3,84,56
1220,1900,4097,347.4,357.8,10,0,0,-1,73,5,155,52
1162,2416,4800,357.6,371.2,10,0,0,-1,74,5,106,68
1138,1125,3195,374.6,388.2,10,0,0,-1,68,5,123,68
1210,946,3392,367.5,380.9,10,0,0,-1,68,5,133,67
453,4244,395,64,75,10,0,0,-1,72,3,108,53
1265,3341,3332,343.2,356.4,10,0,0,-1,71,5,99,66
1143,3348,2521,344.1,356.7,10,0,0,-1,72,5,111,63
410,4868,2571,73.8,75.4,10,0,0,-1,71,3,77,61
1165,2323,4926,343.9,356.5,10,0,0,-1,72,5,136,63
1230,4037,3012,346.5,361.1,10,0,0,-1,75,5,91,73
146,932,964,50,56,10,0,0,-1,75,3,104,44
1224,409,1322,366.5,378.7,10,0,0,-1,71,5,153,61
1215,279,2644,333,345.4,10,0,0,-1,71,5,71,62
608,118,3767,53.1,66.6,10,0,0,-1,76,3,72,45
1133,3232,191,338.5,352.3,10,0,0,-1,74,5,97,69
213,2644,2161,65.8,70.2,10,0,0,-1,75,3,101,57
1209,3075,1559,347.4,359.8,10,0,0,-1,76,5,118,62
528,1811,1053,32,38,10,0,0,-1,74,3,50,30
257,1172,2316,56.2,61.3,10,0,0,-1,71,3,97,46
1166,3706,3631,342.5,355.1,10,0,0,-1,75,5,122,63
1126,4681,4459,322.4,334.8,10,0,0,-1,80,5,93,62
1228,2613,4912,364.5,377.5,10,0,0,-1,78,5,137,65
1270,1720,806,351,363,10,0,0,-1,68,5,129,60
1205,1595,319,332.5,345.5,10,0,0,-1,74,5,118,65
1247,353,4627,327.3,339.9,10,0,0,-1,70,5,132,63
1182,3550,3926,329.7,343.5,10,0,0,-1,73,5,102,69
1164,4289,2497,347.9,359.3,10,0,0,-1,72,5,137,57
1147,2410,1274,347.2,358.4,10,0,0,-1,69,5,140,56
1158,1040,2354,346.8,359.6,10,0,0,-1,73,5,110,64
1217,1476,1518,310.4,320.8,10,0,0,-1,74,5,118,52
1148,2336,2232,352.4,364.8,10,0,0,-1,71,5,123,62
1159,747,1075,333.8,347.4,10,0,0,-1,75,5,123,68
1227,1197,4750,368,382.4,10,0,0,-1,75,5,116,72
1235,1498,279,332.9,345.5,10,0,0,-1,72,5,125,63
1243,4400,2112,348.7,362.9,10,0,0,-1,74,5,86,71
1151,4792,865,368.8,381.6,10,0,0,-1,75,5,132,64
1130,4059,2820,317.7,329.9,10,0,0,-1,70,5,92,61
1252,3795,3668,326.5,339.1,10,0,0,-1,74,5,106,63
1279,433,3572,365.5,380.5,10,0,0,-1,73,5,88,75
1141,3963,4256,348.7,362.9,10,0,0,-1,74,5,128,71
1140,2611,355,360.5,374.7,10,0,0,-1,72,5,112,71
1161,3644,2560,366,382,10,0,0,-1,74,5,86,80
1171,4509,2115,335.5,348.5,10,0,0,-1,75,5,121,65
1236,2909,66,352,366,10,0,0,-1,73,5,93,70
1246,837,4706,326.7,338.9,10,0,0,-1,72,5,101,61
1122,34,4282,335.2,346.4,10,0,0,-1,71,5,128,56
1188,4581,1756,381.5,395.3,10,0,0,-1,73,5,140,69
1168,3631,1962,361.4,375,10,0,0,-1,73,5,137,68
1153,4426,2963,343.5,356.5,10,0,0,-1,77,5,129,65
1289,67,759,375.5,392.5,10,0,0,-1,79,5,95,85
1232,2104,4575,360.3,374.1,10,0,0,-1,70,5,105,69
1139,2670,4830,349.1,359.7,10,0,0,-1,73,5,153,53
1190,4506,1865,348.9,362.3,10,0,0,-1,75,5,101,67
1180,1266,538,346.5,359.9,10,0,0,-1,74,5,112,67
1155,4576,22,343.2,356,10,0,0,-1,74,5,132,64
1238,1167,2935,347,359,10,0,0,-1,77,5,125,60
1201,4931,3704,319.7,331.9,10,0,0,-1,72,5,94,61
1237,456,921,363.5,378.5,10,0,0,-1,76,5,170,75
1197,1992,699,358,369.2,10,0,0,-1,77,5,162,56
1240,1048,1590,354.1,368.7,10,0,0,-1,77,5,84,73
1125,4185,2726,335.3,349.1,10,0,0,-1,69,5,80,69
1179,4401,431,384.9,398.3,10,0,0,-1,75,5,137,67
1268,754,1043,346.5,357.5,10,0,0,-1,74,5,143,55
1192,547,2098,338.9,351.5,10,0,0,-1,74,5,131,63
1273,1211,382,349.5,364.5,10,0,0,-1,74,5,87,75
1254,4031,456,348.4,361.6,10,0,0,-1,77,5,157,66
1172,1103,1438,364.7,376.5,10,0,0,-1,73,5,170,59
1149,3882,2390,328.6,341,10,0,0,-1,76,5,124,62
1212,1847,949,354.5,371.5,10,0,0,-1,79,5,108,85
1195,3413,294,364.9,378.3,10,0,0,-1,79,5,117,67
1259,4299,4590,349,363.4,10,0,0,-1,75,5,97,72
1269,1236,838,348.9,360.3,10,0,0,-1,73,5,138,57
1280,3657,4569,348,362,10,0,0,-1,71,5,92,70
1199,376,383,370,382.4,10,0,0,-1,75,5,153,62
1249,2003,3177,365.5,378.5,10,0,0,-1,78,5,125,65
1290,1837,1539,343.2,356,10,0,0,-1,76,5,132,64
1163,3009,787,380.9,394.7,10,0,0,-1,73,5,167,69
1225,1664,367,347.7,361.9,10,0,0,-1,71,5,85,71
1124,1410,1331,374,390,10,0,0,-1,78,5,94,80
1200,4252,2546,339.4,351.8,10,0,0,-1,78,5,110,62
1256,983,2128,344.3,356.1,10,0,0,-1,79,5,126,59
1222,2908,1992,389.8,402.6,10,0,0,-1,76,5,153,64
1127,848,446,346.7,358.9,10,0,0,-1,73,5,121,61
1244,1777,2760,387.4,401,10,0,0,-1,78,5,163,68
1170,2568,4988,383.8,394.6,10,0,0,-1,74,5,184,54
1202,232,2192,338.3,350.5,10,0,0,-1,74,5,137,61
1169,3996,3364,351.6,365.2,10,0,0,-1,73,5,100,68
1213,1429,4860,369.9,383.7,10,0,0,-1,78,5,156,69
1142,394,4037,346.9,360.3,10,0,0,-1,74,5,99,67
1145,3458,1752,380.9,394.3,10,0,0,-1,80,5,135,67
1137,4164,3956,347,359,10,0,0,-1,78,5,125,60
1146,1456,176,371.5,386.5,10,0,0,-1,76,5,109,75
1211,2970,4925,385.6,401.2,10,0,0,-1,76,5,97,78
1136,3499,3886,358.5,371.1,10,0,0,-1,71,5,138,63
1183,2164,407,371.6,385.2,10,0,0,-1,76,5,120,68
1288,1391,421,344,356,10,0,0,-1,78,5,122,60
1191,1035,323,358.7,372.5,10,0,0,-1,81,5,131,69
1276,1595,4985,353.2,368,10,0,0,-1,76,5,109,74
1187,2102,629,358.5,373.5,10,0,0,-1,71,5,111,75
1282,3334,427,365.1,378.5,10,0,0,-1,73,5,144,67
1234,512,2518,341.7,353.9,10,0,0,-1,75,5,116,61
1271,1819,3543,346,360,10,0,0,-1,79,5,101,70
1260,1640,3849,326.9,338.7,10,0,0,-1,75,5,144,59
1193,634,1006,359.4,371.8,10,0,0,-1,73,5,130,62
1233,1061,1140,366.3,382.5,10,0,0,-1,79,5,99,81
1189,987,1658,356.7,368.5,10,0,0,-1,72,5,101,59
1132,4359,2715,350.5,365.5,10,0,0,-1,75,5,88,75
1266,731,4076,378.5,391.1,10,0,0,-1,76,5,158,63
1203,333,4232,377,389.4,10,0,0,-1,76,5,160,62
1283,2028,2265,353.4,367.8,10,0,0,-1,78,5,87,72
1128,4749,4341,367.3,379.1,10,0,0,-1,76,5,149,59
1223,657,4832,366.5,378.3,10,0,0,-1,76,5,160,59
1185,4872,1835,365.5,380.1,10,0,0,-1,81,5,110,73
1255,2582,1906,51.1,59.3,10,0,0,-1,82,5,47,41
