demandID,SourceID,DestinationID,MinDelay,MaxDelay,Bandwidth,Ishotstandby,DelayDifference,DisjointType,WorkOptCostRangeType,MinCostDelay,MinDelayDelay
95,42,89,1,3,0,1,2,2,11,2,1.0365,1.0365
131,89,42,1,3,0,1,2,2,11,2,1.0365,1.0365
93,42,30,1,2,0,1,1,2,14,2,1.5915,1.5915
79,30,42,1,2,0,1,1,2,14,2,1.5915,1.5915
319,176,42,1,3,0,1,2,2,9,2,1.107,1.107
214,142,165,3,5,0,1,2,2,12,5,2.2895,2.2895
240,156,42,1,2,0,1,1,2,10,2,1.442,1.442
97,42,156,1,2,0,1,1,2,10,2,1.442,1.442
101,42,176,1,3,0,1,2,2,9,2,1.107,1.107
288,165,142,3,5,0,1,2,2,12,5,2.2895,2.2895
98,42,157,1,2,0,1,1,2,11,2,1.522,1.522
230,155,42,1,2,0,1,1,2,11,2,1.517,1.517
251,157,42,1,2,0,1,1,2,11,2,1.522,1.522
99,42,158,1,3,0,1,2,2,12,2,1.622,1.622
261,158,42,1,3,0,1,2,2,12,2,1.622,1.622
96,42,155,1,2,0,1,1,2,11,2,1.517,1.517
59,26,42,2,3,0,1,1,2,15,2,2.105,2.0035
92,42,26,2,3,0,1,1,2,15,2,2.105,2.0035
119,72,42,1,3,0,1,2,2,14,2,1.972,1.972
94,42,72,1,3,0,1,2,2,14,2,1.972,1.972
282,165,54,3,7,0,1,4,2,14,2,3.624,3.053
244,156,137,1,3,0,1,2,2,8,4,1,0.84
254,157,137,0,3,0,1,3,2,7,2,0.92,0.76
211,142,157,2,9,0,1,7,2,14,2,2.283,2.173
285,165,116,2,7,0,1,5,2,13,2,3.5515,2.9805
255,157,142,2,9,0,1,7,2,14,2,2.4915,2.173
122,72,137,1,3,0,1,2,2,9,2,1.057,1.057
191,137,72,1,3,0,1,2,2,9,2,1.057,1.057
212,142,158,2,9,0,1,7,2,15,2,2.5915,2.338
233,155,137,0,3,0,1,3,2,8,2,0.98,0.82
264,158,137,1,3,0,1,2,2,8,4,1.085,0.925
265,158,142,2,9,0,1,7,2,15,2,2.5915,2.338
166,116,165,2,7,0,1,5,2,13,2,3.5515,2.9805
112,54,165,3,7,0,1,4,2,14,2,3.624,3.053
243,156,124,1,3,0,1,2,2,9,5,0.9585,0.9585
222,150,30,2,3,0,1,1,2,16,5,1.9915,1.9915
241,156,89,2,3,0,1,1,2,15,5,1.5845,1.5845
276,159,142,4,8,0,1,4,2,9,4,4.428,2.47
185,124,156,1,3,0,1,2,2,9,5,0.9585,0.9585
194,137,156,1,3,0,1,2,2,8,5,0.84,0.84
249,157,2,1,3,0,1,2,2,8,5,0.6785,0.6785
7,2,157,1,3,0,1,2,2,8,5,0.6785,0.6785
225,150,165,3,10,0,1,7,2,15,2,4.17,3.599
213,142,159,4,8,0,1,4,2,9,5,2.58,2.47
195,137,157,0,3,0,1,3,2,7,2,0.76,0.76
177,122,124,4,6,0,1,2,2,18,5,3.7945,2.839
289,165,150,3,10,0,1,7,2,15,2,4.17,3.599
238,156,2,1,2,0,1,1,2,9,5,0.7585,0.7585
208,142,122,5,7,0,1,2,2,13,5,4.135,3.1555
224,150,122,2,6,0,1,4,2,16,2,3.4495,2.494
196,137,158,1,3,0,1,2,2,8,5,0.925,0.925
138,89,156,2,3,0,1,1,2,15,5,1.5845,1.5845
277,165,2,3,11,0,1,8,2,16,2,4.315,3.744
193,137,155,0,3,0,1,3,2,8,2,0.82,0.82
287,165,137,3,10,0,1,7,2,17,2,4.3965,3.8255
286,165,124,3,11,0,1,8,2,17,2,4.515,3.944
179,122,142,5,7,0,1,2,2,13,5,4.025,3.1555
200,142,17,5,8,0,1,3,2,15,5,3.686,3.124
180,122,150,2,6,0,1,4,2,16,2,3.4495,2.494
87,30,150,2,3,0,1,1,2,16,5,1.9915,1.9915
215,142,167,5,7,0,1,2,2,17,5,4.725,2.5655
259,158,2,1,3,0,1,2,2,9,5,0.8435,0.8435
326,176,177,1,3,0,1,2,2,8,5,0.765,0.765
256,157,165,4,10,0,1,6,2,20,2,4.7035,4.1325
90,30,170,1,3,0,1,2,2,13,2,1.6165,1.6045
334,177,156,1,2,0,1,1,2,9,2,1.1,1.1
306,170,30,1,3,0,1,2,2,13,2,1.6165,1.6045
292,165,157,4,10,0,1,6,2,20,2,4.7035,4.1325
290,165,155,4,10,0,1,6,2,21,2,4.7635,4.1925
248,156,177,1,2,0,1,1,2,9,2,1.1,1.1
47,24,19,3,6,0,1,3,2,13,2,3.11,3.053
173,122,30,2,8,0,1,6,2,23,2,3.747,2.7215
338,177,176,1,3,0,1,2,2,8,5,0.765,0.765
291,165,156,4,10,0,1,6,2,21,2,4.7835,4.2125
246,156,165,4,10,0,1,6,2,21,2,4.7835,4.2125
293,165,158,4,10,0,1,6,2,21,2,4.8685,4.2975
266,158,165,4,10,0,1,6,2,21,2,4.8685,4.2975
235,155,165,4,10,0,1,6,2,21,2,4.7635,4.1925
6,2,156,1,2,0,1,1,2,9,5,0.7585,0.7585
228,155,2,1,3,0,1,2,2,9,5,0.7385,0.7385
278,165,19,6,7,0,1,1,2,22,5,5.9085,5.3375
172,122,4,1,8,0,1,7,2,17,2,2.834,1.8305
239,156,4,1,3,0,1,2,2,12,2,1.2265,1.2265
186,124,165,3,11,0,1,8,2,17,2,4.515,3.944
242,156,104,1,2,0,1,1,2,14,2,1.4105,1.4105
9,2,165,3,11,0,1,8,2,16,2,4.315,3.744
175,122,104,2,8,0,1,6,2,19,2,3.018,2.0145
197,137,165,3,10,0,1,7,2,17,2,4.3965,3.8255
335,177,157,1,2,0,1,1,2,10,2,1.18,1.18
8,2,158,1,3,0,1,2,2,9,5,0.8435,0.8435
237,155,177,1,2,0,1,1,2,10,2,1.175,1.175
137,89,155,2,3,0,1,1,2,15,5,1.6595,1.6595
258,157,177,1,2,0,1,1,2,10,2,1.18,1.18
333,177,155,1,2,0,1,1,2,10,2,1.175,1.175
178,122,137,3,6,0,1,3,2,18,4,3.676,2.7205
171,122,2,3,6,0,1,3,2,17,4,3.5945,2.639
231,155,89,2,3,0,1,1,2,15,5,1.6595,1.6595
245,156,142,2,9,0,1,7,2,15,2,2.4115,2.253
83,30,122,2,8,0,1,6,2,23,2,3.747,2.7215
252,157,89,1,3,0,1,2,2,14,2,1.6645,1.6645
219,150,17,3,5,0,1,2,2,18,2,4.2185,3.263
210,142,156,2,9,0,1,7,2,15,2,2.4115,2.253
139,89,157,1,3,0,1,2,2,14,2,1.6645,1.6645
234,155,142,2,9,0,1,7,2,15,2,2.4865,2.233
85,30,137,2,3,0,1,1,2,18,2,2.218,2.218
273,159,72,4,5,0,1,1,2,21,2,4.443,4.443
209,142,155,2,9,0,1,7,2,15,2,2.4865,2.233
74,30,2,2,3,0,1,1,2,17,2,2.1365,2.1365
183,124,30,2,4,0,1,2,2,18,2,2.3365,2.3365
84,30,124,2,4,0,1,2,2,18,2,2.3365,2.3365
262,158,89,2,3,0,1,1,2,15,5,1.7645,1.7645
151,104,156,1,2,0,1,1,2,14,2,1.4105,1.4105
190,137,30,2,3,0,1,1,2,18,2,2.218,2.218
184,124,122,4,6,0,1,2,2,18,5,3.7945,2.839
2,2,30,2,3,0,1,1,2,17,2,2.1365,2.1365
220,150,19,3,5,0,1,2,2,19,2,3.9645,3.009
5,2,155,1,3,0,1,2,2,9,5,0.7385,0.7385
140,89,158,2,3,0,1,1,2,15,5,1.7645,1.7645
20,4,156,1,3,0,1,2,2,12,2,1.2265,1.2265
75,30,4,1,3,0,1,2,2,14,2,1.376,1.364
223,150,72,1,3,0,1,2,2,11,5,0.9835,0.9835
15,4,30,1,3,0,1,2,2,14,2,1.376,1.364
302,167,142,5,7,0,1,2,2,17,5,4.615,2.5655
81,30,104,1,3,0,1,2,2,16,2,1.56,1.548
146,104,30,1,3,0,1,2,2,16,2,1.56,1.548
134,89,104,1,3,0,1,2,2,15,2,1.005,1.005
18,4,122,1,8,0,1,7,2,17,2,2.834,1.8305
192,137,122,3,6,0,1,3,2,18,4,3.676,2.7205
34,17,150,3,5,0,1,2,2,18,2,4.2185,3.263
124,72,150,1,3,0,1,2,2,11,5,0.9835,0.9835
268,158,177,1,2,0,1,1,2,11,2,1.28,1.28
336,177,158,1,2,0,1,1,2,11,2,1.28,1.28
4,2,122,3,6,0,1,3,2,17,4,3.5945,2.639
221,150,26,1,3,0,1,2,2,10,2,1.1165,1.1165
77,30,19,3,8,0,1,5,2,26,2,4.262,3.2365
253,157,104,1,2,0,1,1,2,13,2,1.4905,1.4905
27,17,30,3,8,0,1,5,2,27,2,4.516,3.4905
250,157,4,1,3,0,1,2,2,11,2,1.3065,1.3065
37,19,30,3,8,0,1,5,2,26,2,4.262,3.2365
322,176,104,1,3,0,1,2,2,13,2,1.0755,1.0755
55,24,176,2,7,0,1,5,2,15,2,2.8215,2.4015
271,159,30,4,7,0,1,3,2,25,2,4.392,4.1445
3,2,72,1,3,0,1,2,2,10,2,1.1385,1.1285
152,104,157,1,2,0,1,1,2,13,2,1.4905,1.4905
21,4,157,1,3,0,1,2,2,11,2,1.3065,1.3065
52,24,72,2,7,0,1,5,2,17,2,2.298,2.298
44,19,150,3,5,0,1,2,2,19,2,3.9645,3.009
201,142,19,5,8,0,1,3,2,16,5,3.94,3.378
117,72,2,1,3,0,1,2,2,10,2,1.1385,1.1285
41,19,124,5,6,0,1,1,2,21,5,4.3095,3.354
155,104,176,1,3,0,1,2,2,13,2,1.0755,1.0755
36,19,4,2,8,0,1,6,2,20,2,3.349,2.3455
148,104,89,1,3,0,1,2,2,15,2,1.005,1.005
39,19,104,2,8,0,1,6,2,22,2,3.533,2.5295
26,17,4,2,8,0,1,6,2,21,2,3.603,2.5995
29,17,104,2,8,0,1,6,2,23,2,3.787,2.7835
76,30,17,3,8,0,1,5,2,27,2,4.516,3.4905
318,176,24,2,7,0,1,5,2,15,2,2.8215,2.4015
149,104,122,2,8,0,1,6,2,19,2,3.018,2.0145
48,24,26,2,8,0,1,6,2,16,2,2.431,2.431
330,177,72,2,3,0,1,1,2,13,5,1.63,1.63
229,155,4,1,3,0,1,2,2,12,2,1.3015,1.3015
13,4,19,2,8,0,1,6,2,20,2,3.349,2.3455
232,155,104,1,2,0,1,1,2,14,2,1.4855,1.4855
144,104,19,2,8,0,1,6,2,22,2,3.533,2.5295
32,17,137,4,6,0,1,2,2,20,4,4.445,3.4895
19,4,155,1,3,0,1,2,2,12,2,1.3015,1.3015
150,104,155,1,2,0,1,1,2,14,2,1.4855,1.4855
270,159,26,4,5,0,1,1,2,22,2,4.576,4.576
25,17,2,4,6,0,1,2,2,19,4,4.3635,3.408
188,137,17,4,6,0,1,2,2,20,4,4.445,3.4895
31,17,124,4,6,0,1,2,2,20,4,4.5635,3.608
181,124,17,4,6,0,1,2,2,20,4,4.5635,3.608
182,124,19,5,6,0,1,1,2,21,5,4.3095,3.354
33,17,142,5,8,0,1,3,2,15,5,3.181,3.124
115,54,176,3,10,0,1,7,2,20,5,2.85,2.85
260,158,4,1,3,0,1,2,2,12,2,1.4065,1.4065
42,19,137,4,6,0,1,2,2,21,4,4.191,3.2355
0,2,17,4,6,0,1,2,2,19,4,4.3635,3.408
169,116,176,3,10,0,1,7,2,19,5,2.7775,2.7775
35,19,2,4,5,0,1,1,2,20,4,4.1095,3.154
88,30,159,4,7,0,1,3,2,25,2,4.392,4.1445
163,116,72,3,11,0,1,8,2,21,5,2.994,2.994
22,4,158,1,3,0,1,2,2,12,2,1.4715,1.4065
153,104,158,1,3,0,1,2,2,14,2,1.6555,1.5905
263,158,104,1,3,0,1,2,2,14,2,1.5905,1.5905
143,104,17,2,8,0,1,6,2,23,2,3.787,2.7835
12,4,17,2,8,0,1,6,2,21,2,3.603,2.5995
189,137,19,4,6,0,1,2,2,21,4,4.191,3.2355
1,2,19,4,5,0,1,1,2,20,4,4.1095,3.154
320,176,54,3,10,0,1,7,2,20,5,2.85,2.85
323,176,116,3,10,0,1,7,2,19,5,2.7775,2.7775
109,54,72,3,11,0,1,8,2,22,2,3.0665,3.0665
118,72,24,2,7,0,1,5,2,17,2,2.298,2.298
127,72,177,2,3,0,1,1,2,13,5,1.63,1.63
65,26,150,1,3,0,1,2,2,10,2,1.1165,1.1165
125,72,159,4,5,0,1,1,2,21,2,4.443,4.443
159,116,26,3,11,0,1,8,2,20,2,3.127,3.127
43,19,142,5,8,0,1,3,2,16,5,4.65,3.378
105,54,26,3,11,0,1,8,2,21,2,3.1995,3.1995
142,89,176,2,3,0,1,1,2,16,5,1.2495,1.2495
295,165,176,4,9,0,1,5,2,24,2,4.366,4.366
303,167,150,1,6,0,1,5,2,16,2,2.1,1.904
328,177,26,2,3,0,1,1,2,14,5,1.763,1.6615
321,176,89,2,3,0,1,1,2,16,5,1.2495,1.2495
226,150,167,1,6,0,1,5,2,16,2,2.1,1.904
283,165,72,4,10,0,1,6,2,26,2,5.1535,4.5825
272,159,54,5,6,0,1,1,2,20,5,2.9135,2.9135
325,176,165,4,9,0,1,5,2,24,2,4.366,4.366
275,159,116,5,6,0,1,1,2,21,5,2.841,2.841
126,72,165,4,10,0,1,6,2,26,2,5.1535,4.5825
58,26,24,2,8,0,1,6,2,16,2,2.431,2.431
324,176,142,2,9,0,1,7,2,18,2,2.0765,2.0765
111,54,159,5,6,0,1,1,2,20,5,2.9135,2.9135
165,116,159,5,6,0,1,1,2,21,5,2.841,2.841
300,167,124,3,6,0,1,3,2,22,5,2.445,2.249
217,142,176,2,9,0,1,7,2,18,2,2.0765,2.0765
297,167,2,3,6,0,1,3,2,21,5,2.245,2.049
63,26,116,3,11,0,1,8,2,20,2,3.127,3.127
60,26,54,3,11,0,1,8,2,21,2,3.1995,3.1995
24,4,176,1,3,0,1,2,2,15,5,0.8915,0.8915
68,26,177,2,3,0,1,1,2,14,5,1.763,1.6615
72,29,142,3,8,0,1,5,2,19,5,1.4165,1.4165
66,26,159,4,5,0,1,1,2,22,2,4.576,4.576
227,150,170,2,3,0,1,1,2,15,5,1.319,1.319
147,104,72,2,3,0,1,1,2,18,5,1.9405,1.9405
317,176,4,1,3,0,1,2,2,15,5,0.8915,0.8915
67,26,165,4,10,0,1,6,2,25,2,5.2865,4.7155
128,89,4,1,2,0,1,1,2,15,5,0.821,0.821
17,4,89,1,2,0,1,1,2,15,5,0.821,0.821
121,72,104,2,3,0,1,1,2,18,5,1.9405,1.9405
104,54,21,4,5,0,1,1,2,15,5,1.9075,1.9075
45,21,54,4,5,0,1,1,2,15,5,1.9075,1.9075
164,116,122,5,8,0,1,3,2,23,5,4.396,3.8565
69,29,24,2,6,0,1,4,2,16,4,2.1615,1.7415
110,54,122,5,8,0,1,3,2,24,5,4.4685,3.929
203,142,29,3,8,0,1,5,2,19,5,1.4165,1.4165
158,116,21,3,5,0,1,2,2,16,5,1.835,1.835
46,21,116,3,5,0,1,2,2,16,5,1.835,1.835
130,89,26,2,4,0,1,2,2,19,2,2.2475,2.146
187,124,167,3,6,0,1,3,2,22,5,2.341,2.249
301,167,137,2,6,0,1,4,2,22,2,2.3265,2.1305
311,170,150,2,3,0,1,1,2,15,5,1.319,1.319
10,2,167,3,6,0,1,3,2,21,5,2.245,2.049
176,122,116,4,8,0,1,4,2,23,4,4.396,3.8565
174,122,54,4,8,0,1,4,2,24,4,4.4685,3.929
49,24,29,2,6,0,1,4,2,16,4,2.1615,1.7415
14,4,26,2,3,0,1,1,2,16,5,1.8895,1.788
274,159,104,3,6,0,1,3,2,23,2,3.663,3.4375
269,159,4,3,7,0,1,4,2,21,2,3.479,3.2535
133,89,72,2,4,0,1,2,2,20,2,2.1145,2.1145
202,142,26,2,10,0,1,8,2,19,2,2.866,2.756
309,170,137,1,4,0,1,3,2,15,2,1.5455,1.5455
199,137,170,1,4,0,1,3,2,15,2,1.5455,1.5455
61,26,89,2,4,0,1,2,2,19,2,2.2475,2.146
198,137,167,2,6,0,1,4,2,22,2,2.2225,2.1305
11,2,170,2,4,0,1,2,2,16,5,1.464,1.464
70,29,54,3,9,0,1,6,2,21,5,2.19,2.19
71,29,116,3,9,0,1,6,2,20,5,2.1175,2.1175
57,26,4,2,3,0,1,1,2,16,5,1.8895,1.788
304,170,2,2,4,0,1,2,2,16,5,1.464,1.464
145,104,26,2,3,0,1,1,2,18,4,2.0735,1.972
167,116,167,4,8,0,1,4,2,25,4,4.986,3.2665
113,54,167,4,8,0,1,4,2,26,4,5.0585,3.339
16,4,72,2,3,0,1,1,2,17,5,1.7565,1.7565
206,142,72,3,10,0,1,7,2,20,5,2.733,2.623
120,72,89,2,4,0,1,2,2,20,2,2.1145,2.1145
123,72,142,3,10,0,1,7,2,20,5,2.9415,2.623
73,29,165,5,9,0,1,4,2,25,5,3.706,3.706
299,167,116,3,8,0,1,5,2,25,2,4.986,3.2665
298,167,54,3,8,0,1,5,2,26,2,5.0585,3.339
62,26,104,2,3,0,1,1,2,18,4,2.0735,1.972
154,104,159,3,6,0,1,3,2,23,2,3.663,3.4375
23,4,159,3,7,0,1,4,2,21,2,3.479,3.2535
160,116,29,3,9,0,1,6,2,20,5,2.1175,2.1175
106,54,29,3,9,0,1,6,2,21,5,2.19,2.19
64,26,142,2,10,0,1,8,2,19,2,3.0745,2.756
257,157,170,2,4,0,1,2,2,18,5,1.547,1.547
103,54,19,6,7,0,1,1,2,27,5,3.8785,3.8215
102,54,17,5,7,0,1,2,2,26,5,3.6245,3.5675
156,116,17,6,7,0,1,1,2,27,5,3.552,3.495
157,116,19,5,7,0,1,2,2,26,5,3.806,3.749
314,170,157,2,4,0,1,2,2,18,5,1.547,1.547
279,165,29,5,9,0,1,4,2,25,5,3.706,3.706
247,156,170,2,4,0,1,2,2,19,5,1.467,1.467
28,17,54,5,7,0,1,2,2,26,5,3.6245,3.5675
40,19,116,5,7,0,1,2,2,26,5,4.911,3.749
38,19,54,5,7,0,1,2,2,27,5,4.9835,3.8215
267,158,170,2,4,0,1,2,2,19,5,1.647,1.647
236,155,170,2,4,0,1,2,2,19,5,1.542,1.542
313,170,156,2,4,0,1,2,2,19,5,1.467,1.467
78,30,24,4,7,0,1,3,2,26,5,3.306,2.886
30,17,116,5,7,0,1,2,2,27,5,3.552,3.495
50,24,30,4,7,0,1,3,2,26,5,3.306,2.886
91,42,24,3,6,0,1,3,2,21,5,2.6085,2.1885
312,170,155,2,4,0,1,2,2,19,5,1.542,1.542
315,170,158,2,4,0,1,2,2,19,5,1.647,1.647
51,24,42,3,6,0,1,3,2,21,5,2.6085,2.1885
305,170,24,4,6,0,1,2,2,20,5,2.6335,2.2135
205,142,42,3,9,0,1,6,2,24,5,1.8635,1.8635
129,89,24,4,6,0,1,2,2,24,5,2.751,2.331
327,177,24,3,6,0,1,3,2,20,5,2.2665,1.8465
216,142,170,6,9,0,1,3,2,23,5,1.8885,1.8885
162,116,42,4,10,0,1,6,2,25,5,2.5645,2.5645
108,54,42,4,10,0,1,6,2,26,5,2.637,2.637
207,142,89,6,9,0,1,3,2,27,5,2.006,2.006
54,24,170,4,6,0,1,2,2,20,5,2.6335,2.2135
218,142,177,5,8,0,1,3,2,23,5,1.5215,1.5215
53,24,89,4,6,0,1,2,2,24,5,2.751,2.331
310,170,142,6,9,0,1,3,2,23,5,1.8885,1.8885
56,24,177,3,6,0,1,3,2,20,5,2.2665,1.8465
82,30,116,4,11,0,1,7,2,30,5,3.262,3.262
80,30,54,4,10,0,1,6,2,31,5,3.3345,3.3345
204,142,30,4,9,0,1,5,2,29,5,2.561,2.561
161,116,30,4,11,0,1,7,2,30,5,3.262,3.262
107,54,30,4,10,0,1,6,2,31,5,3.3345,3.3345
136,89,142,6,9,0,1,3,2,27,5,2.006,2.006
332,177,142,5,8,0,1,3,2,23,5,1.5215,1.5215
86,30,142,4,9,0,1,5,2,29,5,2.561,2.561
331,177,116,4,9,0,1,5,2,24,5,2.2225,2.2225
329,177,54,4,9,0,1,5,2,25,5,2.295,2.295
100,42,165,5,9,0,1,4,2,30,5,4.153,4.153
89,30,165,6,10,0,1,4,2,35,5,4.8505,4.8505
170,116,177,4,9,0,1,5,2,24,5,2.2225,2.2225
116,54,177,4,9,0,1,5,2,25,5,2.295,2.295
168,116,170,4,10,0,1,6,2,25,5,2.5895,2.5895
308,170,116,4,10,0,1,6,2,25,5,2.5895,2.5895
280,165,30,6,10,0,1,4,2,35,5,4.8505,4.8505
281,165,42,5,9,0,1,4,2,30,5,4.153,4.153
114,54,170,4,10,0,1,6,2,26,5,2.662,2.662
307,170,54,4,10,0,1,6,2,26,5,2.662,2.662
337,177,165,6,9,0,1,3,2,29,5,3.811,3.811
316,170,165,6,9,0,1,3,2,29,5,4.178,4.178
141,89,165,6,9,0,1,3,2,33,5,4.2955,4.2955
296,165,177,6,9,0,1,3,2,29,5,3.811,3.811
294,165,170,6,9,0,1,3,2,29,5,4.178,4.178
284,165,89,6,9,0,1,3,2,33,5,4.2955,4.2955
135,89,116,5,10,0,1,5,2,32,5,2.707,2.707
132,89,54,5,10,0,1,5,2,33,5,2.7795,2.7795
