demandID,SourceID,DestinationID,MinDelay,MaxDelay,Bandwidth,Ishotstandby,DelayDifference,DisjointType,WorkOptCostRangeType,MinCostDelay,MinDelayDelay
49,247,465,179.4,187.8,10,1,0,0,23000,5,66,42
65,309,454,170.7,178.9,10,1,0,0,23500,5,60,41
151,203,458,191.3,201.1,10,1,0,0,33332,5,59,49
155,116,451,282.7,296.9,10,1,0,0,72496,5,91,71
170,43,451,207.1,217.7,10,1,0,0,52498,5,64,53
105,47,464,159.6,167.2,10,1,0,0,36332,5,62,38
131,218,460,174.8,183.6,10,1,0,0,30166,5,56,44
157,43,451,207.1,217.7,10,1,0,0,52498,5,64,53
42,309,454,170.7,178.9,10,1,0,0,23500,5,60,41
104,305,457,193,203,10,1,0,0,37332,5,58,50
102,171,459,188.9,198.3,10,1,0,0,37332,5,62,47
168,42,452,151.6,159.2,10,1,0,0,34332,5,49,38
137,250,464,178.1,186.7,10,1,0,0,41332,5,62,43
60,128,452,177.5,186.5,10,1,0,0,42498,5,56,45
174,41,463,170.1,178.7,10,1,0,0,32666,5,54,43
43,201,462,207.7,217.9,10,1,0,0,35166,5,70,51
103,283,466,199.7,209.9,10,1,0,0,34166,5,62,51
21,199,443,164.6,172.2,10,1,0,0,25000,5,62,38
149,129,452,188.6,198.2,10,1,0,0,50830,5,59,48
54,171,458,192.6,202.2,10,1,0,0,33332,5,63,48
33,258,457,244.7,256.9,10,1,0,0,39666,5,80,61
139,263,460,211.8,222.6,10,1,0,0,48998,5,66,54
180,15,457,196.7,206.9,10,1,0,0,38832,5,59,51
119,256,461,244.7,256.9,10,1,0,0,54998,5,80,61
140,202,460,203,213,10,1,0,0,40332,5,68,50
16,200,443,209,219,10,1,0,0,30000,5,74,50
11,422,442,165.1,173.7,10,1,0,0,26500,5,49,43
61,251,462,237.3,249.1,10,1,0,0,50998,5,92,59
108,74,457,204.1,214.7,10,1,0,0,37332,5,61,53
115,99,454,237.3,249.1,10,1,0,0,51832,5,78,59
56,81,458,229.8,240.6,10,1,0,0,43998,5,90,54
72,29,454,196.6,206.2,10,1,0,0,37666,5,67,48
159,269,454,222.5,233.5,10,1,0,0,50498,5,55,55
161,283,463,240.4,252.8,10,1,0,0,41166,5,73,62
87,251,456,244.7,256.9,10,1,0,0,54498,5,80,61
146,429,465,246.3,258.1,10,1,0,0,63164,5,70,59
171,44,458,249,261,10,1,0,0,55664,5,87,60
164,292,451,291.7,305.9,10,1,0,0,81662,5,100,71
83,404,463,275.4,289.8,10,1,0,0,71996,5,72,72
97,140,460,240,252,10,1,0,0,61496,5,78,60
178,107,454,289.1,303.7,10,1,0,0,71830,5,92,73
111,294,465,260.2,273.4,10,1,0,0,69830,5,82,66
117,305,454,215.1,225.7,10,1,0,0,46832,5,53,53
122,70,462,179.5,188.5,10,1,0,0,33166,5,58,45
106,351,451,336.3,354.1,10,1,0,0,105660,5,96,89
112,81,466,228.4,238.8,10,1,0,0,49998,5,88,52
176,282,462,281.1,295.7,10,1,0,0,53332,5,84,73
91,44,459,245.3,257.1,10,1,0,0,63664,5,86,59
166,54,459,249.7,261.9,10,1,0,0,58164,5,85,61
89,75,466,205.8,216.6,10,1,0,0,46498,5,60,54
50,80,465,268.2,281.4,10,1,0,0,52332,5,90,66
147,183,457,226.3,236.1,10,1,0,0,54830,5,94,49
113,141,466,292.9,306.3,10,1,0,0,67330,5,112,67
142,141,459,320.9,336.3,10,1,0,0,88328,5,113,77
82,245,457,255.2,268.4,10,1,0,0,54332,5,77,66
158,328,459,313.1,329.7,10,1,0,0,92494,5,89,83
143,283,456,244.1,256.7,10,1,0,0,48666,5,74,63
24,58,446,262.4,274.8,10,1,0,0,54832,5,95,62
132,394,454,263.2,276.4,10,1,0,0,76996,5,66,66
62,326,460,289.5,304.5,10,1,0,0,73496,5,87,75
101,374,452,302.3,318.1,10,1,0,0,113492,5,89,79
100,11,457,281.1,295.7,10,1,0,0,64664,5,84,73
121,11,453,275.7,289.9,10,1,0,0,66496,5,84,71
134,223,454,266.9,280.3,10,1,0,0,75996,5,86,67
127,16,454,274.3,288.1,10,1,0,0,78496,5,88,69
175,256,456,296.5,311.5,10,1,0,0,74496,5,94,75
79,141,458,324.6,340.2,10,1,0,0,74830,5,114,78
59,10,460,317.1,333.7,10,1,0,0,73330,5,93,83
22,113,438,364.8,383.6,10,1,0,0,106660,5,111,94
128,16,454,274.3,288.1,10,1,0,0,78496,5,88,69
58,75,462,242.8,255.6,10,1,0,0,52498,5,70,64
126,130,460,297.1,311.7,10,1,0,0,66664,5,100,73
18,168,445,243.1,255.7,10,1,0,0,54998,5,73,63
133,17,457,322.5,339.5,10,1,0,0,89662,5,93,85
135,428,459,294.6,310.2,10,1,0,0,88994,5,84,78
124,141,463,333.6,349.2,10,1,0,0,89328,5,123,78
31,89,454,326.7,342.9,10,1,0,0,90162,5,89,81
179,350,462,344.9,362.3,10,1,0,0,102326,5,110,87
153,143,457,326.2,343.4,10,1,0,0,85496,5,94,86
93,352,463,342,360,10,1,0,0,96994,5,90,90
46,255,456,315,331,10,1,0,0,88662,5,99,80
29,216,450,297.1,311.7,10,1,0,0,62498,5,100,73
25,91,446,336.4,352.8,10,1,0,0,83996,5,115,82
173,131,458,335.6,353.2,10,1,0,0,83996,5,96,88
53,266,462,337.3,355.1,10,1,0,0,99994,5,97,89
167,216,460,277.7,291.9,10,1,0,0,57498,5,86,71
110,141,464,337.3,353.1,10,1,0,0,92828,5,124,79
162,280,453,315.3,331.1,10,1,0,0,98826,5,102,79
130,89,459,298.5,313.5,10,1,0,0,81662,5,96,75
67,266,458,345,363,10,1,0,0,102326,5,102,90
36,131,457,335.3,353.1,10,1,0,0,91828,5,106,89
30,327,453,335.7,351.9,10,1,0,0,106492,5,117,81
141,11,452,225.6,237.2,10,1,0,0,42666,5,69,58
138,22,454,340.9,358.3,10,1,0,0,107660,5,106,87
177,105,454,403.8,424.6,10,1,0,0,123492,5,123,104
118,376,463,271.7,285.9,10,1,0,0,92828,5,71,71
14,73,445,291.2,306.4,10,1,0,0,73996,5,86,76
182,242,462,392.1,412.7,10,1,0,0,117492,5,114,103
123,225,454,374.2,393.4,10,1,0,0,115992,5,115,96
17,36,450,357,375,10,1,0,0,94162,5,114,90
165,374,457,357.8,376.6,10,1,0,0,144988,5,104,94
19,223,445,365.2,384.4,10,1,0,0,110826,5,106,96
69,21,454,381.6,401.2,10,1,0,0,131824,5,98,98
15,75,446,353.5,370.5,10,1,0,0,93328,5,124,85
88,351,466,351.1,369.7,10,1,0,0,102660,5,100,93
152,240,454,407.5,428.5,10,1,0,0,127658,5,124,105
64,241,464,428.4,450.8,10,1,0,0,135324,5,126,112
23,117,445,451,473,10,1,0,0,140824,5,154,110
45,330,455,207.1,217.7,10,1,0,0,45332,5,64,53
41,180,454,252.1,264.7,10,1,0,0,55332,5,82,63
47,295,466,214.5,225.5,10,1,0,0,58164,5,66,55
109,11,466,236.7,248.9,10,1,0,0,40666,5,72,61
125,429,457,252.4,264.8,10,1,0,0,72496,5,68,62
35,283,452,188.6,198.2,10,1,0,0,34166,5,59,48
34,252,461,196.6,206.2,10,1,0,0,52664,5,67,48
57,2,463,185.5,194.5,10,1,0,0,33666,5,64,45
169,138,454,171.2,178.4,10,1,0,0,45498,5,74,36
10,13,446,273.5,286.5,10,1,0,0,58998,5,65,65
74,402,463,194,204,10,1,0,0,39500,5,50,50
27,225,445,472.5,497.5,10,1,0,0,160822,5,135,125
77,200,465,164.6,172.2,10,1,0,0,23000,5,62,38
38,137,456,167,175,10,1,0,0,35332,5,59,40
148,83,457,144.9,152.3,10,1,0,0,32832,5,45,37
32,11,455,244.1,256.7,10,1,0,0,45166,5,74,63
13,188,448,173.8,182.6,10,1,0,0,28000,5,55,44
94,268,454,241,253,10,1,0,0,62664,5,60,60
71,286,454,170.7,178.9,10,1,0,0,31666,5,41,41
78,275,460,182.2,191.4,10,1,0,0,38832,5,58,46
145,2,458,176.5,185.5,10,1,0,0,30666,5,55,45
99,45,464,137.4,143.8,10,1,0,0,26000,5,51,32
75,0,452,155.3,163.1,10,1,0,0,28000,5,50,39
96,247,458,172.8,181.6,10,1,0,0,25500,5,54,44
