demandID,SourceID,DestinationID,MinDelay,MaxDelay,Bandwidth,Ishotstandby,DelayDifference,DisjointType,WorkOptCostRangeType,MinCostDelay,MinDelayDelay
196,87,480,160.3,168.1,10,1,0,0,17500,5,62,39
223,329,461,234.3,246.1,10,1,0,0,37832,5,82,59
262,284,462,180.3,188.1,10,1,0,0,18000,5,52,39
165,58,467,178.4,186.8,10,1,0,0,28832,5,65,42
34,64,477,206.6,216.2,10,1,0,0,37998,5,77,48
170,297,479,202.9,212.3,10,1,0,0,26666,5,54,47
168,198,461,208.4,218.8,10,1,0,0,28166,5,75,52
264,157,462,196.9,206.3,10,1,0,0,27166,5,77,47
53,382,463,192.3,202.1,10,1,0,0,40998,5,49,49
268,89,461,256.5,269.5,10,1,0,0,42832,5,88,65
104,155,469,188.1,196.7,10,1,0,0,18000,5,49,43
152,203,469,185.8,194.6,10,1,0,0,20000,5,44,44
77,194,466,175.5,184.5,10,1,0,0,25666,5,54,45
232,263,462,195.7,205.9,10,1,0,0,33332,5,79,51
149,87,466,194.6,204.2,10,1,0,0,21500,5,51,48
226,207,474,177.7,185.9,10,1,0,0,18000,5,67,41
205,10,469,193.2,202.4,10,1,0,0,27666,5,46,46
234,212,462,182.1,190.7,10,1,0,0,27166,5,73,43
184,164,475,199.2,208.4,10,1,0,0,30666,5,53,46
169,190,479,237.6,249.2,10,1,0,0,32666,5,58,58
178,10,474,168,176,10,1,0,0,24666,5,40,40
127,88,462,245,257,10,1,0,0,32166,5,90,60
69,94,465,242.1,254.7,10,1,0,0,42332,5,72,63
49,381,479,218.2,229.4,10,1,0,0,50330,5,56,56
218,35,467,233.9,245.3,10,1,0,0,32666,5,57,57
52,32,462,273.4,287.8,10,1,0,0,56664,5,79,72
275,286,480,250.2,263.4,10,1,0,0,41332,5,72,66
171,325,470,237.6,249.2,10,1,0,0,31166,5,81,58
190,51,462,240.9,252.3,10,1,0,0,38832,5,87,57
137,125,462,259.8,272.6,10,1,0,0,43832,5,71,64
43,190,463,241.3,253.1,10,1,0,0,34666,5,59,59
67,206,462,240.1,252.7,10,1,0,0,44664,5,70,63
114,136,477,304.6,320.2,10,1,0,0,65830,5,78,78
140,121,464,239,251,10,1,0,0,30166,5,63,60
199,95,462,254.3,266.1,10,1,0,0,34666,5,72,59
145,93,478,265,279,10,1,0,0,48998,5,76,70
126,318,480,267.6,281.2,10,1,0,0,58164,5,91,68
214,93,479,287.2,302.4,10,1,0,0,49998,5,83,76
130,94,476,231.7,243.9,10,1,0,0,38332,5,67,61
278,335,462,285.3,299.1,10,1,0,0,43332,5,99,69
44,318,476,249.1,261.7,10,1,0,0,54164,5,63,63
45,406,461,290.1,304.7,10,1,0,0,66664,5,100,73
191,260,472,211.6,221.2,10,1,0,0,27000,5,59,48
83,402,478,214.5,225.5,10,1,0,0,34666,5,55,55
150,163,473,221.4,231.8,10,1,0,0,39332,5,58,52
38,268,463,246.5,259.5,10,1,0,0,54664,5,71,65
163,197,475,222.8,233.6,10,1,0,0,26500,5,77,54
91,126,480,256.5,269.5,10,1,0,0,50498,5,65,65
277,267,463,253.9,267.3,10,1,0,0,61330,5,73,67
279,245,480,268.7,282.9,10,1,0,0,55664,5,77,71
72,101,478,245.4,257.8,10,1,0,0,51164,5,62,62
280,8,475,200.6,210.2,10,1,0,0,43998,5,49,48
102,7,469,233.9,245.3,10,1,0,0,52664,5,57,57
281,40,462,258.6,272.2,10,1,0,0,50498,5,96,68
109,204,474,230.9,242.3,10,1,0,0,35666,5,57,57
246,189,469,230.2,241.4,10,1,0,0,26000,5,56,56
79,214,464,261.2,274.4,10,1,0,0,46498,5,69,66
88,323,475,285.7,299.9,10,1,0,0,50498,5,94,71
81,45,463,298.3,314.1,10,1,0,0,50998,5,85,79
192,201,480,282.7,296.9,10,1,0,0,58164,5,75,71
252,143,479,315.3,331.1,10,1,0,0,49332,5,79,79
238,69,462,303,319,10,1,0,0,54998,5,108,80
21,11,459,230.2,241.4,10,1,0,0,28000,5,56,56
112,259,472,230.1,240.7,10,1,0,0,35666,5,64,53
131,118,468,239.3,251.1,10,1,0,0,38666,5,80,59
76,100,475,259,271,10,1,0,0,52498,5,83,60
182,293,461,324.2,341.4,10,1,0,0,75330,5,92,86
105,247,467,269.5,282.5,10,1,0,0,44332,5,93,65
99,349,474,264.2,277.4,10,1,0,0,59996,5,86,66
92,400,477,231.7,243.9,10,1,0,0,38500,5,67,61
227,349,474,264.2,277.4,10,1,0,0,59996,5,86,66
82,70,479,293.9,309.3,10,1,0,0,57664,5,107,77
142,104,480,332.8,349.6,10,1,0,0,66330,5,106,84
260,300,472,257.4,269.8,10,1,0,0,38666,5,62,62
138,44,480,346.4,364.8,10,1,0,0,64664,5,98,92
263,415,463,266.3,280.1,10,1,0,0,58664,5,69,69
143,90,464,324.1,340.7,10,1,0,0,54498,5,86,83
215,201,463,286.4,300.8,10,1,0,0,59164,5,76,72
94,123,471,252.8,265.6,10,1,0,0,40498,5,64,64
135,123,475,259.8,272.6,10,1,0,0,43832,5,65,64
58,46,467,288,302,10,1,0,0,46332,5,98,70
87,268,466,279.1,293.7,10,1,0,0,58664,5,82,73
204,286,473,284.3,298.1,10,1,0,0,46332,5,75,69
241,236,467,259,271,10,1,0,0,51332,5,82,60
203,423,464,263.3,277.1,10,1,0,0,41166,5,77,69
271,329,475,307.1,321.7,10,1,0,0,48832,5,96,73
220,24,467,270.1,282.7,10,1,0,0,53832,5,85,63
219,158,473,273.8,286.6,10,1,0,0,46832,5,87,64
144,160,463,271.3,285.1,10,1,0,0,58164,5,69,69
243,6,467,256.3,268.1,10,1,0,0,61330,5,59,59
54,258,472,259.7,271.9,10,1,0,0,45332,5,72,61
75,201,478,260.5,273.5,10,1,0,0,51164,5,69,65
183,32,475,315.3,331.1,10,1,0,0,64664,5,80,79
282,316,470,271.3,285.1,10,1,0,0,47832,5,92,69
106,202,475,273.2,286.4,10,1,0,0,56664,5,72,66
111,413,478,244.1,256.7,10,1,0,0,43832,5,63,63
259,413,478,244.1,256.7,10,1,0,0,43832,5,63,63
200,28,478,349,367,10,1,0,0,79496,5,90,90
187,354,463,329.5,346.5,10,1,0,0,98326,5,100,85
37,296,470,280.6,294.2,10,1,0,0,50332,5,74,68
167,334,475,370.8,389.6,10,1,0,0,65498,5,117,94
222,285,470,280.6,294.2,10,1,0,0,43666,5,74,68
213,230,474,283.9,297.3,10,1,0,0,71662,5,90,67
39,248,472,285.6,299.2,10,1,0,0,43666,5,79,68
157,230,469,307.1,321.7,10,1,0,0,48832,5,96,73
22,108,458,293.1,307.7,10,1,0,0,42166,5,73,73
107,121,469,307.1,321.7,10,1,0,0,42166,5,73,73
89,162,478,213.2,224.4,10,1,0,0,39998,5,62,56
120,423,476,283,297,10,1,0,0,52166,5,96,70
267,340,473,326.4,342.8,10,1,0,0,56332,5,82,82
228,425,479,293.2,308.4,10,1,0,0,64498,5,88,76
265,303,462,343.7,361.9,10,1,0,0,90494,5,98,91
121,121,467,284.9,298.3,10,1,0,0,57164,5,67,67
123,101,466,301.9,317.3,10,1,0,0,77328,5,80,77
202,12,470,285.7,299.9,10,1,0,0,43666,5,71,71
117,133,470,319.4,335.8,10,1,0,0,57832,5,105,82
110,144,470,319,335,10,1,0,0,53666,5,80,80
36,329,469,321.9,337.3,10,1,0,0,53832,5,100,77
177,256,471,309.4,325.8,10,1,0,0,65664,5,88,82
95,291,479,372.3,392.1,10,1,0,0,88662,5,106,99
134,267,467,299.1,313.7,10,1,0,0,77330,5,101,73
194,93,469,358.3,376.1,10,1,0,0,65498,5,95,89
18,259,455,317.9,333.3,10,1,0,0,52166,5,83,77
185,293,462,357.1,375.7,10,1,0,0,94994,5,106,93
251,245,466,305,321,10,1,0,0,71664,5,89,80
14,270,456,317.7,333.9,10,1,0,0,60832,5,95,81
164,13,475,309.9,325.3,10,1,0,0,51332,5,80,77
155,115,462,273.4,287.8,10,1,0,0,56664,5,100,72
159,158,468,315.7,331.9,10,1,0,0,75662,5,107,81
46,416,463,315.4,331.8,10,1,0,0,72830,5,94,82
250,199,474,302.4,316.8,10,1,0,0,73662,5,95,72
253,416,480,311.7,327.9,10,1,0,0,72830,5,93,81
26,18,457,309.6,325.2,10,1,0,0,49666,5,99,78
13,9,455,319.3,335.1,10,1,0,0,60332,5,79,79
66,40,474,290.1,304.7,10,1,0,0,78828,5,94,73
96,92,462,353.4,371.8,10,1,0,0,90494,5,105,92
239,160,471,300.9,316.3,10,1,0,0,65164,5,77,77
60,162,470,332.4,348.8,10,1,0,0,66998,5,88,82
258,335,472,346.2,363.4,10,1,0,0,79162,5,109,86
30,380,447,300.5,315.5,10,1,0,0,63164,5,112,75
225,266,467,332.8,349.6,10,1,0,0,95160,5,105,84
197,319,474,320.9,336.3,10,1,0,0,86162,5,100,77
128,209,472,330,346,10,1,0,0,58332,5,86,80
103,319,474,320.9,336.3,10,1,0,0,86162,5,100,77
108,234,467,340.4,356.8,10,1,0,0,89994,5,104,82
151,424,477,315.4,331.8,10,1,0,0,85662,5,94,82
40,256,466,312.4,328.8,10,1,0,0,86494,5,91,82
48,210,467,311.1,325.7,10,1,0,0,63998,5,91,73
261,206,470,322.7,338.9,10,1,0,0,58664,5,81,81
97,291,463,376,396,10,1,0,0,111492,5,106,100
272,41,474,338.2,355.4,10,1,0,0,90662,5,107,86
180,234,474,339.4,355.8,10,1,0,0,91994,5,105,82
273,379,477,335.3,353.1,10,1,0,0,87328,5,89,89
256,209,474,299.6,313.2,10,1,0,0,69830,5,74,68
179,287,472,352.2,369.4,10,1,0,0,88328,5,97,86
181,54,476,232.8,243.6,10,1,0,0,52830,5,87,54
101,137,473,388.5,407.5,10,1,0,0,94328,5,95,95
33,322,472,342.5,359.5,10,1,0,0,92494,5,108,85
230,13,474,321.5,336.5,10,1,0,0,80662,5,77,75
119,426,463,356.1,374.7,10,1,0,0,96994,5,105,93
209,107,472,361,379,10,1,0,0,83662,5,90,90
133,341,467,378.2,397.4,10,1,0,0,92660,5,96,96
148,354,473,357.9,375.3,10,1,0,0,105826,5,102,87
175,90,469,392.2,411.4,10,1,0,0,85496,5,119,96
210,332,473,378.2,397.4,10,1,0,0,100160,5,119,96
17,149,456,370.9,390.3,10,1,0,0,80496,5,105,97
51,45,472,392.9,412.3,10,1,0,0,92828,5,108,97
245,70,472,369.2,388.4,10,1,0,0,91994,5,131,96
15,142,458,393,413,10,1,0,0,91328,5,100,100
25,407,448,328.1,344.7,10,1,0,0,82496,5,101,83
276,234,472,368.8,387.6,10,1,0,0,97494,5,122,94
32,257,456,380.6,400.2,10,1,0,0,93828,5,112,98
161,136,478,319.4,335.8,10,1,0,0,69330,5,82,82
195,428,473,406.8,427.6,10,1,0,0,121492,5,126,104
35,159,476,241.7,253.9,10,1,0,0,49498,5,61,61
174,99,470,226.9,238.3,10,1,0,0,44832,5,80,57
80,104,468,406.8,427.6,10,1,0,0,106992,5,126,104
242,307,474,390,410,10,1,0,0,120658,5,100,100
28,372,450,316.8,333.6,10,1,0,0,71664,5,116,84
74,136,470,415.6,437.2,10,1,0,0,106994,5,131,108
29,141,459,437.4,459.8,10,1,0,0,105494,5,112,112
172,331,474,387.5,406.5,10,1,0,0,109826,5,118,95
27,162,453,388.2,407.4,10,1,0,0,95328,5,103,96
90,249,471,158.5,165.5,10,1,0,0,18000,5,41,35
154,137,472,431.7,453.9,10,1,0,0,120326,5,116,111
50,426,477,389.4,409.8,10,1,0,0,118326,5,114,102
201,261,470,191.2,200.4,10,1,0,0,27000,5,67,46
269,316,465,187.2,196.4,10,1,0,0,38832,5,49,46
224,317,476,204.7,214.9,10,1,0,0,45498,5,51,51
146,300,473,193.2,202.4,10,1,0,0,29666,5,46,46
255,428,477,459.7,483.9,10,1,0,0,159988,5,133,121
23,161,446,240.3,252.1,10,1,0,0,50164,5,81,59
61,95,464,219.9,231.3,10,1,0,0,27666,5,66,57
100,34,462,259.4,271.8,10,1,0,0,46332,5,69,62
