demandID,SourceID,DestinationID,MinDelay,MaxDelay,Bandwidth,Ishotstandby,DelayDifference,DisjointType,WorkOptCostRangeType,MinCostDelay,MinDelayDelay
71,83,464,195.7,205.9,10,0,0,-1,38498,5,51,51
7,344,457,62.2,63.6,10,0,0,-1,18000,3,65,51
4,354,457,104.2,105.6,10,0,0,-1,51330,3,107,93
17,241,456,167.6,175.2,10,0,0,-1,24666,5,65,38
3,426,457,50.2,51.6,10,0,0,-1,18000,3,53,39
95,274,464,180.9,190.3,10,0,0,-1,25666,5,54,47
78,299,454,171.8,180.6,10,0,0,-1,20000,5,60,44
2,189,462,70.8,73.9,10,0,0,-1,25666,5,62,46
123,203,464,154.6,162.2,10,0,0,-1,19500,5,45,38
103,310,460,180.9,190.3,10,0,0,-1,18500,5,54,47
37,240,455,203.1,213.7,10,0,0,-1,32332,5,60,53
66,426,457,158.3,166.1,10,0,0,-1,19000,5,53,39
32,257,458,177.2,186.4,10,0,0,-1,46164,5,47,46
69,228,464,166.1,174.7,10,0,0,-1,26166,5,50,43
49,232,464,217.9,229.3,10,0,0,-1,32832,5,57,57
6,327,466,113.6,116.3,10,0,0,-1,59662,3,117,92
96,219,466,173.8,182.6,10,0,0,-1,27166,5,46,44
40,270,458,198.4,208.8,10,0,0,-1,33832,5,52,52
94,112,461,214.2,225.4,10,0,0,-1,40998,5,87,56
5,432,457,111.2,112.6,10,0,0,-1,57996,3,114,100
25,18,458,164,172,10,0,0,-1,30832,5,56,40
86,380,461,180.9,190.3,10,0,0,-1,20000,5,54,47
63,189,462,201.2,210.4,10,0,0,-1,28666,5,62,46
21,18,454,190.3,200.1,10,0,0,-1,32332,5,58,49
20,297,462,223.8,234.6,10,0,0,-1,35832,5,78,54
62,138,462,209,219,10,0,0,-1,35832,5,74,50
91,127,462,209,219,10,0,0,-1,35832,5,74,50
51,105,458,224.3,236.1,10,0,0,-1,42498,5,59,59
89,269,464,203.1,213.7,10,0,0,-1,29166,5,60,53
121,123,453,279,293,10,0,0,-1,65996,5,90,70
0,123,466,108.6,110.8,10,0,0,-1,60662,3,111,91
122,308,458,170.8,179.6,10,0,0,-1,27666,5,59,44
67,309,458,198,208,10,0,0,-1,23000,5,57,50
11,124,438,270.7,284.9,10,0,0,-1,59830,5,79,71
102,340,465,177.2,186.4,10,0,0,-1,22500,5,53,46
65,382,458,201.7,211.9,10,0,0,-1,36332,5,58,51
119,344,457,202.7,212.9,10,0,0,-1,23500,5,65,51
42,340,463,192,202,10,0,0,-1,22500,5,57,50
120,309,462,210.5,221.5,10,0,0,-1,23000,5,71,55
24,120,464,203.1,213.7,10,0,0,-1,50664,5,60,53
16,375,462,229.9,241.3,10,0,0,-1,43498,5,85,57
10,125,444,246.5,259.5,10,0,0,-1,51664,5,71,65
64,187,455,229,241,10,0,0,-1,43498,5,67,60
116,20,464,236.4,248.8,10,0,0,-1,35332,5,62,62
100,42,456,212.4,222.8,10,0,0,-1,31166,5,52,52
107,188,467,217.9,229.3,10,0,0,-1,37332,5,64,57
106,334,453,258.6,272.2,10,0,0,-1,37166,5,75,68
90,170,456,230.5,241.5,10,0,0,-1,31666,5,82,55
28,384,467,256.9,270.3,10,0,0,-1,51664,5,76,67
99,199,458,247.5,260.5,10,0,0,-1,46998,5,66,65
1,66,458,120,121.5,10,0,0,-1,60662,5,117,108
85,382,460,240.1,252.7,10,0,0,-1,40332,5,70,63
38,233,464,240.1,252.7,10,0,0,-1,47498,5,63,63
104,361,464,247.5,260.5,10,0,0,-1,39332,5,65,65
56,127,464,243.8,256.6,10,0,0,-1,40332,5,71,64
75,222,464,251.2,264.4,10,0,0,-1,54664,5,66,66
61,307,465,216.2,227.4,10,0,0,-1,40332,5,65,56
112,76,464,262.3,276.1,10,0,0,-1,56164,5,69,69
115,283,456,267.9,281.3,10,0,0,-1,61830,5,67,67
15,319,461,266,280,10,0,0,-1,36166,5,77,70
13,112,468,239,251,10,0,0,-1,46498,5,81,60
72,49,458,283.5,298.5,10,0,0,-1,62830,5,75,75
53,49,458,283.5,298.5,10,0,0,-1,62830,5,75,75
57,421,464,277.1,291.7,10,0,0,-1,55164,5,73,73
30,58,466,233,245,10,0,0,-1,28500,5,62,60
33,256,466,233,245,10,0,0,-1,48498,5,62,60
77,417,459,243.8,256.6,10,0,0,-1,42832,5,71,64
74,270,466,266.3,280.1,10,0,0,-1,42332,5,69,69
59,319,459,251.2,264.4,10,0,0,-1,38166,5,73,66
48,134,454,280.4,294.8,10,0,0,-1,54664,5,86,72
18,302,465,242.1,254.7,10,0,0,-1,42332,5,72,63
88,393,455,302.9,318.3,10,0,0,-1,68996,5,95,77
97,415,464,228.6,240.2,10,0,0,-1,30500,5,65,58
55,340,464,239.7,251.9,10,0,0,-1,30500,5,68,61
87,237,469,294.5,309.5,10,0,0,-1,63330,5,92,75
43,238,461,288.2,303.4,10,0,0,-1,57664,5,107,76
110,108,462,322.8,339.6,10,0,0,-1,71496,5,105,84
8,208,445,243.1,255.7,10,0,0,-1,38332,5,73,63
14,7,456,282.7,296.9,10,0,0,-1,67996,5,91,71
44,211,464,288.2,303.4,10,0,0,-1,49498,5,76,76
31,417,465,269.7,283.9,10,0,0,-1,46332,5,78,71
114,110,463,314.1,330.7,10,0,0,-1,66330,5,90,83
118,125,464,299.3,315.1,10,0,0,-1,58664,5,86,79
36,238,465,299.3,315.1,10,0,0,-1,60164,5,86,79
27,318,458,312.7,328.9,10,0,0,-1,53832,5,88,81
23,237,468,335.2,352.4,10,0,0,-1,70830,5,107,86
79,305,459,286.5,301.5,10,0,0,-1,61164,5,84,75
73,281,454,331.6,349.2,10,0,0,-1,69330,5,94,88
117,238,456,330.4,346.8,10,0,0,-1,64664,5,109,82
84,339,464,277.1,291.7,10,0,0,-1,41832,5,73,73
50,109,454,321.5,338.5,10,0,0,-1,75162,5,92,85
92,339,464,277.1,291.7,10,0,0,-1,41832,5,73,73
68,109,454,321.5,338.5,10,0,0,-1,75162,5,92,85
29,70,464,306.7,322.9,10,0,0,-1,43166,5,81,81
108,281,467,331.6,349.2,10,0,0,-1,69830,5,105,88
60,62,466,321.8,338.6,10,0,0,-1,57498,5,86,84
93,354,457,358.1,376.7,10,0,0,-1,75330,5,107,93
109,193,466,336.6,354.2,10,0,0,-1,52332,5,90,88
81,62,464,325.2,342.4,10,0,0,-1,58998,5,86,86
113,157,469,358.5,377.5,10,0,0,-1,79996,5,102,95
35,37,462,349.6,367.2,10,0,0,-1,58998,5,112,88
46,159,462,349.6,367.2,10,0,0,-1,72330,5,112,88
83,434,458,398.5,419.5,10,0,0,-1,74664,5,116,105
70,184,468,361.1,379.7,10,0,0,-1,84496,5,114,93
80,327,467,332.1,348.7,10,0,0,-1,76996,5,108,83
12,427,441,296.9,312.3,10,0,0,-1,43666,5,89,77
76,160,464,362.2,381.4,10,0,0,-1,72164,5,96,96
101,432,457,384,404,10,0,0,-1,81996,5,114,100
45,348,460,355.1,373.7,10,0,0,-1,65498,5,104,93
98,194,464,377,397,10,0,0,-1,81662,5,100,100
9,293,449,392.1,412.7,10,0,0,-1,75164,5,114,103
41,419,460,377.3,397.1,10,0,0,-1,74664,5,111,99
26,123,466,358.7,376.9,10,0,0,-1,80996,5,111,91
22,294,466,381.1,399.7,10,0,0,-1,75830,5,121,93
58,66,458,414.6,436.2,10,0,0,-1,99994,5,117,108
54,79,466,425.4,447.8,10,0,0,-1,112326,5,123,112
52,157,456,400.4,420.8,10,0,0,-1,104660,5,112,102
105,327,466,367.4,385.8,10,0,0,-1,87496,5,117,92
34,354,465,377.3,397.1,10,0,0,-1,98994,5,117,99
111,354,465,377.3,397.1,10,0,0,-1,98994,5,117,99
47,325,464,403.2,424.4,10,0,0,-1,93828,5,110,106
19,352,454,484.5,509.5,10,0,0,-1,120326,5,154,125
82,317,464,402.5,423.5,10,0,0,-1,89162,5,119,105
39,196,466,438.7,460.9,10,0,0,-1,101494,5,130,111
